Section,Numeric Data,latitudine,longitudine,Nodo da,Nodo a
0.127 1.1 6 1,"[24, 0, 12, 12, 12, 24, 0, 24, 0, 60, 0, 12, 12, 12, 0, 0, 0, 24, 0, 0, 12, 24, 12, 0, 0, 0, 12, 24, 0, 0, 0, 0, 0, 0, 12, 0, 0, 0, 0, 0, 0, 0, 0, 0, 0, 0, 0, 0, 0, 0, 12, 0, 0, 0, 0, 0, 12, 12, 24, 0, 0, 0, 12, 12, 0, 0, 12, 0, 0, 0, 12, 24, 12, 0, 0, 0, 12, 24, 0, 0, 0, 12, 12, 48, 48, 12, 0, 12, 12, 36, 36, 84, 36, 36, 72, 36, 48, 60, 72, 108, 60, 60, 24, 84, 72, 108, 0, 72, 96, 36, 48, 60, 72, 48, 72, 24, 108, 12, 36, 36, 60, 108, 48, 36, 36, 108, 24, 60, 12, 24, 24, 48, 12, 24, 48, 72, 12, 36, 60, 84, 36, 36, 48, 72, 36, 36, 12, 24, 48, 48, 12, 48, 84, 72, 48, 84, 60, 36, 48, 48, 48, 60, 24, 12, 24, 24, 60, 36, 24, 36, 12, 36, 36, 48, 36, 60, 48, 72, 24, 12, 36, 24, 36, 36, 24, 36, 60, 24, 36, 72, 72, 84, 84, 84, 60, 36, 24, 48, 48, 72, 84, 36, 24, 48, 0, 24, 12, 60, 72, 48, 12, 48, 36, 48, 36, 12, 0, 60, 36, 24, 12, 24, 36, 36, 84, 0, 36, 36, 36, 0, 36, 48, 24, 36, 24, 72, 48, 24, 12, 60, 36, 84, 48, 48, 96, 48, 84, 48, 12, 12, 12, 36, 24, 36, 36, 36, 24, 48, 36, 60, 24, 24, 24, 36, 12, 0, 60, 24, 24, 24, 24, 12, 60, 48, 12, 12, 24, 12, 36, 48, 36, 12, 0, 48, 48, 36, 0, 36]",44.4985349106485,11.3541657967424,10464,10461.0
0.127 1.3 2 1,"[36, 12, 48, 12, 48, 36, 12, 24, 0, 12, 24, 0, 0, 0, 0, 24, 48, 12, 48, 12, 0, 0, 0, 12, 12, 0, 12, 0, 0, 0, 0, 0, 12, 0, 0, 0, 12, 0, 12, 0, 0, 24, 0, 24, 24, 12, 0, 0, 12, 0, 0, 12, 0, 12, 0, 12, 12, 12, 12, 12, 0, 12, 0, 0, 12, 12, 0, 12, 12, 24, 24, 12, 0, 0, 0, 0, 0, 24, 12, 36, 36, 36, 36, 36, 48, 24, 12, 36, 36, 96, 72, 60, 84, 264, 108, 36, 48, 0, 12, 60, 48, 144, 108, 84, 96, 144, 120, 84, 60, 144, 96, 96, 108, 48, 72, 12, 84, 96, 60, 48, 120, 96, 108, 60, 72, 132, 48, 60, 36, 108, 120, 48, 48, 132, 84, 48, 108, 72, 48, 24, 84, 72, 48, 96, 60, 108, 132, 108, 84, 96, 84, 108, 132, 72, 108, 72, 48, 24, 96, 48, 108, 120, 132, 120, 36, 132, 108, 216, 156, 132, 132, 96, 84, 72, 36, 96, 96, 72, 0, 12, 60, 120, 48, 24, 108, 72, 96, 72, 168, 48, 24, 108, 60, 84, 84, 96, 48, 144, 36, 108, 156, 144, 96, 60, 60, 72, 132, 144, 156, 84, 84, 60, 24, 72, 36, 132, 72, 108, 108, 120, 108, 72, 48, 84, 108, 144, 60, 60, 96, 84, 84, 72, 84, 108, 120, 108, 72, 48, 24, 48, 96, 144, 132, 84, 180, 84, 60, 48, 36, 72, 72, 72, 48, 48, 96, 36, 72, 36, 24, 72, 48, 60, 36, 24, 72, 48, 48, 48, 36, 48, 12, 36, 12, 60, 36, 24, 36, 72, 48, 72, 96, 12, 0, 36, 24, 36, 36, 0]",44.5003601607765,11.3492210523335,15183,15185.0
0.127 1.4 2 1,"[72, 48, 48, 72, 72, 48, 60, 48, 144, 36, 24, 72, 48, 24, 60, 24, 48, 48, 24, 24, 36, 24, 0, 12, 36, 0, 24, 36, 24, 48, 36, 12, 12, 12, 0, 0, 0, 0, 12, 0, 12, 0, 12, 0, 24, 12, 12, 0, 0, 12, 0, 0, 24, 12, 0, 24, 0, 36, 12, 24, 24, 36, 48, 36, 48, 60, 60, 24, 108, 48, 84, 72, 72, 60, 84, 96, 84, 48, 72, 132, 96, 120, 96, 180, 96, 132, 204, 156, 108, 120, 192, 168, 144, 228, 252, 192, 192, 180, 168, 228, 228, 228, 216, 168, 204, 180, 276, 228, 180, 288, 360, 336, 300, 240, 240, 300, 228, 240, 228, 204, 180, 180, 216, 276, 228, 252, 144, 156, 144, 240, 348, 276, 144, 240, 216, 156, 240, 168, 300, 204, 228, 240, 168, 204, 240, 204, 108, 156, 120, 120, 264, 144, 108, 156, 180, 120, 204, 252, 24, 336, 216, 48, 240, 192, 96, 240, 216, 216, 180, 276, 240, 204, 264, 180, 264, 252, 300, 180, 156, 276, 192, 168, 156, 204, 192, 156, 240, 204, 180, 180, 144, 204, 156, 168, 132, 192, 252, 204, 204, 228, 348, 192, 204, 168, 168, 144, 228, 180, 252, 228, 264, 240, 204, 216, 228, 240, 240, 228, 168, 312, 264, 240, 204, 312, 252, 276, 288, 276, 360, 240, 276, 264, 228, 240, 300, 300, 228, 192, 228, 156, 324, 288, 192, 252, 264, 252, 288, 240, 228, 312, 312, 240, 168, 192, 180, 132, 108, 168, 192, 132, 168, 180, 144, 144, 144, 96, 144, 84, 108, 120, 132, 180, 132, 96, 180, 156, 216, 96, 84, 168, 96, 156, 60, 108, 84, 72, 120, 144]",44.5008152038968,11.3474244254298,15179,15170.0
0.127 1.5 2 1,"[12, 36, 0, 36, 24, 48, 36, 24, 60, 0, 24, 36, 24, 0, 12, 24, 12, 60, 12, 0, 0, 0, 0, 0, 0, 12, 0, 24, 0, 24, 24, 12, 0, 0, 0, 0, 12, 0, 0, 0, 0, 12, 12, 0, 0, 0, 12, 12, 0, 0, 0, 0, 12, 24, 0, 24, 0, 0, 12, 0, 12, 0, 12, 24, 0, 12, 36, 0, 12, 0, 0, 0, 24, 60, 24, 0, 24, 60, 48, 60, 24, 24, 36, 12, 12, 12, 72, 120, 48, 84, 84, 84, 108, 84, 144, 48, 72, 84, 204, 72, 192, 180, 228, 288, 108, 192, 180, 192, 132, 156, 228, 132, 216, 192, 168, 168, 120, 216, 108, 84, 216, 192, 108, 108, 108, 168, 96, 264, 240, 204, 204, 168, 168, 144, 120, 228, 108, 120, 96, 144, 192, 204, 96, 168, 108, 144, 168, 132, 180, 132, 132, 132, 72, 144, 108, 120, 180, 120, 120, 108, 120, 108, 84, 132, 132, 168, 192, 192, 108, 96, 108, 120, 96, 144, 300, 192, 84, 180, 180, 84, 192, 312, 216, 264, 180, 216, 108, 192, 204, 228, 204, 156, 156, 168, 144, 144, 144, 204, 216, 192, 132, 168, 168, 192, 204, 168, 144, 72, 204, 192, 168, 84, 12, 132, 108, 180, 168, 168, 144, 72, 168, 120, 156, 96, 108, 60, 108, 144, 156, 84, 84, 144, 216, 48, 72, 132, 84, 84, 96, 192, 96, 84, 72, 72, 144, 132, 168, 72, 84, 60, 108, 84, 108, 108, 72, 24, 60, 36, 48, 96, 72, 72, 108, 84, 48, 36, 72, 24, 36, 48, 72, 24, 60, 12, 24, 60, 48, 0, 60, 72, 96, 48, 24, 36, 12, 36, 36, 24]",44.5016875497437,11.3435953508993,10241,10242.0
0.127 1.5 5 1,"[48, 12, 24, 36, 0, 12, 12, 12, 48, 36, 12, 12, 12, 24, 24, 12, 12, 12, 24, 0, 0, 12, 12, 12, 24, 0, 12, 24, 24, 0, 12, 12, 12, 0, 12, 0, 24, 0, 24, 0, 12, 12, 24, 12, 0, 0, 24, 0, 24, 12, 12, 12, 24, 0, 12, 24, 24, 24, 48, 12, 0, 12, 0, 0, 24, 12, 12, 12, 0, 12, 12, 36, 12, 0, 12, 12, 0, 36, 0, 12, 12, 12, 0, 36, 48, 12, 12, 48, 48, 24, 12, 36, 60, 36, 84, 72, 36, 36, 48, 108, 84, 156, 84, 84, 96, 108, 72, 60, 108, 48, 120, 60, 84, 48, 36, 72, 48, 108, 96, 168, 96, 156, 36, 48, 108, 120, 120, 108, 60, 84, 60, 180, 144, 60, 72, 108, 84, 120, 96, 84, 108, 108, 96, 36, 60, 84, 48, 108, 60, 60, 72, 84, 60, 84, 156, 108, 48, 84, 84, 120, 60, 72, 0, 120, 48, 96, 48, 132, 72, 108, 108, 144, 84, 72, 84, 132, 48, 84, 84, 72, 108, 84, 84, 132, 60, 84, 84, 108, 72, 84, 132, 96, 48, 108, 84, 72, 72, 72, 72, 108, 36, 48, 120, 144, 156, 144, 108, 48, 72, 72, 132, 60, 132, 96, 108, 156, 144, 96, 60, 96, 96, 72, 96, 72, 84, 72, 84, 120, 168, 96, 84, 36, 48, 84, 108, 60, 24, 36, 96, 60, 60, 48, 96, 84, 72, 72, 60, 72, 24, 84, 72, 84, 72, 108, 36, 36, 72, 60, 24, 60, 0, 36, 48, 24, 12, 60, 12, 24, 48, 84, 48, 36, 36, 72, 48, 24, 48, 0, 60, 36, 36, 48, 48, 60, 12, 24, 24, 12]",44.5011734938257,11.3434083495971,10253,10242.0
0.127 1.5 8 1,"[12, 12, 24, 24, 12, 48, 36, 24, 12, 24, 12, 24, 0, 48, 36, 48, 48, 36, 36, 24, 12, 12, 24, 12, 12, 0, 0, 36, 24, 12, 12, 60, 24, 12, 60, 48, 0, 12, 12, 0, 0, 12, 0, 24, 12, 24, 12, 24, 12, 48, 12, 0, 24, 24, 12, 36, 24, 0, 0, 36, 0, 24, 12, 0, 48, 12, 0, 36, 12, 0, 12, 0, 36, 48, 0, 36, 12, 84, 0, 84, 36, 48, 48, 72, 36, 120, 36, 60, 60, 36, 72, 120, 84, 72, 96, 132, 84, 108, 96, 144, 72, 180, 120, 84, 60, 132, 132, 108, 96, 180, 72, 108, 48, 96, 120, 96, 132, 60, 12, 84, 108, 156, 132, 156, 120, 96, 108, 144, 132, 72, 72, 84, 96, 144, 96, 180, 132, 96, 120, 72, 120, 72, 132, 120, 180, 204, 84, 144, 96, 60, 72, 96, 120, 24, 168, 156, 72, 108, 120, 108, 60, 84, 72, 60, 96, 48, 36, 108, 84, 84, 84, 108, 48, 72, 72, 120, 72, 96, 60, 84, 156, 108, 84, 48, 132, 24, 84, 48, 96, 120, 84, 84, 96, 108, 96, 96, 72, 108, 60, 96, 60, 84, 120, 60, 108, 156, 36, 60, 60, 36, 132, 132, 96, 48, 60, 96, 132, 144, 120, 24, 84, 60, 84, 132, 72, 36, 72, 48, 72, 84, 96, 96, 84, 36, 48, 60, 60, 12, 72, 72, 48, 48, 12, 48, 60, 24, 36, 48, 60, 60, 60, 60, 48, 48, 12, 24, 24, 48, 24, 36, 12, 12, 12, 24, 24, 24, 24, 24, 12, 12, 24, 48, 36, 60, 96, 12, 36, 24, 24, 24, 36, 36, 24, 12, 0, 36, 12, 36]",44.501419288531,11.3431701717514,10243,10242.0
0.127 1.12 8 1,"[24, 12, 36, 36, 12, 48, 12, 24, 36, 24, 24, 24, 72, 12, 24, 36, 48, 36, 0, 24, 24, 0, 0, 0, 0, 12, 12, 12, 12, 0, 12, 12, 0, 0, 12, 0, 0, 0, 0, 0, 0, 0, 24, 12, 0, 0, 36, 0, 0, 0, 12, 0, 0, 36, 36, 12, 0, 0, 0, 0, 0, 0, 12, 12, 12, 24, 12, 12, 0, 12, 12, 12, 12, 36, 36, 24, 60, 12, 24, 24, 48, 12, 12, 60, 48, 48, 36, 24, 72, 60, 96, 60, 84, 120, 156, 144, 132, 180, 192, 156, 180, 132, 108, 72, 36, 60, 48, 36, 72, 48, 72, 48, 96, 72, 24, 72, 168, 168, 48, 96, 132, 132, 84, 72, 96, 204, 156, 144, 108, 132, 72, 72, 132, 108, 192, 84, 144, 132, 84, 72, 216, 108, 120, 108, 96, 216, 120, 192, 132, 96, 144, 144, 120, 84, 144, 120, 180, 204, 156, 132, 144, 72, 132, 120, 60, 60, 60, 84, 144, 132, 132, 60, 192, 108, 120, 108, 48, 120, 132, 180, 60, 144, 108, 144, 60, 180, 96, 84, 96, 72, 120, 96, 96, 48, 120, 108, 132, 132, 108, 120, 84, 108, 60, 156, 84, 192, 84, 132, 120, 96, 120, 96, 108, 144, 144, 108, 36, 48, 108, 84, 84, 72, 132, 60, 120, 84, 144, 84, 144, 96, 120, 96, 120, 132, 132, 132, 132, 168, 84, 96, 96, 96, 144, 120, 108, 84, 132, 36, 108, 60, 60, 84, 84, 60, 60, 24, 72, 48, 24, 72, 60, 12, 24, 24, 48, 72, 96, 60, 48, 48, 48, 36, 48, 36, 24, 60, 12, 72, 48, 60, 24, 36, 36, 72, 96, 36, 48, 96]",44.4952505129043,11.338970003537,21,84.0
0.127 1.13 6 1,"[0, 0, 0, 0, 0, 0, 0, 0, 0, 0, 0, 0, 0, 0, 0, 0, 0, 0, 0, 0, 0, 0, 0, 0, 0, 0, 0, 0, 0, 0, 0, 0, 0, 0, 0, 0, 0, 0, 0, 0, 0, 0, 0, 0, 0, 0, 0, 0, 0, 0, 0, 0, 0, 0, 0, 0, 0, 0, 0, 0, 0, 0, 0, 0, 0, 0, 0, 0, 0, 0, 0, 0, 0, 0, 0, 0, 0, 0, 0, 0, 0, 0, 0, 0, 0, 0, 0, 0, 0, 0, 0, 0, 0, 0, 0, 0, 0, 0, 0, 0, 0, 0, 0, 0, 0, 0, 0, 0, 0, 0, 0, 0, 0, 0, 0, 0, 0, 0, 0, 0, 0, 0, 0, 0, 0, 0, 0, 0, 0, 0, 0, 0, 0, 0, 0, 0, 0, 0, 0, 0, 0, 0, 0, 0, 0, 0, 0, 0, 0, 0, 0, 0, 0, 0, 0, 0, 0, 0, 0, 0, 0, 0, 0, 0, 0, 0, 0, 0, 0, 0, 0, 0, 0, 0, 0, 0, 0, 0, 0, 0, 0, 0, 0, 0, 0, 0, 0, 0, 0, 0, 0, 0, 0, 0, 0, 0, 0, 0, 0, 0, 0, 0, 0, 0, 0, 0, 0, 0, 0, 0, 0, 0, 0, 0, 0, 0, 0, 0, 0, 0, 0, 0, 0, 0, 0, 0, 0, 0, 0, 0, 0, 0, 0, 0, 0, 0, 0, 0, 0, 0, 0, 0, 0, 0, 0, 0, 0, 0, 0, 0, 0, 0, 0, 0, 0, 0, 0, 0, 0, 0, 0, 0, 0, 0, 0, 0, 0, 0, 0, 0, 0, 0, 0, 0, 0, 0, 0, 0, 0, 0, 0, 0, 0, 0, 0, 0, 0, 0]",44.4916483847646,11.3464200565732,6125,6108.0
0.127 1.14 3 1,"[120, 72, 144, 132, 12, 24, 60, 48, 24, 60, 72, 72, 60, 72, 12, 24, 24, 12, 48, 24, 48, 36, 72, 36, 48, 0, 24, 12, 12, 48, 24, 0, 12, 24, 12, 24, 12, 48, 0, 0, 0, 12, 12, 0, 36, 0, 12, 0, 24, 0, 0, 12, 0, 12, 0, 12, 0, 0, 0, 24, 0, 12, 0, 24, 0, 0, 24, 12, 36, 48, 60, 36, 60, 12, 24, 60, 84, 36, 84, 36, 48, 48, 84, 96, 60, 132, 132, 180, 120, 228, 180, 192, 336, 324, 444, 372, 552, 480, 528, 468, 348, 312, 492, 144, 408, 516, 288, 408, 408, 456, 312, 348, 336, 516, 468, 372, 324, 264, 348, 180, 264, 216, 300, 252, 348, 276, 348, 204, 252, 372, 264, 288, 336, 264, 408, 276, 288, 336, 384, 300, 360, 516, 336, 300, 372, 300, 300, 288, 252, 180, 312, 348, 276, 240, 288, 300, 288, 348, 240, 336, 408, 336, 348, 192, 180, 396, 384, 228, 348, 264, 192, 300, 240, 240, 264, 288, 228, 264, 216, 312, 228, 348, 252, 288, 264, 324, 360, 204, 336, 192, 324, 300, 324, 348, 228, 192, 300, 312, 204, 276, 336, 324, 300, 444, 264, 348, 264, 336, 396, 348, 324, 300, 228, 276, 360, 300, 372, 372, 312, 360, 360, 288, 360, 348, 360, 264, 288, 252, 300, 396, 480, 408, 312, 264, 252, 336, 312, 252, 264, 264, 360, 216, 252, 228, 408, 312, 204, 240, 180, 168, 228, 192, 228, 120, 168, 168, 120, 156, 96, 156, 96, 96, 96, 48, 96, 120, 72, 144, 60, 108, 180, 96, 180, 84, 144, 192, 84, 96, 228, 144, 168, 132, 156, 192, 96, 132, 120, 96]",,,,
0.127 1.14 4 1,"[0, 0, 24, 12, 0, 0, 0, 12, 0, 0, 0, 0, 12, 24, 0, 0, 12, 0, 0, 0, 0, 0, 0, 12, 0, 0, 0, 0, 0, 0, 12, 0, 0, 0, 0, 0, 0, 0, 0, 0, 12, 0, 0, 0, 0, 0, 0, 0, 0, 0, 0, 0, 0, 0, 0, 0, 0, 0, 0, 0, 0, 0, 0, 0, 0, 0, 0, 0, 12, 0, 0, 0, 0, 0, 0, 0, 0, 0, 0, 0, 0, 0, 0, 0, 0, 24, 0, 0, 0, 12, 0, 0, 0, 12, 0, 12, 0, 24, 24, 12, 36, 24, 0, 0, 12, 72, 0, 12, 72, 60, 24, 12, 60, 72, 48, 12, 12, 12, 24, 24, 36, 12, 36, 12, 0, 24, 24, 36, 0, 12, 48, 24, 36, 12, 12, 60, 48, 36, 60, 36, 24, 48, 36, 48, 36, 48, 24, 24, 24, 24, 24, 48, 12, 24, 72, 24, 36, 24, 12, 36, 108, 36, 12, 24, 12, 48, 36, 0, 36, 12, 12, 12, 36, 24, 24, 0, 12, 36, 24, 0, 12, 12, 24, 36, 36, 12, 24, 0, 0, 0, 12, 12, 36, 24, 0, 24, 36, 0, 24, 0, 24, 24, 36, 0, 36, 12, 24, 12, 12, 12, 36, 24, 0, 12, 0, 24, 24, 12, 36, 36, 0, 24, 0, 36, 48, 24, 24, 36, 24, 48, 36, 12, 72, 36, 24, 24, 12, 24, 12, 24, 0, 24, 12, 0, 48, 24, 0, 24, 24, 0, 12, 24, 24, 12, 12, 12, 12, 0, 12, 0, 0, 12, 12, 0, 12, 0, 0, 12, 12, 0, 0, 24, 48, 0, 12, 0, 0, 12, 0, 12, 12, 12, 12, 24, 0, 12, 0, 0]",44.4901162203284,11.3398356513878,33,36.0
0.127 1.15 2 1,"[0, 48, 36, 0, 36, 12, 12, 24, 36, 36, 24, 0, 48, 0, 36, 0, 12, 12, 12, 24, 0, 0, 12, 0, 0, 24, 0, 0, 0, 0, 0, 12, 36, 12, 12, 0, 0, 0, 24, 0, 0, 0, 0, 0, 12, 0, 0, 0, 0, 0, 0, 12, 12, 0, 0, 0, 0, 0, 0, 0, 0, 0, 0, 0, 0, 12, 12, 48, 36, 0, 12, 0, 36, 24, 24, 12, 36, 0, 24, 24, 24, 60, 60, 108, 48, 0, 84, 60, 96, 36, 120, 108, 84, 120, 72, 168, 108, 192, 168, 120, 252, 216, 192, 228, 276, 168, 192, 252, 216, 264, 228, 252, 180, 192, 204, 288, 240, 204, 180, 216, 204, 156, 264, 180, 216, 192, 288, 168, 204, 252, 264, 252, 60, 252, 204, 108, 120, 60, 168, 192, 168, 192, 216, 204, 216, 156, 204, 180, 120, 204, 156, 144, 120, 204, 120, 132, 144, 204, 204, 144, 120, 132, 168, 180, 168, 120, 156, 156, 120, 168, 132, 108, 108, 60, 156, 180, 216, 84, 192, 180, 72, 168, 72, 180, 108, 132, 156, 144, 180, 180, 120, 108, 216, 192, 180, 132, 96, 132, 132, 204, 132, 132, 144, 84, 156, 168, 180, 204, 132, 108, 204, 132, 60, 72, 156, 96, 84, 144, 120, 96, 96, 96, 168, 168, 144, 132, 96, 156, 168, 84, 132, 120, 84, 168, 108, 156, 108, 204, 108, 72, 252, 180, 144, 204, 144, 156, 180, 156, 180, 120, 96, 96, 84, 48, 108, 24, 72, 96, 60, 36, 48, 60, 84, 84, 108, 72, 84, 96, 132, 120, 132, 60, 84, 96, 60, 144, 120, 120, 120, 132, 168, 192, 120, 144, 144, 144, 168, 156]",44.4895074220971,11.3433581064329,13525,6054.0
0.127 1.15 6 1,"[0, 0, 24, 0, 36, 0, 12, 12, 0, 36, 12, 12, 24, 60, 0, 0, 12, 12, 12, 12, 0, 12, 0, 0, 0, 0, 12, 0, 12, 0, 0, 12, 24, 12, 0, 0, 24, 0, 0, 0, 0, 12, 12, 0, 12, 0, 0, 0, 0, 12, 0, 12, 0, 0, 0, 0, 0, 12, 0, 12, 12, 0, 0, 0, 12, 12, 24, 12, 36, 12, 24, 12, 12, 36, 36, 12, 24, 0, 60, 48, 0, 24, 60, 36, 60, 24, 60, 60, 36, 0, 0, 36, 60, 120, 36, 84, 96, 60, 60, 96, 120, 72, 84, 108, 48, 72, 84, 48, 108, 60, 60, 96, 120, 132, 96, 120, 108, 132, 96, 108, 36, 48, 156, 84, 120, 60, 60, 108, 144, 120, 96, 72, 132, 156, 108, 96, 108, 84, 60, 96, 72, 72, 48, 60, 132, 132, 84, 48, 192, 60, 96, 96, 84, 84, 60, 144, 84, 120, 72, 48, 84, 120, 132, 108, 12, 108, 108, 72, 96, 60, 132, 48, 84, 96, 48, 156, 96, 72, 84, 84, 144, 216, 108, 156, 48, 48, 120, 144, 120, 96, 120, 60, 84, 144, 204, 120, 120, 108, 84, 156, 60, 96, 144, 48, 108, 96, 84, 60, 60, 24, 132, 36, 96, 132, 72, 96, 60, 108, 84, 84, 84, 120, 84, 132, 84, 12, 120, 60, 108, 24, 120, 84, 96, 84, 96, 108, 120, 180, 60, 48, 108, 60, 156, 72, 84, 108, 60, 108, 72, 60, 36, 60, 36, 72, 24, 36, 60, 36, 48, 24, 36, 12, 48, 24, 84, 36, 48, 24, 96, 48, 84, 36, 60, 36, 96, 108, 24, 24, 60, 24, 24, 60, 36, 60, 12, 84, 48, 60]",44.4900271601578,11.3434427397635,6061,6053.0
0.127 1.16 2 1,"[-1, -1, -1, -1, -1, -1, -1, -1, -1, -1, -1, -1, -1, -1, -1, -1, -1, -1, -1, -1, -1, -1, -1, -1, -1, -1, -1, -1, -1, -1, -1, -1, -1, -1, -1, -1, -1, -1, -1, -1, -1, -1, -1, -1, -1, -1, -1, -1, -1, -1, -1, -1, -1, -1, -1, -1, -1, -1, -1, -1, -1, -1, -1, -1, -1, -1, -1, -1, -1, -1, -1, -1, -1, -1, -1, -1, -1, -1, -1, -1, -1, -1, -1, -1, -1, -1, -1, -1, -1, -1, -1, -1, -1, -1, -1, -1, -1, -1, -1, -1, -1, -1, -1, -1, -1, -1, -1, -1, -1, -1, -1, -1, -1, -1, -1, -1, -1, -1, -1, -1, -1, -1, -1, -1, -1, -1, -1, -1, -1, -1, -1, -1, -1, -1, -1, -1, -1, -1, -1, -1, -1, -1, -1, -1, -1, -1, -1, -1, -1, -1, -1, -1, -1, -1, -1, -1, -1, -1, -1, -1, -1, -1, -1, -1, -1, -1, -1, -1, -1, -1, -1, -1, -1, -1, -1, -1, -1, -1, -1, -1, -1, -1, -1, -1, -1, -1, -1, -1, -1, -1, -1, -1, -1, -1, -1, -1, -1, -1, -1, -1, -1, -1, -1, -1, -1, -1, -1, -1, -1, -1, -1, -1, -1, -1, -1, -1, -1, -1, -1, -1, -1, -1, -1, -1, -1, -1, -1, -1, -1, -1, -1, -1, -1, -1, -1, -1, -1, -1, -1, -1, -1, -1, -1, -1, -1, -1, -1, -1, -1, -1, -1, -1, -1, -1, -1, -1, -1, -1, -1, -1, -1, -1, -1, -1, -1, -1, -1, -1, -1, -1, -1, -1, -1, -1, -1, -1, -1, -1, -1, -1, -1, -1, -1, -1, -1, -1, -1, -1]",44.4941035248986,11.3519809631422,6140,6257.0
0.127 1.16 8 1,"[-1, -1, -1, -1, -1, -1, -1, -1, -1, -1, -1, -1, -1, -1, -1, -1, -1, -1, -1, -1, -1, -1, -1, -1, -1, -1, -1, -1, -1, -1, -1, -1, -1, -1, -1, -1, -1, -1, -1, -1, -1, -1, -1, -1, -1, -1, -1, -1, -1, -1, -1, -1, -1, -1, -1, -1, -1, -1, -1, -1, -1, -1, -1, -1, -1, -1, -1, -1, -1, -1, -1, -1, -1, -1, -1, -1, -1, -1, -1, -1, -1, -1, -1, -1, -1, -1, -1, -1, -1, -1, -1, -1, -1, -1, -1, -1, -1, -1, -1, -1, -1, -1, -1, -1, -1, -1, -1, -1, -1, -1, -1, -1, -1, -1, -1, -1, -1, -1, -1, -1, -1, -1, -1, -1, -1, -1, -1, -1, -1, -1, -1, -1, -1, -1, -1, -1, -1, -1, -1, -1, -1, -1, -1, -1, -1, -1, -1, -1, -1, -1, -1, -1, -1, -1, -1, -1, -1, -1, -1, -1, -1, -1, -1, -1, -1, -1, -1, -1, -1, -1, -1, -1, -1, -1, -1, -1, -1, -1, -1, -1, -1, -1, -1, -1, -1, -1, -1, -1, -1, -1, -1, -1, -1, -1, -1, -1, -1, -1, -1, -1, -1, -1, -1, -1, -1, -1, -1, -1, -1, -1, -1, -1, -1, -1, -1, -1, -1, -1, -1, -1, -1, -1, -1, -1, -1, -1, -1, -1, -1, -1, -1, -1, -1, -1, -1, -1, -1, -1, -1, -1, -1, -1, -1, -1, -1, -1, -1, -1, -1, -1, -1, -1, -1, -1, -1, -1, -1, -1, -1, -1, -1, -1, -1, -1, -1, -1, -1, -1, -1, -1, -1, -1, -1, -1, -1, -1, -1, -1, -1, -1, -1, -1, -1, -1, -1, -1, -1, -1]",44.4943294432991,11.3520841867509,16557,6257.0
0.127 1.17 4 1,"[36, 60, 36, 48, 48, 72, 24, 24, 24, 36, 36, 12, 12, 12, 36, 0, 36, 24, 48, 0, 12, 36, 24, 36, 12, 24, 24, 12, 24, 0, 0, 0, 36, 0, 0, 12, 0, 0, 0, 0, 12, 12, 0, 0, 12, 0, 12, 0, 12, 24, 0, 12, 0, 24, 12, 12, 0, 0, 24, 12, 12, 12, 12, 0, 0, 0, 0, 12, 12, 0, 0, 12, 0, 12, 12, 60, 24, 36, 36, 48, 12, 36, 0, 48, 48, 24, 72, 36, 108, 72, 72, 60, 72, 132, 192, 72, 192, 144, 120, 120, 120, 120, 108, 108, 144, 252, 204, 168, 168, 180, 168, 108, 144, 156, 168, 132, 240, 132, 120, 168, 96, 144, 96, 132, 84, 168, 168, 96, 72, 108, 120, 84, 48, 180, 168, 240, 132, 192, 120, 120, 96, 108, 168, 120, 132, 132, 96, 180, 120, 144, 144, 84, 132, 252, 108, 96, 240, 144, 72, 192, 264, 144, 96, 168, 144, 108, 24, 144, 60, 132, 156, 60, 96, 108, 156, 180, 168, 120, 168, 60, 120, 156, 108, 168, 168, 180, 108, 72, 96, 108, 120, 204, 216, 156, 96, 132, 96, 132, 132, 108, 96, 168, 168, 144, 132, 156, 84, 180, 132, 192, 108, 84, 120, 108, 108, 72, 120, 120, 96, 156, 108, 108, 96, 120, 120, 120, 60, 156, 60, 156, 72, 84, 96, 108, 60, 96, 132, 72, 96, 96, 168, 96, 72, 84, 72, 192, 84, 84, 144, 84, 108, 84, 84, 72, 72, 84, 108, 12, 72, 24, 84, 12, 24, 12, 84, 24, 72, 36, 36, 60, 60, 84, 96, 48, 36, 48, 36, 24, 60, 60, 72, 48, 48, 48, 96, 48, 48, 84]",44.4923692879684,11.3509026754331,6135,6137.0
0.127 1.18 1 1,"[0, 0, 0, 0, 0, 0, 0, 0, 0, 0, 0, 0, 0, 0, 0, 0, 0, 0, 0, 0, 0, 0, 0, 0, 0, 0, 0, 0, 0, 0, 0, 0, 0, 0, 0, 0, 0, 0, 0, 0, 0, 0, 0, 0, 0, 0, 0, 0, 0, 0, 0, 0, 0, 0, 0, 0, 0, 0, 0, 0, 0, 0, 0, 0, 0, 0, 0, 0, 0, 0, 0, 0, 0, 0, 0, 0, 0, 0, 0, 0, 0, 0, 0, 0, 0, 0, 0, 0, 0, 0, 0, 0, 0, 0, 0, 0, 0, 0, 0, 0, 0, 0, 0, 0, 0, 0, 0, 0, 0, 0, 0, 0, 0, 0, 0, 0, 0, 0, 0, 0, 0, 0, 0, 0, 0, 0, 0, 0, 0, 0, 0, 0, 0, 0, 0, 0, 0, 0, 0, 0, 0, 0, 0, 0, 0, 0, 0, 0, 0, 0, 0, 0, 0, 0, 0, 0, 0, 0, 0, 0, 0, 0, 0, 0, 0, 0, 0, 0, 0, 0, 0, 0, 0, 0, 0, 0, 0, 0, 0, 0, 0, 0, 0, 0, 0, 0, 0, 0, 0, 0, 0, 0, 0, 0, 0, 0, 0, 0, 0, 0, 0, 0, 0, 0, 0, 0, 0, 0, 0, 0, 0, 0, 0, 0, 0, 0, 0, 0, 0, 0, 0, 0, 0, 0, 0, 0, 0, 0, 0, 0, 0, 0, 0, 0, 0, 0, 0, 0, 0, 0, 0, 0, 0, 0, 0, 0, 0, 0, 0, 0, 0, 0, 0, 0, 0, 0, 0, 0, 0, 0, 0, 0, 0, 0, 0, 0, 0, 0, 0, 0, 0, 0, 0, 0, 0, 0, 0, 0, 0, 0, 0, 0, 0, 0, 0, 0, 0, 0]",44.4992226472054,11.338564528943,14137,200.0
0.127 1.18 2 1,"[0, 0, 0, 0, 0, 0, 0, 0, 0, 0, 0, 0, 0, 0, 0, 0, 0, 0, 0, 0, 0, 0, 0, 0, 0, 0, 0, 0, 0, 0, 0, 0, 0, 0, 0, 0, 0, 0, 0, 0, 0, 0, 0, 0, 0, 0, 0, 0, 0, 0, 0, 0, 0, 0, 0, 0, 0, 0, 0, 0, 0, 0, 0, 0, 0, 0, 0, 0, 0, 0, 0, 0, 0, 0, 0, 0, 0, 0, 0, 0, 0, 0, 0, 0, 0, 0, 0, 0, 0, 0, 0, 0, 0, 0, 0, 0, 0, 0, 0, 0, 0, 0, 0, 0, 0, 0, 0, 0, 0, 0, 0, 0, 0, 0, 0, 0, 0, 0, 0, 0, 0, 0, 0, 0, 0, 0, 0, 0, 0, 0, 0, 0, 0, 0, 0, 0, 0, 0, 0, 0, 0, 0, 0, 0, 0, 0, 0, 0, 0, 0, 0, 0, 0, 0, 0, 0, 0, 0, 0, 0, 0, 0, 0, 0, 0, 0, 0, 0, 0, 0, 0, 0, 0, 0, 0, 0, 0, 0, 0, 0, 0, 0, 0, 0, 0, 0, 0, 0, 0, 0, 0, 0, 0, 0, 0, 0, 0, 0, 0, 0, 0, 0, 0, 0, 0, 0, 0, 0, 0, 0, 0, 0, 0, 0, 0, 0, 0, 0, 0, 0, 0, 0, 0, 0, 0, 0, 0, 0, 0, 0, 0, 0, 0, 0, 0, 0, 0, 0, 0, 0, 0, 0, 0, 0, 0, 0, 0, 0, 0, 0, 0, 0, 0, 0, 0, 0, 0, 0, 0, 0, 0, 0, 0, 0, 0, 0, 0, 0, 0, 0, 0, 0, 0, 0, 0, 0, 0, 0, 0, 0, 0, 0, 0, 0, 0, 0, 0, 0]",44.4992331807033,11.3385147346639,14137,200.0
0.127 1.18 10 1,"[72, 48, 60, 12, 60, 84, 48, 12, 48, 84, 24, 36, 24, 36, 48, 36, 48, 24, 24, 24, 12, 0, 48, 12, 24, 24, 0, 48, 24, 24, 12, 24, 0, 0, 0, 0, 0, 12, 0, 12, 0, 0, 36, 24, 24, 12, 24, 0, 12, 24, 0, 0, 0, 24, 12, 12, 24, 0, 12, 0, 0, 12, 24, 72, 0, 60, 24, 24, 12, 36, 24, 0, 36, 12, 60, 84, 36, 36, 60, 48, 48, 60, 72, 12, 12, 84, 72, 48, 96, 72, 84, 156, 168, 168, 132, 132, 228, 204, 108, 276, 156, 156, 216, 132, 156, 264, 144, 168, 156, 96, 252, 180, 228, 156, 96, 192, 168, 156, 132, 204, 180, 156, 144, 144, 132, 192, 240, 120, 156, 156, 204, 168, 108, 144, 168, 132, 240, 132, 156, 120, 168, 180, 156, 168, 132, 216, 84, 84, 144, 252, 108, 168, 72, 144, 108, 156, 168, 168, 216, 96, 132, 96, 144, 132, 96, 120, 96, 96, 144, 144, 132, 144, 180, 108, 72, 132, 156, 144, 144, 144, 36, 132, 132, 156, 144, 180, 84, 96, 132, 84, 132, 132, 72, 168, 120, 96, 156, 168, 132, 132, 96, 192, 72, 180, 192, 120, 144, 204, 192, 180, 120, 144, 180, 72, 228, 120, 204, 168, 180, 108, 120, 192, 96, 156, 168, 132, 156, 216, 156, 156, 96, 156, 108, 132, 144, 108, 108, 120, 132, 108, 156, 204, 156, 144, 144, 144, 144, 120, 108, 96, 108, 72, 96, 84, 48, 96, 96, 48, 48, 84, 120, 48, 60, 72, 36, 72, 72, 108, 48, 96, 96, 36, 84, 84, 48, 24, 60, 96, 72, 36, 60, 84, 84, 48, 24, 72, 36, 24]",44.4992120923342,11.3385934466807,14137,200.0
0.127 1.81 4 1,"[48, 24, 36, 12, 24, 24, 48, 24, 60, 24, 12, 12, 36, 24, 24, 0, 24, 0, 36, 24, 12, 0, 0, 36, 12, 0, 12, 0, 12, 12, 0, 24, 0, 0, 12, 0, 12, 0, 0, 0, 12, 0, 0, 12, 12, 0, 12, 0, 0, 12, 0, 0, 0, 12, 24, 0, 0, 12, 0, 0, 12, 0, 24, 12, 0, 0, 12, 12, 24, 24, 36, 24, 12, 36, 48, 12, 24, 12, 36, 12, 48, 60, 48, 36, 60, 0, 36, 84, 72, 48, 24, 60, 84, 48, 60, 96, 72, 144, 84, 84, 168, 84, 108, 60, 132, 108, 96, 84, 48, 96, 84, 108, 72, 120, 72, 48, 48, 48, 96, 84, 96, 96, 84, 96, 48, 84, 144, 108, 84, 96, 132, 96, 108, 96, 144, 96, 96, 168, 48, 60, 108, 132, 132, 144, 48, 132, 72, 36, 72, 84, 168, 180, 24, 120, 108, 84, 84, 60, 72, 84, 84, 96, 60, 72, 36, 96, 24, 48, 60, 36, 36, 24, 36, 84, 60, 120, 36, 72, 96, 72, 24, 108, 120, 96, 48, 108, 72, 96, 48, 36, 48, 48, 96, 48, 48, 36, 48, 144, 36, 96, 48, 72, 12, 36, 36, 84, 60, 48, 48, 36, 84, 60, 96, 24, 36, 72, 72, 48, 36, 72, 60, 60, 96, 108, 96, 36, 60, 72, 12, 48, 24, 60, 24, 84, 36, 24, 60, 84, 36, 36, 36, 96, 12, 60, 24, 48, 12, 48, 24, 36, 0, 24, 48, 12, 36, 48, 12, 24, 36, 36, 12, 36, 24, 36, 36, 12, 24, 36, 24, 0, 36, 60, 60, 36, 12, 24, 0, 0, 36, 36, 36, 24, 48, 24, 24, 48, 24, 24]",44.4943772125934,11.3465400292447,16794,13541.0
0.127 1.82 2 2,"[96, 96, 84, 72, 120, 36, 60, 36, 12, 96, 72, 60, 72, 84, 48, 24, 12, 60, 48, 36, 24, 24, 96, 24, 24, 24, 12, 0, 0, 0, 24, 12, 0, 0, 12, 0, 12, 12, 0, 12, 0, 0, 24, 12, 24, 0, 12, 0, 60, 0, 0, 12, 12, 24, 12, 24, 12, 24, 12, 36, 36, 12, 0, 12, 24, 48, 24, 48, 36, 24, 24, 108, 60, 24, 60, 72, 24, 72, 96, 84, 120, 120, 60, 120, 120, 192, 156, 168, 120, 300, 120, 300, 372, 420, 396, 384, 336, 360, 336, 360, 408, 384, 372, 324, 480, 372, 372, 372, 396, 360, 288, 432, 492, 264, 336, 444, 300, 324, 336, 360, 276, 288, 228, 288, 204, 360, 276, 156, 312, 252, 348, 168, 312, 204, 372, 312, 324, 336, 216, 168, 168, 408, 348, 192, 312, 204, 264, 312, 216, 144, 348, 288, 276, 396, 228, 228, 408, 300, 360, 312, 360, 264, 276, 240, 192, 180, 240, 192, 336, 240, 264, 252, 204, 216, 144, 372, 228, 288, 216, 276, 300, 372, 180, 216, 276, 312, 132, 192, 228, 288, 216, 408, 240, 288, 192, 348, 216, 216, 228, 288, 276, 228, 252, 228, 324, 192, 228, 336, 192, 264, 240, 336, 252, 240, 264, 300, 336, 228, 276, 240, 264, 384, 276, 300, 228, 264, 216, 372, 276, 300, 264, 204, 276, 432, 264, 252, 216, 228, 216, 276, 204, 240, 168, 324, 264, 180, 336, 312, 144, 228, 300, 132, 96, 180, 156, 108, 96, 144, 120, 156, 204, 96, 168, 156, 168, 72, 144, 132, 144, 204, 216, 120, 132, 156, 144, 276, 156, 144, 216, 96, 120, 96, 180, 168, 84, 72, 84, 36]",44.4904584072207,11.34979980231,6124,6114.0
0.127 1.82 4 1,"[24, 72, 24, 72, 24, 48, 12, 24, 36, 24, 48, 12, 24, 24, 36, 0, 12, 12, 0, 12, 24, 24, 36, 24, 24, 0, 24, 12, 0, 0, 0, 0, 12, 0, 12, 0, 0, 0, 24, 12, 0, 0, 0, 12, 0, 0, 0, 0, 0, 24, 0, 0, 0, 0, 0, 0, 0, 0, 12, 0, 24, 12, 36, 0, 0, 0, 12, 12, 12, 0, 0, 0, 24, 12, 0, 12, 12, 24, 12, 36, 12, 0, 12, 12, 24, 12, 0, 24, 60, 48, 12, 36, 60, 108, 156, 132, 48, 204, 120, 168, 180, 96, 108, 132, 192, 156, 168, 120, 144, 108, 132, 108, 168, 96, 72, 144, 156, 132, 132, 96, 132, 24, 96, 96, 96, 132, 120, 108, 96, 84, 60, 132, 96, 108, 120, 84, 144, 108, 84, 108, 108, 108, 108, 96, 108, 120, 96, 132, 168, 132, 60, 120, 96, 60, 72, 96, 84, 60, 60, 108, 96, 108, 60, 132, 108, 48, 24, 84, 72, 144, 144, 60, 108, 72, 72, 132, 84, 72, 132, 72, 96, 144, 132, 72, 144, 108, 96, 60, 84, 72, 72, 96, 96, 84, 84, 72, 60, 108, 60, 72, 132, 120, 96, 48, 132, 72, 108, 96, 108, 108, 144, 96, 120, 96, 108, 120, 144, 120, 120, 156, 48, 84, 48, 108, 96, 48, 144, 36, 120, 84, 72, 108, 96, 84, 132, 144, 96, 60, 96, 96, 108, 108, 132, 108, 60, 180, 120, 120, 84, 36, 96, 72, 72, 48, 48, 72, 60, 0, 60, 0, 48, 36, 60, 60, 24, 24, 48, 36, 108, 24, 60, 108, 36, 72, 24, 36, 48, 48, 60, 36, 60, 84, 60, 84, 60, 72, 60, 60]",44.4899121310998,11.3501743484736,5944,13196.0
0.127 2.1 2 2,"[36, 36, 12, 48, 24, 36, 60, 12, 48, 0, 0, 12, 24, 36, 12, 36, 0, 36, 0, 12, 0, 12, 24, 0, 12, 12, 0, 12, 12, 0, 0, 0, 0, 0, 0, 12, 12, 0, 0, 12, 48, 0, 0, 0, 0, 0, 24, 12, 12, 12, 0, 12, 0, 12, 0, 12, 12, 0, 0, 0, 0, 12, 0, 24, 60, 0, 60, 24, 36, 60, 24, 24, 36, 60, 36, 36, 108, 120, 60, 72, 108, 36, 108, 96, 144, 132, 132, 156, 192, 252, 192, 384, 288, 168, 240, 216, 240, 300, 276, 276, 348, 276, 288, 252, 192, 240, 348, 180, 336, 204, 168, 132, 192, 192, 204, 108, 156, 216, 156, 168, 144, 180, 192, 180, 168, 156, 156, 156, 240, 216, 156, 216, 168, 204, 132, 96, 156, 204, 192, 108, 120, 120, 192, 192, 156, 108, 120, 144, 156, 96, 204, 168, 216, 132, 120, 144, 132, 120, 156, 180, 156, 84, 120, 132, 228, 132, 48, 168, 204, 144, 120, 132, 60, 96, 144, 168, 132, 216, 120, 180, 168, 108, 96, 252, 168, 132, 156, 144, 276, 108, 216, 108, 324, 276, 144, 240, 144, 144, 216, 120, 192, 228, 120, 300, 144, 156, 96, 144, 204, 228, 132, 156, 132, 216, 312, 240, 156, 180, 240, 156, 228, 156, 252, 96, 156, 156, 144, 264, 252, 300, 120, 156, 168, 96, 132, 240, 120, 180, 132, 216, 192, 180, 168, 180, 204, 132, 216, 168, 96, 144, 144, 180, 96, 132, 132, 72, 180, 84, 96, 144, 48, 108, 12, 84, 48, 60, 72, 60, 84, 48, 48, 72, 60, 84, 24, 108, 36, 72, 48, 120, 96, 84, 84, 24, 24, 12, 24, 12]",44.488964196483,11.2979990718462,4397,4381.0
0.127 2.1 5 2,"[12, 0, 12, 0, 0, 0, 0, 0, 36, 0, 0, 0, 0, 0, 0, 12, 0, 12, 0, 12, 0, 0, 12, 0, 0, 0, 0, 0, 0, 0, 0, 0, 0, 0, 0, 0, 0, 0, 0, 0, 0, 0, 0, 0, 0, 0, 0, 0, 0, 0, 12, 0, 0, 0, 0, 0, 0, 0, 0, 0, 0, 0, 12, 12, 0, 0, 0, 0, 0, 0, 0, 0, 0, 12, 0, 12, 12, 12, 12, 0, 0, 0, 12, 0, 0, 12, 0, 12, 12, 36, 48, 24, 12, 0, 24, 12, 12, 48, 36, 12, 48, 36, 12, 48, 36, 48, 24, 12, 36, 24, 36, 24, 0, 0, 12, 12, 0, 36, 0, 0, 12, 36, 0, 12, 24, 12, 12, 12, 24, 0, 12, 36, 36, 12, 0, 12, 24, 48, 24, 24, 36, 0, 12, 0, 0, 0, 0, 36, 24, 12, 12, 0, 48, 12, 24, 12, 24, 24, 36, 12, 12, 24, 72, 0, 24, 0, 0, 24, 24, 12, 24, 48, 0, 12, 0, 12, 0, 0, 0, 12, 0, 12, 12, 0, 0, 12, 24, 0, 12, 0, 36, 24, 12, 24, 12, 0, 36, 0, 12, 24, 24, 12, 24, 0, 12, 24, 36, 24, 24, 24, 12, 24, 24, 12, 0, 0, 48, 24, 12, 24, 12, 12, 24, 0, 48, 24, 36, 12, 48, 36, 12, 24, 0, 0, 60, 36, 36, 24, 24, 48, 60, 12, 24, 12, 24, 48, 60, 72, 60, 96, 60, 48, 48, 12, 24, 12, 12, 24, 12, 12, 36, 24, 24, 24, 36, 12, 48, 12, 24, 24, 24, 0, 0, 12, 12, 24, 12, 24, 24, 12, 12, 0, 12, 24, 24, 0, 0, 0]",44.488032201248,11.2960240368206,16227,16226.0
0.127 2.1 6 2,"[0, 0, 0, 0, 0, 0, 0, 0, 0, 0, 0, 0, 0, 0, 0, 0, 0, 0, 0, 0, 0, 0, 0, 0, 0, 0, 0, 12, 0, 0, 0, 0, 0, 0, 0, 0, 0, 0, 0, 0, 0, 0, 0, 0, 0, 0, 0, 0, 0, 0, 0, 0, 0, 0, 0, 0, 0, 0, 0, 12, 0, 0, 0, 0, 0, 0, 0, 0, 12, 12, 0, 0, 0, 0, 12, 12, 24, 0, 24, 36, 24, 12, 12, 0, 0, 0, 0, 12, 12, 48, 12, 48, 72, 24, 48, 0, 12, 60, 48, 36, 24, 108, 12, 60, 36, 72, 48, 12, 36, 108, 24, 48, 48, 24, 12, 72, 24, 24, 12, 48, 84, 24, 48, 36, 12, 72, 24, 24, 24, 48, 60, 36, 12, 36, 48, 24, 60, 48, 12, 12, 24, 24, 36, 24, 24, 24, 12, 24, 48, 12, 48, 12, 12, 12, 36, 48, 48, 24, 48, 24, 24, 36, 36, 0, 0, 12, 48, 0, 48, 48, 36, 12, 12, 12, 36, 12, 36, 24, 24, 12, 0, 0, 12, 12, 48, 36, 12, 0, 12, 12, 12, 24, 24, 24, 24, 36, 12, 24, 24, 12, 0, 24, 24, 12, 36, 48, 36, 24, 12, 24, 24, 48, 36, 36, 36, 48, 12, 0, 36, 0, 36, 24, 0, 24, 0, 12, 12, 36, 36, 24, 36, 12, 24, 12, 60, 12, 0, 12, 36, 12, 12, 0, 12, 36, 48, 0, 24, 24, 12, 12, 0, 24, 24, 48, 36, 12, 24, 12, 0, 0, 12, 0, 12, 0, 12, 24, 36, 0, 0, 0, 0, 0, 0, 0, 0, 12, 0, 0, 0, 0, 0, 24, 0, 0, 12, 12, 0, 0]",44.4886989993267,11.2979800254069,4396,4395.0
0.127 2.1 8 1,"[144, 84, 60, 108, 48, 84, 24, 84, 60, 24, 24, 24, 12, 48, 48, 72, 84, 24, 24, 12, 24, 24, 12, 12, 36, 0, 12, 12, 12, 12, 12, 12, 0, 0, 12, 12, 0, 0, 24, 0, 12, 0, 0, 0, 0, 24, 24, 36, 36, 24, 12, 12, 0, 24, 24, 0, 72, 12, 0, 12, 0, 24, 24, 24, 72, 12, 24, 60, 60, 48, 84, 72, 84, 72, 108, 96, 120, 108, 240, 216, 204, 192, 312, 288, 288, 408, 336, 372, 384, 600, 624, 720, 552, 624, 792, 780, 828, 672, 780, 516, 732, 636, 732, 720, 864, 720, 624, 720, 600, 528, 648, 660, 516, 480, 360, 516, 504, 432, 384, 372, 372, 384, 504, 528, 504, 468, 384, 360, 492, 360, 456, 372, 456, 480, 360, 624, 420, 468, 372, 432, 444, 420, 480, 420, 444, 492, 312, 480, 420, 456, 480, 600, 456, 564, 312, 276, 396, 612, 360, 444, 408, 528, 288, 564, 408, 360, 504, 396, 432, 396, 396, 492, 432, 360, 372, 468, 324, 552, 372, 516, 372, 696, 348, 456, 360, 420, 600, 552, 456, 384, 312, 540, 420, 480, 552, 480, 552, 408, 600, 540, 492, 540, 564, 516, 492, 504, 780, 552, 672, 612, 672, 720, 588, 684, 444, 600, 732, 612, 744, 696, 756, 624, 660, 648, 744, 504, 588, 720, 720, 696, 432, 696, 504, 624, 372, 552, 420, 540, 360, 468, 360, 432, 420, 384, 396, 336, 396, 348, 228, 396, 252, 276, 144, 300, 252, 324, 240, 264, 180, 228, 300, 168, 132, 180, 228, 132, 264, 228, 204, 204, 144, 240, 96, 240, 156, 120, 180, 120, 192, 228, 96, 96, 84, 144, 156, 72, 132, 84]",44.4882951302187,11.2965674930571,16226,4382.0
0.127 2.3 1 1,"[0, 0, 48, 36, 12, 12, 24, 36, 0, 12, 12, 24, 12, 24, 24, 12, 0, 0, 12, 0, 12, 12, 0, 12, 0, 0, 0, 0, 0, 0, 0, 0, 12, 0, 0, 0, 0, 0, 0, 0, 0, 0, 0, 12, 0, 0, 0, 0, 0, 0, 12, 12, 0, 0, 0, 0, 0, 0, 12, 0, 0, 0, 0, 0, 0, 12, 0, 0, 0, 0, 24, 0, 12, 12, 12, 12, 12, 24, 0, 24, 24, 36, 48, 60, 72, 48, 36, 36, 120, 60, 204, 180, 180, 144, 156, 84, 108, 144, 168, 192, 108, 84, 96, 144, 120, 180, 108, 132, 96, 84, 144, 60, 60, 60, 108, 144, 84, 48, 84, 60, 120, 108, 60, 132, 144, 60, 120, 120, 108, 60, 84, 36, 36, 48, 60, 24, 120, 108, 168, 24, 72, 84, 72, 84, 96, 144, 96, 108, 108, 72, 72, 60, 84, 72, 120, 84, 132, 96, 84, 48, 72, 96, 108, 84, 60, 36, 60, 60, 72, 132, 60, 48, 108, 108, 36, 48, 120, 96, 132, 84, 36, 72, 72, 132, 72, 84, 84, 60, 108, 72, 96, 96, 84, 108, 108, 108, 60, 72, 120, 84, 84, 72, 108, 108, 144, 84, 144, 84, 60, 108, 84, 108, 72, 96, 60, 72, 144, 168, 132, 48, 84, 144, 96, 96, 84, 72, 120, 48, 168, 96, 120, 156, 120, 60, 108, 180, 144, 36, 96, 48, 96, 108, 108, 24, 72, 12, 108, 60, 48, 12, 36, 36, 84, 120, 132, 36, 36, 48, 36, 48, 72, 36, 108, 84, 36, 36, 36, 48, 72, 48, 48, 96, 36, 36, 120, 12, 72, 36, 48, 48, 36, 72, 72, 60, 24, 96, 96, 72]",44.4900651982211,11.3106312013806,13277,16166.0
0.127 2.4 6 1,"[12, 0, 24, 24, 24, 24, 0, 0, 12, 12, 0, 0, 0, 0, 12, 24, 0, 0, 0, 12, 0, 0, 24, 0, 12, 12, 0, 0, 0, 0, 12, 12, 0, 0, 0, 0, 0, 12, 0, 0, 0, 0, 0, 12, 0, 0, 0, 0, 0, 0, 12, 12, 12, 0, 0, 0, 0, 0, 24, 0, 12, 12, 12, 0, 0, 0, 36, 12, 0, 36, 0, 12, 12, 0, 0, 12, 24, 36, 48, 36, 36, 12, 12, 24, 24, 12, 36, 48, 168, 132, 204, 96, 156, 192, 96, 168, 84, 144, 144, 132, 108, 192, 168, 144, 108, 144, 180, 84, 108, 144, 144, 96, 192, 60, 108, 120, 96, 60, 84, 108, 60, 120, 72, 72, 120, 60, 108, 132, 132, 72, 84, 120, 108, 108, 120, 84, 120, 60, 108, 96, 120, 168, 60, 108, 132, 108, 120, 36, 60, 96, 48, 96, 96, 24, 72, 96, 72, 60, 72, 72, 72, 24, 144, 60, 84, 60, 96, 72, 48, 120, 84, 132, 72, 36, 36, 84, 96, 48, 60, 72, 120, 60, 120, 96, 120, 72, 84, 60, 108, 96, 84, 144, 144, 84, 144, 228, 84, 96, 120, 108, 120, 132, 84, 108, 60, 60, 144, 156, 48, 36, 96, 96, 120, 96, 96, 72, 72, 144, 60, 84, 96, 108, 84, 72, 96, 108, 36, 48, 72, 108, 108, 84, 96, 36, 120, 60, 36, 84, 84, 84, 72, 36, 72, 84, 108, 72, 72, 72, 84, 48, 120, 60, 24, 24, 48, 36, 36, 12, 12, 48, 36, 24, 0, 12, 24, 48, 0, 36, 12, 36, 12, 12, 36, 24, 24, 36, 48, 24, 36, 60, 24, 0, 36, 24, 0, 48, 24, 24]",44.4886841181875,11.3161392287723,15514,4542.0
0.127 2.4 8 1,"[0, 0, 12, 24, 24, 12, 12, 0, 12, 0, 12, 24, 0, 36, 0, 0, 0, 12, 0, 0, 0, 0, 0, 0, 0, 12, 0, 12, 0, 0, 0, 0, 0, 0, 0, 0, 0, 0, 0, 0, 0, 0, 0, 0, 24, 0, 0, 0, 0, 0, 0, 0, 0, 0, 0, 0, 0, 12, 12, 0, 0, 0, 0, 0, 0, 0, 0, 12, 12, 12, 0, 0, 0, 12, 0, 24, 0, 0, 12, 24, 12, 12, 24, 36, 24, 0, 24, 24, 36, 36, 36, 720, 408, 132, 60, 132, 60, 516, 840, 144, 60, 96, 72, 288, 720, 12, 84, 84, 132, 96, 768, 588, 24, 96, 72, 36, 480, 756, 60, 12, 12, 24, 288, 816, 192, 0, 12, 72, 84, 732, 360, 48, 12, 24, 60, 648, 660, 0, 0, 0, 36, 456, 780, 36, 12, 60, 36, 336, 756, 132, 12, 12, 24, 48, 732, 288, 0, 48, 36, 12, 636, 360, 60, 0, 24, 36, 540, 564, 12, 24, 24, 0, 528, 600, 60, 24, 12, 24, 468, 708, 60, 12, 36, 60, 408, 828, 36, 24, 60, 24, 204, 888, 72, 36, 84, 48, 444, 900, 60, 96, 60, 96, 480, 864, 276, 300, 180, 396, 864, 888, 1188, 1212, 1068, 720, 804, 804, 1008, 168, 360, 540, 768, 804, 756, 0, 120, 144, 768, 792, 780, 24, 372, 636, 840, 840, 1104, 612, 828, 780, 816, 840, 948, 300, 300, 372, 852, 180, 36, 36, 24, 312, 792, 84, 432, 132, 48, 408, 864, 192, 84, 48, 72, 288, 792, 240, 48, 24, 48, 180, 852, 300, 36, 0, 24, 120, 792, 420, 24, 0, 36, 96, 744, 528, 84, 108, 180, 228, 624, 804]",44.4887046214229,11.3177735304776,16248,15985.0
0.127 2.5 4 1,"[36, 48, 48, 60, 12, 24, 12, 24, 24, 0, 48, 24, 12, 24, 0, 0, 24, 0, 12, 24, 12, 0, 12, 12, 0, 12, 36, 0, 0, 0, 0, 0, 0, 0, 0, 0, 0, 0, 0, 0, 12, 0, 0, 0, 0, 0, 0, 0, 0, 0, 0, 0, 0, 0, 0, 0, 12, 0, 0, 0, 0, 0, 0, 0, 12, 12, 12, 0, 12, 36, 0, 0, 12, 24, 24, 0, 12, 36, 24, 24, 12, 24, 36, 24, 72, 48, 72, 24, 72, 84, 72, 132, 144, 204, 240, 228, 120, 168, 240, 120, 156, 192, 192, 216, 144, 84, 156, 168, 168, 120, 72, 120, 156, 48, 84, 168, 144, 120, 108, 168, 84, 72, 48, 192, 180, 120, 132, 96, 60, 144, 96, 168, 132, 228, 60, 168, 108, 144, 108, 168, 84, 144, 108, 156, 132, 96, 120, 216, 108, 108, 156, 156, 96, 192, 144, 228, 276, 192, 216, 240, 144, 156, 180, 96, 108, 120, 168, 192, 120, 156, 132, 120, 144, 192, 120, 156, 108, 60, 144, 60, 132, 108, 228, 72, 168, 84, 84, 156, 120, 168, 132, 156, 156, 96, 156, 156, 96, 120, 192, 144, 168, 240, 180, 240, 156, 156, 108, 192, 168, 96, 144, 144, 156, 192, 204, 252, 192, 216, 180, 120, 132, 192, 240, 216, 84, 84, 180, 192, 276, 228, 144, 204, 276, 228, 264, 168, 168, 192, 156, 192, 180, 192, 132, 168, 156, 96, 84, 108, 144, 120, 132, 156, 84, 24, 72, 96, 144, 72, 36, 72, 60, 96, 120, 96, 48, 48, 60, 24, 36, 36, 72, 12, 12, 84, 48, 48, 48, 24, 12, 36, 72, 48, 48, 48, 24, 60, 36, 60]",44.4905328608867,11.3260133446752,4663,4664.0
0.127 2.6 1 1,"[12, 24, 12, 12, 24, 0, 12, 24, 0, 0, 0, 0, 0, 0, 12, 0, 0, 12, 0, 0, 0, 24, 12, 0, 0, 0, 0, 12, 0, 0, 0, 0, 0, 0, 0, 0, 12, 0, 0, 0, 0, 0, 0, 0, 0, 0, 0, 0, 0, 0, 0, 0, 0, 0, 0, 0, 12, 0, 0, 0, 0, 0, 0, 0, 0, 0, 12, 0, 12, 0, 12, 0, 12, 0, 0, 12, 0, 0, 12, 12, 0, 12, 0, 12, 24, 36, 72, 36, 24, 72, 24, 24, 72, 48, 48, 96, 36, 120, 120, 108, 96, 60, 60, 60, 108, 120, 120, 60, 72, 60, 72, 84, 48, 120, 60, 84, 84, 72, 60, 60, 60, 72, 60, 84, 60, 108, 120, 132, 168, 48, 96, 108, 168, 108, 156, 60, 48, 108, 120, 60, 60, 144, 144, 12, 156, 180, 96, 108, 72, 96, 24, 96, 72, 108, 36, 24, 24, 36, 24, 72, 24, 36, 36, 84, 84, 48, 48, 48, 24, 48, 36, 48, 36, 60, 48, 84, 60, 84, 72, 96, 48, 36, 96, 72, 96, 84, 48, 84, 84, 72, 12, 36, 36, 60, 60, 48, 60, 72, 48, 108, 24, 96, 60, 24, 108, 84, 36, 36, 120, 72, 48, 48, 84, 96, 72, 108, 36, 24, 72, 96, 48, 60, 36, 24, 48, 60, 96, 48, 84, 120, 108, 84, 84, 48, 72, 84, 132, 108, 132, 168, 120, 36, 36, 96, 96, 84, 108, 144, 48, 96, 72, 180, 60, 120, 48, 96, 60, 72, 60, 96, 96, 24, 48, 120, 36, 60, 24, 36, 108, 36, 60, 48, 36, 60, 36, 24, 48, 24, 84, 24, 24, 24, 0, 36, 0, 0, 12, 48]",44.490415183,11.328894892,1,17692.0
0.127 2.6 2 1,"[36, 60, 96, 72, 108, 60, 48, 48, 36, 36, 12, 48, 48, 36, 12, 36, 48, 72, 24, 72, 0, 24, 12, 48, 24, 36, 0, 0, 12, 12, 12, 0, 36, 12, 12, 36, 0, 12, 12, 12, 0, 0, 0, 0, 12, 24, 0, 0, 0, 12, 24, 24, 0, 12, 0, 0, 36, 12, 12, 0, 12, 12, 12, 24, 24, 12, 12, 24, 24, 36, 12, 12, 12, 72, 72, 36, 36, 48, 120, 84, 36, 96, 48, 144, 72, 168, 144, 204, 192, 192, 204, 312, 288, 396, 252, 288, 360, 240, 360, 84, 96, 252, 180, 204, 288, 240, 228, 312, 156, 276, 180, 168, 144, 192, 228, 156, 180, 192, 180, 240, 252, 240, 204, 204, 168, 204, 204, 276, 312, 264, 180, 180, 168, 252, 228, 264, 144, 120, 276, 228, 132, 216, 228, 156, 300, 336, 228, 192, 288, 360, 192, 180, 360, 312, 264, 204, 276, 288, 348, 408, 360, 240, 360, 216, 240, 216, 180, 216, 252, 384, 264, 264, 108, 312, 132, 228, 204, 240, 252, 264, 180, 180, 264, 156, 204, 192, 276, 156, 276, 288, 156, 216, 180, 228, 324, 192, 228, 120, 264, 228, 204, 264, 192, 276, 168, 252, 252, 276, 276, 324, 192, 216, 192, 216, 192, 228, 216, 228, 228, 240, 384, 264, 324, 228, 204, 276, 336, 324, 336, 288, 420, 288, 228, 288, 264, 432, 288, 276, 276, 300, 324, 372, 264, 216, 204, 276, 324, 360, 372, 384, 180, 216, 252, 228, 168, 228, 228, 180, 216, 204, 120, 132, 84, 240, 48, 132, 132, 168, 84, 156, 156, 84, 120, 84, 96, 60, 72, 132, 120, 96, 120, 72, 36, 108, 120, 216, 120, 144]",,,,
0.127 2.6 7 1,"[48, 72, 48, 48, 36, 48, 48, 12, 60, 24, 60, 60, 36, 36, 12, 0, 0, 12, 36, 24, 24, 12, 0, 12, 12, 24, 12, 12, 24, 12, 0, 0, 0, 0, 0, 0, 12, 12, 12, 0, 0, 0, 12, 0, 0, 0, 0, 0, 0, 0, 0, 0, 0, 0, 0, 0, 0, 0, 0, 12, 0, 36, 0, 0, 12, 0, 0, 12, 0, 12, 12, 0, 12, 0, 36, 0, 48, 12, 24, 24, 36, 24, 72, 48, 72, 84, 24, 60, 48, 84, 60, 168, 216, 192, 192, 312, 240, 228, 180, 156, 96, 96, 120, 132, 108, 96, 96, 132, 72, 96, 36, 120, 156, 36, 120, 60, 96, 36, 60, 132, 96, 84, 60, 144, 96, 72, 72, 36, 96, 60, 24, 96, 60, 84, 60, 96, 108, 60, 60, 120, 108, 72, 108, 36, 36, 84, 120, 120, 108, 156, 108, 168, 72, 192, 144, 144, 156, 288, 204, 120, 192, 120, 144, 60, 132, 60, 72, 132, 240, 228, 228, 168, 108, 156, 84, 120, 84, 120, 72, 168, 144, 180, 120, 108, 96, 120, 132, 84, 120, 60, 96, 72, 96, 120, 60, 60, 204, 84, 132, 108, 96, 120, 84, 84, 156, 108, 132, 144, 156, 132, 108, 144, 156, 120, 84, 228, 180, 120, 216, 192, 192, 216, 192, 168, 144, 228, 204, 156, 144, 228, 228, 228, 168, 252, 264, 276, 264, 216, 168, 120, 192, 204, 168, 216, 132, 72, 120, 24, 108, 72, 96, 12, 120, 96, 84, 72, 36, 84, 120, 144, 108, 48, 60, 36, 144, 60, 108, 60, 60, 96, 108, 48, 96, 108, 144, 84, 48, 96, 60, 60, 84, 120, 72, 72, 36, 72, 108, 60]",,,,
0.127 2.6 10 1,"[0, 192, 12, 60, 24, 84, 24, 60, 60, 36, 24, 24, 36, 24, 36, 12, 48, 12, 12, 36, 0, 48, 12, 36, 0, 24, 24, 12, 12, 0, 24, 0, 0, 0, 0, 0, 0, 0, 0, 0, 0, 0, 0, 0, 12, 12, 0, 0, 0, 0, 0, 12, 0, 24, 12, 0, 0, 0, 0, 24, 0, 0, 0, 24, 12, 12, 36, 0, 0, 0, 12, 24, 0, 12, 60, 48, 84, 60, 72, 108, 84, 60, 84, 36, 84, 300, 204, 360, 264, 312, 348, 252, 372, 372, 324, 348, 276, 204, 288, 324, 264, 336, 348, 264, 228, 264, 312, 336, 228, 264, 288, 264, 252, 240, 252, 204, 204, 192, 228, 276, 252, 84, 168, 324, 252, 156, 192, 276, 252, 228, 252, 240, 216, 288, 324, 228, 156, 252, 192, 300, 252, 264, 168, 192, 276, 252, 264, 372, 324, 228, 288, 336, 360, 264, 252, 252, 168, 384, 276, 264, 312, 372, 300, 300, 264, 204, 228, 264, 228, 444, 276, 324, 300, 252, 276, 252, 384, 276, 276, 180, 192, 420, 228, 264, 288, 384, 144, 312, 312, 396, 264, 348, 204, 228, 240, 252, 228, 276, 240, 240, 252, 324, 228, 324, 252, 288, 288, 300, 264, 264, 144, 468, 240, 312, 276, 276, 156, 264, 288, 312, 312, 264, 312, 312, 264, 216, 264, 420, 312, 240, 312, 48, 288, 204, 216, 372, 240, 276, 288, 360, 252, 168, 168, 252, 252, 204, 168, 144, 216, 156, 132, 132, 216, 36, 96, 84, 132, 132, 24, 300, 48, 132, 36, 156, 24, 60, 48, 24, 60, 36, 84, 12, 84, 48, 72, 60, 12, 96, 48, 60, 0, 156, 0, 60, 24, 324, 48, 36]",44.49047298,11.32963801,16657,16652.0
0.127 2.7 2 1,"[72, 48, 12, 36, 72, 24, 48, 60, 60, 24, 36, 48, 0, 0, 24, 48, 48, 12, 12, 24, 24, 12, 12, 12, 12, 0, 24, 12, 12, 0, 0, 12, 12, 24, 12, 48, 12, 12, 0, 0, 0, 0, 0, 0, 0, 12, 0, 0, 24, 24, 24, 0, 24, 0, 12, 24, 36, 24, 24, 24, 48, 36, 12, 12, 36, 12, 36, 12, 72, 60, 24, 60, 72, 48, 96, 48, 60, 108, 96, 96, 84, 180, 132, 156, 168, 240, 264, 288, 252, 312, 264, 408, 348, 264, 480, 288, 384, 336, 240, 384, 396, 348, 384, 324, 360, 300, 336, 384, 336, 444, 300, 288, 372, 276, 288, 264, 348, 348, 324, 264, 216, 336, 384, 324, 360, 276, 288, 372, 324, 300, 384, 336, 372, 336, 336, 384, 252, 372, 360, 240, 312, 360, 360, 324, 288, 336, 336, 264, 432, 252, 204, 384, 300, 312, 456, 300, 336, 360, 180, 300, 264, 264, 276, 276, 240, 288, 312, 252, 180, 288, 276, 468, 300, 216, 288, 348, 264, 312, 264, 360, 252, 240, 228, 252, 276, 240, 192, 252, 384, 300, 360, 216, 300, 300, 420, 396, 468, 396, 456, 216, 432, 396, 432, 324, 264, 420, 372, 372, 420, 432, 408, 456, 348, 456, 456, 348, 300, 372, 408, 324, 360, 384, 396, 240, 372, 312, 396, 456, 432, 336, 204, 420, 348, 240, 384, 240, 252, 192, 300, 300, 252, 252, 324, 372, 336, 312, 132, 228, 168, 204, 108, 120, 216, 108, 108, 84, 108, 144, 108, 96, 96, 72, 96, 96, 84, 120, 36, 180, 108, 72, 60, 96, 72, 72, 144, 84, 132, 180, 96, 156, 132, 96, 96, 144, 48, 60, 36, 48]",44.4947326264752,11.2950255046048,13552,4463.0
0.127 2.7 4 1,"[36, 0, 48, 36, 24, 24, 24, 24, 48, 36, 12, 12, 24, 12, 24, 12, 24, 24, 24, 0, 24, 24, 12, 12, 12, 0, 0, 0, 0, 0, 0, 0, 0, 0, 12, 12, 0, 0, 12, 0, 0, 0, 12, 12, 0, 0, 12, 24, 12, 0, 0, 12, 0, 0, 0, 0, 24, 0, 0, 0, 0, 12, 12, 0, 24, 36, 12, 0, 12, 12, 48, 12, 12, 12, 12, 36, 36, 60, 36, 36, 0, 24, 36, 36, 36, 72, 72, 60, 108, 108, 96, 108, 144, 156, 312, 240, 336, 264, 168, 204, 300, 156, 168, 264, 252, 132, 216, 264, 192, 180, 216, 96, 192, 48, 168, 228, 132, 132, 108, 108, 180, 204, 144, 264, 204, 156, 168, 252, 168, 132, 180, 192, 132, 108, 228, 96, 156, 156, 180, 108, 228, 120, 180, 108, 132, 120, 156, 156, 132, 204, 156, 240, 168, 240, 228, 144, 144, 132, 204, 156, 108, 264, 168, 192, 132, 168, 144, 192, 156, 300, 252, 192, 240, 204, 276, 192, 108, 180, 144, 144, 240, 132, 192, 108, 144, 192, 144, 180, 204, 216, 228, 192, 132, 180, 216, 228, 228, 228, 192, 276, 192, 300, 312, 336, 252, 264, 216, 240, 168, 204, 192, 288, 276, 312, 216, 264, 240, 264, 300, 168, 192, 252, 228, 240, 336, 192, 216, 252, 288, 252, 264, 156, 192, 168, 156, 192, 240, 216, 120, 144, 96, 168, 204, 228, 168, 168, 144, 192, 96, 132, 84, 132, 72, 24, 36, 72, 108, 72, 84, 36, 72, 36, 60, 60, 48, 108, 36, 96, 48, 72, 12, 24, 36, 60, 60, 12, 96, 60, 84, 84, 60, 36, 60, 60, 36, 12, 72, 60]",44.4947987486551,11.2953728099641,4518,4463.0
0.127 2.7 8 1,"[48, 60, 60, 48, 24, 48, 120, 36, 24, 24, 84, 24, 36, 60, 48, 36, 12, 72, 24, 12, 0, 12, 0, 12, 0, 0, 0, 0, 0, 12, 0, 24, 24, 12, 12, 0, 0, 0, 24, 0, 12, 0, 24, 0, 0, 0, 0, 12, 12, 0, 0, 0, 0, 12, 0, 36, 12, 12, 36, 0, 12, 24, 12, 0, 48, 0, 36, 48, 48, 144, 84, 84, 84, 108, 84, 60, 36, 60, 108, 108, 204, 156, 228, 192, 276, 288, 264, 264, 348, 648, 612, 552, 708, 780, 564, 492, 660, 744, 600, 564, 576, 612, 708, 684, 504, 720, 528, 408, 432, 408, 492, 372, 312, 408, 600, 384, 300, 420, 360, 360, 396, 408, 480, 348, 432, 264, 288, 408, 384, 444, 312, 348, 408, 300, 408, 420, 444, 312, 408, 456, 396, 372, 336, 252, 252, 396, 312, 408, 372, 480, 312, 336, 432, 372, 540, 300, 336, 468, 348, 528, 492, 528, 432, 288, 372, 216, 336, 372, 312, 264, 468, 564, 540, 516, 384, 312, 348, 408, 408, 396, 384, 420, 324, 408, 408, 480, 420, 552, 372, 384, 408, 468, 444, 492, 444, 516, 468, 504, 504, 552, 516, 492, 432, 588, 612, 492, 540, 672, 552, 516, 612, 636, 504, 612, 636, 528, 528, 564, 624, 564, 744, 504, 444, 516, 696, 540, 504, 468, 528, 468, 456, 384, 480, 504, 504, 384, 468, 456, 480, 384, 372, 288, 300, 384, 336, 336, 420, 228, 288, 144, 252, 204, 192, 132, 228, 252, 204, 168, 204, 144, 216, 120, 132, 168, 132, 132, 144, 120, 192, 84, 120, 108, 120, 108, 36, 132, 84, 132, 108, 96, 84, 96, 96, 96, 108, 60, 96, 48]",44.4942177702261,11.2956351356675,4468,15506.0
0.127 2.7 10 1,"[12, 60, 12, 36, 36, 48, 48, 72, 96, 36, 36, 48, 12, 0, 36, 36, 48, 36, 24, 24, 12, 36, 12, 24, 12, 0, 24, 0, 0, 0, 0, 12, 12, 24, 12, 48, 12, 12, 0, 0, 0, 0, 0, 0, 0, 12, 12, 12, 24, 24, 12, 0, 12, 0, 12, 24, 48, 12, 24, 24, 48, 24, 24, 12, 36, 60, 36, 12, 48, 84, 72, 48, 84, 60, 60, 60, 84, 144, 108, 108, 84, 168, 144, 156, 144, 240, 336, 276, 252, 324, 312, 348, 480, 456, 588, 348, 504, 108, 0, 264, 468, 372, 444, 348, 552, 408, 348, 504, 408, 516, 456, 252, 492, 288, 336, 312, 408, 348, 312, 300, 228, 408, 408, 432, 348, 384, 384, 312, 372, 312, 396, 396, 408, 336, 288, 396, 252, 420, 360, 360, 240, 396, 468, 360, 336, 288, 396, 360, 456, 264, 276, 432, 408, 336, 528, 276, 360, 408, 324, 264, 288, 336, 348, 336, 204, 384, 300, 372, 240, 288, 420, 468, 444, 300, 348, 408, 204, 396, 300, 360, 384, 240, 336, 240, 252, 240, 300, 228, 408, 348, 444, 276, 276, 312, 420, 336, 528, 468, 324, 432, 516, 564, 408, 516, 420, 420, 480, 432, 516, 564, 420, 396, 408, 516, 600, 492, 324, 480, 456, 420, 408, 480, 468, 420, 468, 444, 456, 516, 516, 564, 312, 492, 420, 312, 384, 360, 444, 204, 360, 360, 360, 276, 324, 408, 432, 408, 216, 336, 180, 288, 120, 144, 192, 180, 84, 156, 192, 156, 168, 108, 120, 84, 120, 120, 132, 132, 60, 192, 144, 60, 60, 96, 60, 84, 120, 96, 120, 156, 84, 240, 144, 108, 84, 156, 60, 48, 72, 72]",44.4944414675276,11.2957419645638,4463,15506.0
0.127 2.8 2 1,"[12, 12, 24, 0, 12, 0, 24, 12, 36, 24, 60, 0, 0, 12, 24, 0, 36, 0, 12, 12, 0, 0, 0, 24, 24, 12, 0, 0, 24, 0, 0, 0, 12, 12, 0, 0, 0, 0, 0, 12, 0, 0, 0, 0, 0, 0, 0, 0, 0, 0, 0, 0, 0, 12, 0, 0, 0, 0, 0, 0, 0, 12, 12, 0, 0, 0, 0, 0, 0, 12, 12, 0, 24, 0, 0, 24, 12, 0, 0, 60, 24, 36, 12, 24, 24, 24, 36, 84, 84, 60, 72, 108, 24, 96, 48, 144, 84, 144, 108, 96, 36, 60, 156, 108, 60, 180, 108, 120, 108, 48, 96, 168, 132, 60, 156, 72, 72, 120, 84, 36, 120, 120, 48, 120, 36, 108, 84, 48, 84, 96, 108, 72, 108, 168, 120, 84, 120, 120, 144, 108, 60, 120, 96, 96, 108, 60, 60, 84, 84, 108, 48, 48, 108, 96, 120, 60, 24, 72, 96, 132, 60, 36, 96, 60, 144, 120, 144, 132, 168, 144, 84, 72, 108, 36, 96, 72, 132, 156, 204, 48, 132, 120, 72, 96, 84, 180, 120, 108, 84, 192, 156, 84, 168, 132, 156, 144, 72, 180, 108, 120, 120, 168, 96, 144, 96, 120, 108, 120, 120, 96, 144, 192, 228, 132, 180, 60, 84, 216, 144, 96, 108, 168, 120, 144, 252, 144, 192, 192, 144, 120, 156, 168, 96, 144, 120, 120, 120, 144, 168, 132, 72, 60, 72, 192, 72, 24, 60, 72, 96, 36, 72, 24, 60, 72, 36, 48, 12, 36, 24, 24, 72, 48, 24, 12, 60, 24, 60, 48, 60, 48, 24, 60, 72, 12, 24, 36, 12, 36, 60, 60, 60, 24, 60, 48, 24, 48, 60, 12]",44.4943445847633,11.3107691508301,15580,4571.0
0.127 2.8 4 1,"[48, 60, 48, 72, 24, 84, 0, 60, 24, 24, 72, 24, 72, 12, 96, 36, 12, 36, 24, 12, 24, 24, 12, 36, 24, 0, 36, 24, 24, 24, 12, 24, 12, 12, 12, 0, 0, 0, 12, 36, 24, 0, 0, 12, 12, 0, 12, 0, 24, 12, 24, 0, 24, 0, 12, 12, 0, 0, 24, 12, 36, 12, 24, 12, 12, 36, 12, 60, 48, 48, 0, 24, 24, 24, 24, 36, 96, 72, 48, 48, 72, 96, 132, 60, 72, 96, 144, 192, 156, 252, 204, 168, 288, 132, 240, 216, 240, 312, 156, 0, 168, 204, 288, 120, 216, 348, 24, 0, 216, 288, 180, 180, 120, 288, 120, 276, 216, 264, 228, 12, 60, 204, 264, 240, 216, 168, 216, 300, 0, 24, 336, 408, 228, 144, 312, 324, 216, 264, 168, 264, 192, 240, 192, 108, 0, 192, 240, 252, 300, 204, 228, 168, 432, 264, 252, 252, 348, 276, 384, 204, 324, 216, 144, 240, 168, 228, 288, 276, 324, 240, 240, 180, 0, 72, 384, 144, 156, 204, 288, 252, 264, 240, 216, 300, 228, 288, 216, 252, 192, 156, 192, 228, 288, 276, 0, 24, 252, 264, 336, 360, 396, 336, 264, 372, 276, 288, 336, 216, 288, 312, 192, 372, 276, 288, 360, 204, 240, 360, 252, 264, 264, 420, 240, 348, 252, 252, 396, 252, 408, 372, 336, 252, 240, 336, 336, 360, 168, 252, 240, 132, 204, 252, 312, 216, 144, 324, 336, 204, 156, 72, 0, 48, 120, 192, 84, 108, 84, 132, 120, 84, 36, 72, 120, 108, 96, 120, 108, 132, 132, 96, 144, 144, 168, 24, 96, 108, 120, 60, 60, 84, 96, 96, 96, 72, 36, 108, 84, 96]",44.494098107005,11.3112243441924,4596,4571.0
0.127 2.9 6 1,"[0, 24, 36, 192, 264, 252, 336, 336, 324, 288, 204, 204, 228, 180, 264, 324, 276, 324, 252, 408, 396, 300, 348, 192, 156, 132, 84, 96, 108, 120, 132, 96, 120, 36, 72, 72, 36, 156, 108, 108, 144, 24, 60, 144, 96, 108, 144, 168, 96, 228, 192, 240, 396, 228, 252, 360, 276, 144, 192, 276, 192, 276, 372, 204, 300, 216, 336, 252, 336, 372, 276, 288, 372, 372, 384, 216, 288, 96, 24, 60, 60, 12, 132, 252, 192, 204, 180, 96, 84, 144, 48, 36, 48, 24, 72, 132, 120, 144, 216, 324, 252, 228, 144, 168, 24, 24, 120, 144, 120, 288, 192, 264, 168, 108, 72, 84, 0, 24, 0, 24, 36, 12, 72, 36, 12, 12, 72, 24, 60, 12, 12, 0, 48, 60, 48, 72, 24, 12, 0, 0, 0, 84, 12, 12, 48, 36, 0, 24, 12, 24, 12, 60, 60, 48, 24, 60, 24, 36, 48, 60, 12, 60, 36, 36, 12, 72, 0, 0, 36, 24, 12, 12, 12, 24, 60, 60, 36, 96, 0, 24, 60, 36, 12, 12, 24, 60, 84, 0, 0, 0, 12, 24, 12, 12, 12, 24, 24, 24, 0, 48, 0, 48, 12, 36, 12, 12, 24, 12, 60, 24, 0, 48, 0, 36, 0, 12, 48, 0, 36, 24, 0, 24, 48, 24, 0, 12, 24, 12, 36, 60, 36, 24, 12, 36, 12, 12, 0, 36, 0, 12, 12, 36, 0, 96, 48, 12, 108, 0, 36, 60, 12, 12, 0, 36, 60, 24, 0, 36, 36, 24, 12, 12, 0, 0, 0, 12, 0, 48, 0, 36, 0, 24, 0, 12, 0, 12, 12, 12, 0, 36, 24, 84, 12, 36, 0, 24, 12, 24]",44.4951731390054,11.3195970141409,13075,4621.0
0.127 2.9 8 1,"[192, 192, 96, 132, 132, 156, 96, 120, 96, 120, 96, 60, 72, 60, 132, 48, 96, 108, 60, 36, 36, 24, 84, 48, 60, 72, 12, 36, 12, 36, 24, 12, 24, 24, 24, 36, 24, 24, 12, 12, 36, 0, 12, 36, 24, 12, 24, 36, 48, 36, 12, 36, 0, 36, 12, 12, 84, 48, 24, 12, 36, 36, 84, 72, 72, 96, 60, 108, 72, 96, 108, 144, 228, 120, 264, 168, 204, 312, 228, 252, 288, 312, 468, 384, 444, 420, 660, 648, 804, 660, 828, 924, 912, 768, 696, 816, 672, 660, 168, 768, 792, 840, 816, 840, 900, 180, 744, 756, 672, 684, 720, 684, 192, 672, 672, 540, 696, 648, 660, 744, 648, 720, 756, 384, 804, 708, 636, 672, 780, 552, 708, 708, 684, 504, 672, 660, 828, 612, 600, 648, 768, 600, 576, 540, 708, 672, 768, 660, 540, 588, 492, 564, 636, 708, 756, 516, 432, 588, 684, 504, 612, 648, 564, 624, 696, 504, 660, 672, 636, 468, 24, 672, 672, 648, 720, 600, 612, 696, 648, 444, 468, 624, 720, 576, 636, 576, 612, 636, 756, 612, 468, 696, 96, 600, 708, 372, 360, 924, 852, 588, 204, 696, 708, 780, 708, 840, 720, 852, 660, 852, 1044, 876, 924, 828, 816, 828, 744, 744, 780, 864, 804, 816, 804, 756, 816, 804, 720, 732, 684, 876, 816, 816, 744, 672, 672, 720, 684, 648, 816, 840, 684, 708, 624, 780, 468, 168, 612, 684, 648, 456, 372, 408, 468, 504, 396, 348, 324, 264, 396, 276, 264, 324, 228, 264, 216, 324, 408, 336, 456, 360, 264, 264, 312, 264, 408, 420, 300, 264, 348, 48, 384, 312, 336, 264, 336, 348, 228, 144]",44.4952144648198,11.3181693906392,4691,4678.0
0.127 2.10 8 1,"[12, 12, 12, 24, 0, 12, 0, 12, 0, 0, 0, 12, 48, 24, 0, 0, 12, 0, 0, 0, 0, 0, 12, 12, 0, 0, 0, 12, 0, 0, 12, 0, 0, 12, 0, 0, 0, 0, 0, 0, 0, 0, 0, 0, 0, 0, 12, 0, 0, 0, 0, 0, 0, 0, 0, 0, 24, 0, 0, 0, 0, 12, 0, 0, 12, 24, 0, 36, 0, 24, 24, 0, 0, 12, 12, 36, 24, 48, 24, 48, 60, 24, 60, 72, 48, 72, 36, 36, 144, 120, 204, 156, 348, 324, 300, 252, 384, 204, 264, 252, 156, 228, 204, 192, 144, 120, 168, 144, 168, 144, 60, 60, 180, 48, 72, 48, 72, 144, 84, 120, 36, 108, 24, 72, 84, 96, 60, 108, 180, 36, 84, 84, 120, 36, 84, 108, 156, 120, 108, 156, 60, 96, 120, 48, 108, 132, 96, 72, 108, 84, 84, 84, 72, 144, 168, 144, 144, 108, 96, 348, 204, 156, 72, 84, 144, 96, 144, 216, 60, 192, 108, 300, 120, 108, 36, 72, 48, 72, 132, 96, 108, 84, 84, 60, 84, 36, 84, 96, 96, 144, 120, 60, 36, 108, 120, 60, 144, 60, 84, 84, 132, 168, 72, 84, 144, 156, 60, 168, 60, 132, 84, 72, 84, 132, 96, 84, 96, 204, 108, 108, 132, 96, 96, 132, 48, 132, 144, 144, 240, 180, 132, 132, 192, 120, 168, 48, 156, 132, 108, 132, 24, 72, 120, 36, 84, 60, 120, 120, 108, 108, 72, 72, 108, 24, 72, 24, 48, 48, 60, 36, 0, 24, 24, 36, 36, 60, 48, 72, 36, 24, 24, 24, 36, 36, 12, 12, 48, 24, 12, 48, 36, 48, 60, 84, 36, 108, 36, 36]",44.4937079783006,11.3282993665462,6039,6028.0
0.127 2.10 10 1,"[12, 0, 24, 12, 36, 24, 12, 12, 24, 36, 24, 12, 24, 0, 0, 12, 24, 0, 12, 12, 24, 0, 12, 0, 48, 24, 36, 0, 0, 0, 12, 0, 0, 0, 0, 0, 0, 0, 0, 0, 0, 0, 0, 0, 0, 12, 0, 0, 0, 0, 0, 0, 0, 0, 0, 0, 0, 12, 0, 12, 12, 0, 12, 12, 0, 36, 0, 12, 0, 12, 12, 12, 12, 36, 36, 24, 0, 24, 72, 0, 72, 36, 48, 72, 96, 168, 156, 252, 108, 240, 204, 312, 348, 444, 276, 336, 348, 348, 312, 324, 324, 288, 324, 336, 312, 288, 240, 240, 180, 180, 312, 312, 228, 228, 180, 180, 168, 228, 204, 168, 168, 168, 144, 192, 204, 204, 288, 216, 276, 192, 204, 96, 228, 156, 216, 132, 180, 204, 216, 192, 216, 204, 132, 204, 144, 204, 168, 180, 168, 216, 144, 204, 192, 240, 252, 240, 216, 228, 312, 288, 192, 276, 360, 372, 240, 348, 180, 180, 276, 324, 324, 276, 252, 204, 348, 132, 120, 192, 300, 252, 228, 216, 228, 168, 252, 168, 264, 192, 204, 264, 276, 288, 132, 216, 204, 156, 384, 240, 276, 216, 264, 228, 276, 264, 288, 372, 288, 348, 240, 396, 192, 252, 276, 360, 216, 192, 204, 264, 216, 288, 276, 312, 264, 300, 264, 180, 276, 228, 192, 276, 336, 204, 204, 240, 348, 300, 240, 180, 156, 180, 276, 132, 192, 192, 132, 156, 156, 108, 156, 144, 84, 132, 144, 84, 60, 60, 84, 72, 60, 60, 36, 108, 24, 96, 12, 36, 60, 84, 60, 36, 72, 12, 36, 84, 96, 84, 36, 60, 72, 96, 48, 96, 36, 48, 36, 108, 48, 24]",44.4937218654403,11.3287720902502,16675,16677.0
0.127 2.10 10 2,"[36, 48, 24, 24, 48, 60, 36, 48, 12, 48, 48, 12, 36, 12, 48, 36, 12, 0, 12, 12, 12, 12, 12, 24, 0, 0, 0, 0, 12, 0, 12, 0, 36, 24, 0, 0, 24, 0, 0, 0, 0, 0, 12, 12, 12, 0, 36, 0, 0, 0, 0, 0, 24, 0, 12, 0, 0, 0, 12, 0, 12, 12, 36, 12, 24, 24, 0, 24, 48, 24, 36, 84, 36, 36, 36, 48, 84, 60, 84, 72, 72, 72, 108, 96, 108, 84, 108, 108, 180, 144, 180, 288, 156, 288, 216, 288, 204, 216, 180, 168, 204, 96, 72, 132, 192, 120, 204, 84, 156, 180, 120, 144, 96, 144, 96, 144, 156, 84, 84, 96, 168, 108, 96, 60, 108, 108, 108, 144, 156, 168, 120, 72, 120, 96, 120, 120, 108, 96, 144, 120, 144, 84, 72, 180, 108, 216, 84, 84, 144, 156, 108, 180, 120, 204, 144, 120, 144, 180, 156, 192, 132, 156, 120, 120, 204, 144, 144, 192, 144, 108, 144, 96, 108, 144, 108, 60, 132, 108, 72, 96, 60, 132, 48, 108, 156, 156, 156, 156, 132, 96, 156, 120, 156, 156, 144, 120, 132, 120, 180, 96, 228, 180, 192, 108, 144, 156, 264, 120, 144, 84, 276, 96, 240, 156, 132, 192, 192, 120, 144, 120, 168, 144, 240, 180, 144, 144, 168, 96, 192, 180, 144, 144, 132, 240, 156, 144, 168, 144, 144, 72, 156, 168, 168, 252, 84, 156, 180, 96, 108, 180, 96, 120, 60, 108, 156, 120, 96, 60, 60, 36, 108, 72, 120, 48, 72, 84, 72, 132, 72, 60, 48, 96, 84, 108, 72, 48, 72, 72, 60, 96, 60, 120, 48, 72, 36, 72, 24, 60]",44.4948641751239,11.328173238949,16683,16679.0
0.127 2.12 2 1,"[72, 36, 120, 60, 108, 144, 132, 84, 12, 84, 84, 84, 0, 84, 24, 72, 24, 36, 36, 12, 72, 72, 60, 24, 0, 60, 36, 24, 72, 36, 48, 36, 12, 0, 0, 24, 0, 24, 12, 0, 36, 48, 0, 0, 24, 60, 24, 0, 12, 48, 0, 24, 36, 12, 0, 72, 12, 96, 48, 12, 84, 96, 96, 36, 72, 132, 144, 144, 240, 156, 132, 120, 180, 120, 180, 204, 192, 144, 360, 276, 288, 372, 300, 444, 468, 468, 588, 684, 612, 576, 696, 624, 744, 480, 672, 600, 636, 588, 588, 432, 612, 444, 756, 576, 792, 684, 684, 552, 768, 504, 552, 396, 420, 492, 516, 408, 528, 468, 528, 432, 528, 408, 528, 432, 552, 372, 624, 456, 660, 396, 384, 408, 444, 408, 444, 384, 468, 432, 504, 360, 480, 432, 432, 444, 360, 480, 588, 492, 576, 312, 624, 480, 552, 336, 336, 480, 300, 504, 480, 516, 408, 528, 408, 468, 576, 324, 540, 396, 360, 456, 516, 420, 336, 492, 432, 456, 492, 540, 468, 492, 372, 528, 552, 492, 384, 516, 504, 516, 396, 408, 432, 468, 444, 396, 732, 504, 540, 528, 468, 636, 528, 732, 576, 600, 696, 588, 756, 756, 924, 648, 732, 792, 744, 840, 636, 468, 720, 648, 828, 576, 732, 636, 468, 468, 612, 480, 420, 468, 396, 372, 408, 336, 516, 372, 384, 396, 540, 264, 396, 492, 348, 336, 312, 456, 444, 360, 396, 228, 264, 192, 240, 204, 228, 228, 216, 252, 144, 204, 240, 108, 120, 108, 132, 96, 132, 204, 72, 108, 192, 108, 192, 24, 204, 72, 72, 168, 168, 108, 144, 120, 156, 108, 180, 60, 168, 60, 180, 156]",44.5229052498047,11.2610795607824,8512,8513.0
0.127 2.13 4 1,"[240, 276, 192, 264, 300, 204, 192, 216, 156, 156, 288, 168, 204, 180, 84, 180, 60, 144, 204, 120, 96, 120, 96, 228, 144, 120, 72, 84, 60, 72, 72, 60, 60, 36, 60, 12, 72, 84, 48, 72, 84, 72, 72, 12, 132, 24, 48, 60, 84, 60, 24, 72, 96, 156, 36, 36, 132, 156, 120, 48, 132, 156, 252, 264, 264, 276, 420, 276, 564, 396, 456, 228, 264, 276, 312, 276, 336, 420, 468, 672, 708, 612, 552, 828, 996, 948, 1248, 1524, 1344, 1524, 1728, 1764, 2136, 2016, 1560, 1752, 1296, 1548, 1332, 1704, 1344, 1656, 1656, 1488, 1416, 1308, 1392, 1128, 1200, 1200, 1032, 1320, 852, 1356, 972, 984, 996, 900, 936, 1008, 1212, 1068, 888, 1020, 1140, 972, 936, 1080, 792, 1164, 960, 984, 936, 900, 864, 1068, 1068, 996, 1116, 924, 1152, 1056, 960, 1020, 1284, 1032, 936, 1044, 1032, 1008, 1104, 960, 1080, 1020, 1188, 948, 1044, 996, 1068, 1020, 1008, 984, 1140, 804, 1164, 1008, 1044, 864, 1020, 1200, 1068, 1284, 1260, 1344, 1116, 996, 1284, 960, 1152, 1116, 1020, 1008, 1092, 1080, 1188, 1068, 948, 1032, 840, 1032, 852, 1128, 1020, 1092, 1224, 1116, 1152, 996, 1236, 924, 1428, 1320, 1224, 1200, 1236, 1224, 1392, 1200, 1152, 1104, 1176, 1092, 1092, 1092, 1104, 1068, 1092, 1320, 1116, 1476, 912, 996, 888, 924, 996, 960, 1032, 1164, 912, 876, 972, 1236, 996, 732, 828, 888, 816, 972, 936, 960, 732, 708, 816, 924, 744, 756, 756, 636, 756, 468, 468, 456, 468, 456, 492, 636, 480, 528, 600, 348, 456, 480, 492, 396, 372, 456, 660, 480, 432, 336, 240, 348, 444, 624, 504, 432, 528, 420, 396, 444, 444, 396, 528, 384, 504, 492, 468, 384]",44.5141898632855,11.2682098473703,8456,17397.0
0.127 2.15 6 1,"[72, 120, 108, 48, 36, 24, 48, 60, 84, 60, 24, 84, 60, 36, 48, 36, 24, 0, 48, 36, 12, 48, 48, 96, 24, 12, 60, 12, 0, 24, 12, 24, 24, 24, 0, 24, 12, 36, 0, 0, 24, 12, 24, 24, 12, 24, 12, 12, 24, 24, 12, 36, 72, 36, 36, 48, 72, 36, 60, 24, 84, 84, 120, 48, 120, 144, 144, 156, 144, 144, 108, 36, 168, 144, 264, 228, 240, 228, 204, 228, 324, 408, 432, 408, 528, 576, 588, 420, 636, 504, 720, 684, 612, 672, 672, 720, 828, 480, 612, 600, 444, 588, 540, 396, 552, 516, 504, 600, 588, 504, 492, 312, 492, 372, 612, 408, 408, 492, 540, 648, 456, 408, 456, 456, 540, 408, 444, 348, 456, 444, 360, 432, 324, 600, 492, 408, 408, 432, 444, 612, 396, 420, 600, 480, 456, 564, 456, 432, 528, 492, 432, 504, 576, 528, 384, 408, 396, 492, 540, 612, 504, 420, 396, 420, 336, 408, 384, 276, 456, 564, 708, 816, 576, 444, 468, 468, 312, 300, 540, 324, 396, 432, 372, 456, 456, 360, 396, 492, 420, 408, 444, 384, 384, 540, 348, 408, 480, 444, 540, 648, 468, 540, 624, 336, 576, 732, 492, 624, 516, 456, 504, 480, 300, 372, 624, 444, 588, 648, 432, 576, 564, 492, 660, 564, 708, 444, 456, 396, 516, 528, 468, 576, 360, 432, 348, 444, 540, 564, 492, 384, 288, 528, 516, 480, 360, 312, 324, 336, 228, 204, 204, 264, 120, 192, 204, 240, 252, 216, 180, 216, 252, 204, 132, 180, 204, 180, 216, 132, 108, 180, 132, 204, 144, 144, 132, 228, 192, 192, 156, 192, 120, 156, 156, 216, 84, 96, 204, 180]",44.504281188302,11.2914993892691,8627,8622.0
0.127 2.17 4 1,"[228, 396, 324, 396, 180, 552, 252, 336, 192, 288, 312, 192, 240, 204, 132, 120, 84, 168, 216, 156, 108, 168, 96, 132, 132, 60, 108, 120, 48, 144, 72, 36, 84, 24, 60, 0, 72, 12, 48, 60, 48, 48, 60, 96, 60, 36, 72, 72, 60, 108, 96, 36, 84, 132, 96, 180, 72, 120, 84, 132, 156, 72, 120, 228, 180, 216, 240, 240, 276, 252, 288, 216, 276, 312, 264, 312, 420, 360, 432, 624, 384, 684, 708, 636, 744, 900, 984, 1032, 1164, 1212, 1296, 1332, 1260, 1464, 1212, 1296, 1380, 1104, 1296, 1200, 1176, 1500, 1212, 1512, 1164, 1308, 1080, 1152, 1176, 1152, 1044, 1080, 984, 984, 876, 1092, 960, 1068, 1152, 1020, 1020, 972, 1236, 936, 900, 1032, 972, 948, 900, 948, 852, 1068, 936, 960, 792, 1236, 888, 972, 1008, 1296, 1200, 1032, 1152, 1068, 1020, 1032, 1008, 1152, 1128, 1236, 1164, 1044, 1416, 1020, 876, 1212, 1200, 1056, 1116, 1104, 1332, 1116, 1032, 1044, 1116, 876, 1068, 1128, 948, 1464, 1248, 1140, 1164, 1188, 1008, 1140, 1164, 1128, 1212, 1188, 1032, 1020, 1032, 852, 1116, 1200, 948, 1032, 1056, 1008, 1044, 1152, 1140, 1392, 1260, 1368, 1212, 1056, 1152, 1128, 1464, 1260, 1392, 1236, 1032, 1068, 1320, 612, 1356, 1200, 1140, 1176, 1068, 1128, 1332, 1272, 1128, 1140, 1020, 1128, 1092, 1140, 840, 1176, 1128, 1248, 900, 1176, 924, 1212, 1380, 1140, 1068, 1068, 888, 1080, 1044, 1044, 1200, 1008, 948, 1140, 1128, 1056, 888, 720, 960, 636, 696, 684, 552, 684, 648, 720, 588, 552, 540, 480, 324, 588, 336, 456, 396, 396, 312, 576, 576, 420, 408, 384, 432, 384, 444, 408, 480, 468, 408, 456, 408, 588, 384, 588, 528, 480, 516, 468, 456, 480]",44.502504683895,11.2990999086141,8764,15510.0
0.127 2.18 6 1,"[0, 12, 12, 12, 0, 0, 12, 24, 0, 0, 0, 0, 0, 12, 0, 0, 0, 12, 0, 0, 0, 0, 0, 24, 0, 0, 12, 0, 12, 0, 0, 0, 12, 0, 0, 0, 0, 12, 0, 0, 0, 0, 0, 0, 0, 0, 0, 0, 0, 0, 0, 0, 0, 0, 0, 0, 0, 0, 0, 0, 0, 0, 0, 0, 0, 0, 0, 12, 0, 0, 12, 0, 0, 0, 0, 12, 36, 0, 24, 0, 0, 36, 0, 0, 12, 36, 36, 60, 24, 72, 48, 24, 60, 0, 0, 72, 24, 48, 36, 48, 0, 12, 36, 36, 48, 48, 12, 36, 24, 48, 84, 96, 72, 24, 48, 24, 84, 48, 48, 36, 48, 36, 12, 84, 96, 96, 96, 60, 60, 12, 60, 108, 12, 96, 84, 108, 96, 12, 12, 72, 72, 48, 96, 84, 72, 108, 60, 48, 36, 24, 60, 144, 60, 12, 36, 24, 96, 48, 96, 120, 12, 72, 72, 48, 120, 84, 84, 36, 72, 84, 36, 96, 24, 108, 12, 132, 60, 36, 36, 96, 60, 84, 48, 48, 36, 60, 48, 84, 84, 132, 48, 120, 36, 96, 84, 72, 72, 96, 60, 144, 36, 48, 48, 36, 12, 120, 60, 72, 96, 48, 84, 60, 36, 84, 48, 60, 60, 72, 60, 60, 0, 48, 60, 36, 48, 72, 24, 12, 72, 36, 24, 36, 12, 36, 36, 36, 60, 72, 60, 36, 48, 24, 36, 12, 36, 12, 12, 12, 36, 12, 12, 24, 12, 12, 24, 12, 24, 36, 0, 12, 12, 36, 0, 36, 12, 0, 12, 12, 0, 24, 0, 0, 12, 0, 12, 36, 12, 0, 12, 0, 12, 0, 0, 0, 12, 0, 0, 0]",44.4985350861187,11.3093473331418,17338,4568.0
0.127 2.18 7 1,"[0, 0, 0, 0, 24, 0, 0, 0, 0, 0, 0, 0, 0, 0, 0, 0, 0, 0, 0, 0, 0, 0, 0, 0, 0, 0, 0, 0, 0, 0, 12, 0, 0, 0, 0, 0, 0, 0, 0, 0, 0, 0, 0, 0, 0, 0, 0, 0, 0, 0, 0, 0, 0, 0, 0, 0, 0, 0, 0, 0, 0, 0, 0, 0, 0, 0, 0, 0, 0, 0, 0, 0, 0, 0, 0, 0, 0, 0, 12, 0, 24, 24, 24, 12, 24, 12, 24, 24, 0, 12, 12, 0, 24, 12, 0, 24, 12, 12, 0, 24, 72, 36, 24, 72, 36, 24, 36, 12, 48, 48, 24, 12, 72, 48, 60, 24, 0, 84, 72, 48, 48, 48, 48, 12, 24, 24, 144, 24, 36, 60, 36, 36, 72, 36, 12, 72, 48, 36, 72, 72, 24, 12, 36, 48, 24, 36, 48, 12, 60, 12, 60, 24, 24, 84, 36, 12, 0, 36, 48, 24, 12, 0, 48, 36, 24, 84, 12, 24, 12, 36, 72, 36, 36, 36, 36, 36, 48, 24, 72, 60, 36, 24, 12, 48, 12, 24, 36, 36, 72, 24, 36, 36, 12, 120, 72, 84, 36, 60, 72, 48, 108, 36, 24, 48, 48, 12, 48, 24, 48, 36, 24, 24, 24, 48, 0, 24, 24, 0, 48, 72, 12, 36, 48, 12, 24, 24, 24, 36, 24, 12, 24, 48, 48, 36, 84, 96, 84, 24, 36, 48, 24, 12, 48, 36, 24, 12, 24, 60, 24, 36, 72, 24, 12, 12, 24, 12, 0, 0, 24, 0, 0, 12, 12, 12, 24, 36, 0, 0, 12, 0, 0, 12, 0, 12, 0, 0, 0, 36, 0, 12, 0, 12, 0, 12, 0, 0, 0, 0]",44.4988800407248,11.3093607306913,8763,4568.0
0.127 2.18 8 1,"[240, 396, 276, 240, 324, 204, 288, 180, 204, 228, 192, 156, 204, 120, 144, 144, 240, 216, 144, 72, 180, 156, 144, 108, 36, 48, 60, 84, 108, 48, 60, 48, 36, 60, 24, 0, 48, 60, 60, 60, 24, 36, 72, 84, 12, 84, 60, 36, 24, 60, 96, 60, 48, 72, 48, 36, 84, 108, 144, 96, 120, 168, 204, 144, 300, 180, 252, 372, 360, 408, 312, 360, 372, 420, 600, 636, 540, 816, 612, 732, 996, 984, 888, 1212, 1392, 1644, 1740, 2004, 2304, 2220, 2424, 2364, 1932, 1824, 1884, 1872, 1968, 1740, 1752, 1692, 1872, 1944, 2112, 2088, 1812, 1716, 1764, 1860, 1644, 1716, 1932, 1884, 1116, 1428, 1512, 1344, 1308, 1716, 1608, 1536, 1584, 1476, 1344, 1476, 1596, 1488, 1752, 1404, 1608, 1548, 1464, 1248, 1692, 1188, 1452, 1296, 1620, 1476, 1428, 1596, 1272, 1536, 1236, 1548, 1212, 1428, 1668, 1344, 1440, 1440, 1416, 1560, 1524, 1728, 1512, 1608, 1692, 1536, 1560, 1332, 1440, 1380, 1728, 1392, 1548, 1644, 1668, 1284, 1392, 1476, 1584, 1656, 1644, 1788, 1788, 1332, 1608, 1620, 1524, 1512, 1296, 1344, 1740, 1416, 1836, 1656, 1944, 1356, 1752, 1692, 1788, 1596, 1596, 1824, 1812, 1788, 1872, 1908, 1656, 1824, 2088, 2124, 1716, 1944, 1668, 1836, 1896, 2232, 1968, 2160, 1908, 2292, 2100, 2496, 1920, 1896, 2064, 1908, 2052, 2172, 2004, 2184, 1872, 2268, 2076, 2136, 2256, 1884, 1608, 1488, 1764, 1800, 1896, 1848, 1932, 1536, 1896, 1848, 1752, 1980, 1536, 1464, 1632, 1416, 1500, 1380, 1452, 1356, 1092, 1008, 984, 1020, 1068, 960, 1104, 816, 696, 900, 684, 852, 828, 744, 444, 768, 756, 696, 684, 648, 768, 720, 768, 756, 504, 576, 540, 612, 744, 672, 648, 576, 732, 480, 684, 768, 744, 360, 528, 552]",44.4990522268361,11.3086826273458,8763,4568.0
0.127 2.18 10 1,"[0, 12, 0, 0, 0, 12, 0, 0, 12, 0, 0, 0, 12, 0, 0, 0, 0, 0, 0, 0, 0, 0, 0, 12, 0, 0, 0, 0, 12, 0, 0, 0, 0, 0, 0, 0, 0, 0, 0, 0, 0, 0, 0, 0, 0, 0, 0, 0, 0, 0, 0, 0, 0, 0, 0, 0, 0, 0, 0, 0, 0, 0, 0, 0, 0, 0, 0, 0, 0, 0, 0, 0, 0, 0, 12, 0, 0, 0, 0, 12, 0, 0, 0, 0, 0, 12, 24, 0, 0, 12, 36, 24, 36, 0, 24, 48, 12, 36, 36, 12, 36, 12, 12, 48, 24, 24, 36, 12, 12, 12, 0, 12, 36, 36, 48, 12, 24, 12, 12, 12, 0, 12, 0, 0, 0, 12, 12, 36, 12, 24, 12, 0, 12, 12, 36, 24, 60, 12, 24, 60, 24, 12, 24, 24, 0, 0, 36, 12, 0, 12, 24, 12, 12, 12, 0, 0, 0, 12, 24, 36, 12, 24, 0, 12, 0, 12, 0, 24, 12, 12, 12, 12, 12, 12, 12, 36, 12, 12, 12, 0, 12, 36, 48, 0, 60, 0, 12, 24, 48, 12, 0, 12, 12, 36, 12, 12, 12, 36, 24, 24, 12, 12, 0, 12, 0, 0, 12, 0, 24, 48, 12, 24, 12, 24, 24, 12, 0, 24, 0, 24, 12, 36, 12, 12, 36, 0, 12, 0, 12, 12, 0, 24, 12, 0, 12, 36, 12, 36, 12, 0, 0, 24, 24, 0, 0, 12, 12, 0, 0, 12, 24, 12, 12, 12, 0, 0, 0, 0, 0, 12, 0, 12, 0, 0, 0, 12, 36, 0, 0, 0, 12, 0, 12, 0, 12, 0, 12, 0, 12, 12, 12, 24, 12, 12, 12, 0, 0, 0]",44.4988392708548,11.3098586466771,16850,4568.0
0.127 2.18 10 2,"[36, 0, 0, 0, 36, 0, 0, 0, 0, 0, 0, 0, 0, 0, 0, 0, 0, 0, 0, 0, 0, 0, 0, 0, 0, 0, 0, 0, 12, 12, 12, 0, 0, 0, 0, 0, 0, 12, 0, 0, 0, 0, 0, 0, 0, 0, 0, 12, 0, 0, 0, 0, 12, 0, 0, 0, 0, 0, 12, 0, 12, 0, 0, 12, 0, 0, 0, 0, 24, 36, 0, 12, 0, 0, 0, 24, 12, 24, 0, 12, 24, 12, 36, 48, 48, 12, 12, 48, 0, 24, 24, 12, 36, 12, 0, 36, 36, 36, 36, 24, 72, 48, 48, 108, 48, 48, 72, 36, 48, 72, 96, 48, 48, 108, 96, 60, 24, 84, 48, 84, 60, 60, 48, 24, 48, 60, 144, 84, 60, 84, 84, 24, 84, 48, 48, 36, 144, 36, 72, 132, 36, 48, 72, 24, 96, 36, 48, 72, 60, 60, 36, 72, 48, 72, 96, 24, 24, 60, 96, 12, 48, 12, 48, 60, 36, 108, 60, 24, 36, 36, 84, 60, 60, 48, 72, 24, 96, 60, 84, 36, 84, 36, 24, 36, 48, 36, 36, 36, 180, 24, 96, 72, 36, 120, 132, 120, 84, 84, 132, 108, 96, 120, 48, 36, 84, 12, 36, 72, 108, 96, 48, 24, 48, 84, 24, 60, 24, 24, 96, 84, 24, 36, 72, 48, 36, 48, 12, 96, 48, 24, 48, 72, 72, 36, 96, 108, 60, 60, 36, 72, 48, 36, 60, 84, 36, 24, 48, 60, 48, 48, 96, 48, 12, 24, 36, 0, 12, 12, 48, 0, 12, 24, 12, 12, 24, 12, 24, 12, 12, 12, 0, 12, 12, 24, 0, 24, 36, 24, 12, 12, 48, 12, 24, 24, 12, 0, 0, 0]",44.4988573896583,11.3094985934965,8763,4568.0
0.127 2.19 6 1,"[0, 0, 0, 0, 0, 0, 0, 0, 0, 0, 0, 0, 0, 0, 0, 0, 0, 0, 0, 0, 0, 0, 0, 0, 0, 0, 0, 0, 0, 0, 0, 0, 0, 0, 0, 0, 0, 0, 0, 0, 0, -1, -1, -1, 0, 0, 0, 0, 0, 0, 0, 0, 0, 0, 0, 0, 0, 0, 0, 0, 0, 0, 0, 0, 0, 0, 0, 0, 0, 0, 0, 0, 0, 0, 0, 0, 0, 0, 0, 0, 0, 0, 0, 0, 0, 0, 0, 0, 0, 0, 0, 0, 0, 0, 0, 0, 0, 0, 0, 0, 0, 0, 0, 0, 0, 0, 0, 0, 0, 0, 0, 0, 0, 0, 0, 0, 0, 0, 0, 0, 0, 0, 0, 0, 0, 0, 0, 0, 0, 0, 0, 0, 0, 0, 0, 0, 0, 0, 0, 0, 0, 0, 0, 0, 0, 0, 0, 0, 0, 0, 0, 0, 0, 0, 0, 0, 0, 0, 0, 0, 0, 0, 0, 0, 0, 0, 0, 0, 0, 0, 0, 0, 0, 0, 0, 0, 0, 0, 0, 0, 0, 0, 0, 0, 0, 0, 0, 0, 0, 0, 0, 0, 0, 0, 0, 0, 0, 0, 0, 0, 0, 0, 0, 0, 0, 0, 0, 0, 0, 0, 0, 0, 0, 0, 0, 0, 0, 0, 0, 0, 0, 0, 0, 0, 0, 0, 0, 0, 0, 0, 0, 0, 0, 0, 0, 0, 0, 0, 0, 0, 0, 0, 0, 0, 0, 0, 0, 0, 0, 0, 0, 0, 0, 0, 0, 0, 0, 0, 0, 0, 0, 0, 0, 0, 0, 0, 0, 0, 0, 0, 0, 0, 0, 0, 0, 0, 0, 0, 0, 0, 0, 0, 0, -1, -1, -1, 0, -1]",44.4972742515867,11.3160137227682,4614,4680.0
0.127 2.19 10 1,"[24, 24, 24, 0, 48, 0, 24, 24, 36, 12, 24, 24, 36, 0, 24, 12, 12, 12, 12, 0, 12, 36, 0, 12, 0, 0, 0, 12, 0, 0, 0, 0, 0, 0, 0, 0, 0, 0, 0, 0, 0, -1, -1, -1, 0, 0, 0, 0, 0, 0, 0, 12, 0, 0, 12, 0, 0, 24, 0, 0, 0, 12, 0, 0, 36, 12, 36, 24, 84, 48, 36, 36, 48, 48, 24, 60, 24, 12, 36, 12, 144, 60, 72, 96, 144, 120, 312, 312, 168, 252, 240, 180, 300, 336, 288, 240, 240, 180, 276, 264, 252, 180, 132, 204, 264, 324, 180, 168, 240, 180, 204, 180, 216, 168, 156, 156, 96, 252, 216, 168, 132, 180, 216, 132, 132, 240, 108, 216, 144, 156, 240, 156, 204, 120, 228, 120, 228, 324, 120, 168, 180, 144, 240, 144, 168, 228, 84, 264, 240, 108, 312, 180, 96, 312, 264, 216, 300, 156, 228, 216, 228, 192, 132, 168, 216, 192, 312, 120, 168, 228, 132, 252, 264, 204, 144, 204, 240, 216, 168, 264, 72, 192, 120, 216, 96, 192, 264, 204, 156, 312, 240, 84, 240, 204, 240, 276, 348, 264, 168, 144, 240, 336, 252, 216, 192, 276, 276, 216, 336, 288, 192, 300, 372, 204, 336, 180, 252, 264, 144, 312, 228, 240, 252, 228, 288, 240, 156, 276, 240, 192, 168, 276, 168, 192, 300, 144, 180, 216, 372, 180, 132, 216, 132, 96, 276, 72, 204, 60, 120, 120, 84, 48, 192, 96, 96, 108, 168, 96, 36, 72, 96, 24, 12, 72, 60, 72, 60, 24, 72, 72, 48, 84, 72, 60, 72, 60, 72, 84, 96, 60, 24, 12, 180, -1, -1, -1, 0, -1]",44.4974672343601,11.3160312523868,4680,16850.0
0.127 2.20 2 1,"[180, 84, 108, 84, 120, 72, 84, 108, 60, 48, 24, 60, 36, 48, 24, 36, 96, 48, 24, 60, 12, 48, 36, 72, 24, 12, 12, 0, 36, 24, 24, 0, 12, 12, 0, 24, 36, 0, 12, 12, 0, 12, 12, 0, 12, 36, 36, 24, 48, 0, 12, 0, 12, 0, 0, 24, 36, 0, 48, 24, 36, 24, 0, 0, 0, 60, 96, 48, 96, 24, 60, 72, 12, 60, 36, 108, 96, 48, 60, 108, 48, 144, 216, 96, 204, 336, 312, 324, 540, 444, 384, 420, 456, 504, 660, 588, 588, 336, 564, 600, 420, 432, 468, 312, 336, 372, 300, 276, 192, 396, 240, 348, 360, 300, 300, 384, 312, 312, 468, 300, 324, 240, 276, 252, 192, 228, 324, 264, 192, 240, 324, 408, 324, 240, 456, 336, 372, 300, 384, 360, 432, 252, 360, 252, 360, 300, 456, 348, 240, 348, 444, 324, 420, 408, 444, 360, 624, 528, 480, 408, 312, 240, 288, 240, 384, 300, 300, 240, 528, 684, 348, 216, 300, 384, 468, 408, 348, 204, 360, 348, 456, 372, 348, 396, 324, 288, 516, 396, 492, 480, 264, 384, 660, 576, 480, 612, 516, 708, 528, 468, 540, 456, 396, 384, 576, 468, 528, 492, 624, 480, 528, 492, 552, 564, 564, 552, 468, 492, 432, 540, 360, 396, 432, 516, 360, 480, 348, 348, 504, 468, 480, 504, 324, 360, 456, 384, 480, 600, 456, 408, 336, 480, 408, 372, 432, 336, 312, 192, 348, 192, 180, 120, 180, 156, 144, 156, 132, 192, 156, 168, 168, 132, 192, 132, 96, 216, 180, 144, 120, 96, 84, 156, 192, 192, 144, 324, 108, 144, 168, 132, 144, 168, 132, 168, 216, 96, 156, 120]",44.4973300969747,11.3190584470408,14727,4677.0
0.127 2.20 6 1,"[0, 0, 0, 0, 0, 0, 0, 0, 0, 0, 0, 0, 0, 0, 0, 0, 0, 0, 0, 0, 0, 0, 0, 0, 0, 0, 0, 0, 0, 0, 0, 0, 0, 0, 0, 0, 0, 0, 0, 0, 0, 0, 0, 0, 0, 0, 0, 0, 0, 0, 0, 0, 0, 0, 0, 0, 0, 0, 0, 0, 0, 0, 0, 0, 0, 0, 0, 0, 0, 0, 0, 0, 0, 0, 0, 0, 0, 0, 0, 0, 0, 0, 0, 0, 0, 0, 0, 0, 0, 0, 0, 0, 0, 0, 0, 0, 0, 0, 0, 0, 0, 0, 0, 0, 0, 0, 0, 0, 0, 0, 0, 0, 0, 0, 0, 0, 0, 0, 0, 0, 0, 0, 0, 0, 0, 0, 0, 0, 0, 0, 0, 0, 0, 0, 0, 0, 0, 0, 0, 0, 0, 0, 0, 0, 0, 0, 0, 0, 0, 0, 0, 0, 0, 0, 0, 0, 0, 0, 0, 0, 0, 0, 0, 0, 0, 0, 0, 0, 0, 0, 0, 0, 0, 0, 0, 0, 0, 0, 0, 0, 0, 0, 0, 0, 0, 0, 0, 0, 0, 0, 0, 0, 0, 0, 0, 0, 0, 0, 0, 0, 0, 0, 0, 0, 0, 0, 0, 0, 0, 0, 0, 0, 0, 0, 0, 0, 0, 0, 0, 0, 0, 0, 0, 0, 0, 0, 0, 0, 0, 0, 0, 0, 0, 0, 0, 0, 0, 0, 0, 0, 0, 0, 0, 0, 0, 0, 0, 0, 0, 0, 0, 0, 0, 0, 0, 0, 0, 0, 0, 0, 0, 0, 0, 0, 0, 0, 0, 0, 0, 0, 0, 0, 0, 0, 0, 0, 0, 0, 0, 0, 0, 0, 0, 0, 0, 0, 0, 0]",44.496984735039,11.3210136983984,4693,17116.0
0.127 2.22 4 1,"[0, 0, 0, 0, 0, 0, 0, 0, 0, 0, 0, 0, 0, 0, 0, 0, 0, 0, 0, 0, 0, 0, 0, 0, 0, 0, 0, 0, 0, 0, 0, 0, 0, 0, 0, 0, 0, 0, 0, 0, 0, 0, 0, 0, 0, 0, 0, 0, 0, 0, 0, 0, 0, 0, 0, 0, 0, 0, 0, 0, 0, 0, 0, 0, 0, 0, 0, 0, 0, 0, 0, 0, 0, 0, 0, 0, 0, 0, 0, 0, 0, 0, 0, 0, 0, 0, 0, 0, 0, 0, 0, 0, 0, 0, 0, 0, 0, 0, 0, 0, 0, 0, 0, 0, 0, 0, 0, 0, 0, 0, 0, 0, 0, 0, 0, 0, 0, 0, 0, 0, 0, 0, 0, 0, 0, 0, 0, 0, 0, 0, 0, 0, 0, 0, 0, 0, 0, 0, 0, 0, 0, 0, 0, 0, 0, 0, 0, 0, 0, 0, 0, 0, 0, 0, 0, 0, 0, 0, 0, 0, 0, 0, 0, 0, 0, 0, 0, 0, 0, 0, 0, 0, 0, 0, 0, 0, 0, 0, 0, 0, 0, 0, 0, 0, 0, 0, 0, 0, 0, 0, 0, 0, 0, 0, 0, 0, 0, 0, 0, 0, 0, 0, 0, 0, 0, 0, 0, 0, 0, 0, 0, 0, 0, 0, 0, 0, 0, 0, 0, 0, 0, 0, 0, 0, 0, 0, 0, 0, 0, 0, 0, 0, 0, 0, 0, 0, 0, 0, 0, 0, 0, 0, 0, 0, 0, 0, 0, 0, 0, 0, 0, 0, 0, 0, 0, 0, 0, 0, 0, 0, 0, 0, 0, 0, 0, 0, 0, 0, 0, 0, 0, 0, 0, 0, 0, 0, 0, 0, 0, 0, 0, 0, 0, 0, 0, 0, 0, 0]",44.4997570775895,11.296252754040268,4502,4458.0
0.127 2.22 6 1,"[24, 24, 12, 36, 12, 12, 24, 36, 24, 12, 12, 36, 48, 0, 0, 0, 36, 48, 12, 12, 0, 12, 0, 12, 24, 0, 0, 36, 0, 12, 0, 12, 0, 24, 0, 0, 0, 0, 24, 0, 12, 0, 0, 0, 0, 12, 0, 0, 0, 0, 0, 0, 36, 0, 12, 0, 12, 36, 24, 12, 60, 12, 12, 48, 48, 48, 36, 12, 24, 36, 36, 48, 48, 48, 36, 60, 108, 84, 120, 72, 120, 96, 84, 132, 120, 120, 192, 228, 180, 276, 216, 192, 324, 360, 336, 276, 264, 384, 324, 288, 276, 336, 324, 528, 240, 336, 312, 252, 276, 336, 216, 348, 252, 252, 276, 336, 228, 216, 276, 204, 336, 168, 216, 216, 264, 192, 240, 264, 336, 312, 240, 216, 204, 348, 240, 348, 264, 360, 276, 288, 312, 288, 288, 204, 192, 324, 336, 240, 264, 228, 180, 216, 168, 264, 156, 156, 264, 300, 168, 216, 372, 216, 204, 168, 192, 228, 180, 168, 216, 192, 228, 312, 276, 228, 180, 180, 144, 276, 180, 216, 180, 240, 204, 192, 132, 168, 276, 168, 204, 264, 300, 228, 216, 216, 276, 300, 204, 324, 240, 360, 300, 312, 384, 324, 252, 264, 192, 336, 300, 372, 240, 324, 348, 276, 288, 156, 360, 276, 228, 228, 276, 204, 324, 228, 264, 288, 288, 204, 228, 276, 168, 264, 192, 192, 228, 144, 180, 276, 228, 120, 144, 156, 252, 228, 144, 216, 156, 120, 144, 48, 108, 132, 72, 120, 96, 120, 108, 84, 48, 60, 84, 84, 84, 72, 72, 96, 84, 84, 72, 96, 120, 84, 84, 108, 108, 60, 36, 48, 36, 36, 48, 60, 96, 48, 12, 48, 120, 60]",44.49952886623746,11.295603661295578,4501,4502.0
0.127 2.22 8 1,"[36, 36, 24, 72, 12, 72, 24, 12, 0, 24, 0, 12, 12, 12, 12, 12, 48, 72, 12, 0, 12, 12, 36, 0, 0, 12, 0, 0, 0, 0, 12, 0, 0, 12, 0, 12, 12, 12, 0, 12, 0, 0, 0, 0, 0, 12, 0, 12, 0, 0, 0, 12, 12, 0, 0, 0, 12, 0, 24, 12, 12, 12, 0, 0, 24, 24, 24, 12, 24, 24, 24, 24, 48, 60, 12, 72, 60, 36, 108, 24, 96, 60, 96, 96, 132, 180, 108, 132, 120, 264, 300, 180, 252, 312, 324, 360, 264, 204, 276, 288, 396, 336, 360, 228, 252, 276, 264, 180, 204, 168, 132, 168, 180, 228, 228, 192, 228, 276, 168, 204, 216, 132, 168, 216, 144, 144, 180, 180, 168, 168, 156, 192, 168, 156, 180, 156, 132, 132, 120, 84, 180, 228, 192, 84, 120, 192, 132, 120, 228, 156, 168, 156, 180, 192, 144, 96, 144, 108, 180, 228, 180, 192, 132, 132, 192, 180, 168, 204, 168, 228, 156, 144, 84, 132, 192, 180, 120, 228, 264, 204, 84, 240, 156, 192, 132, 228, 228, 180, 168, 312, 144, 156, 336, 156, 264, 372, 276, 252, 216, 228, 312, 204, 288, 240, 216, 192, 228, 204, 204, 204, 204, 252, 300, 288, 264, 204, 252, 228, 288, 240, 216, 348, 204, 228, 228, 192, 228, 240, 132, 156, 240, 204, 156, 204, 132, 216, 156, 216, 120, 156, 120, 156, 156, 156, 144, 156, 132, 156, 120, 168, 84, 144, 84, 84, 60, 84, 24, 24, 72, 96, 84, 48, 84, 60, 36, 84, 96, 108, 36, 60, 120, 60, 24, 96, 72, 48, 48, 60, 36, 96, 48, 60, 36, 36, 60, 12, 60, 12]",44.49972268117134,11.295488165952865,4504,4502.0
0.127 2.23 2 1,"[72, 48, 24, 48, 36, 72, 0, 36, 108, 0, 24, 0, 24, 0, 0, 24, 12, 36, 24, 0, 12, 0, 0, 0, 0, 12, 48, 0, 24, 12, 24, 24, 0, 0, 0, 0, 0, 0, 0, 0, 0, 0, 0, 12, 0, 24, 24, 24, 0, 0, 24, 48, 0, 0, 12, 24, 0, 24, 12, 0, 12, 12, 72, 60, 60, 84, 12, 84, 60, 0, 60, 96, 48, 84, 48, 120, 144, 108, 72, 192, 84, 132, 192, 108, 180, 96, 228, 216, 192, 216, 312, 240, 324, 324, 420, 252, 300, 312, 252, 348, 180, 372, 216, 636, 336, 228, 180, 336, 288, 228, 276, 168, 144, 156, 132, 252, 204, 240, 276, 264, 204, 372, 240, 168, 264, 288, 288, 276, 192, 228, 144, 288, 312, 156, 180, 288, 336, 360, 324, 252, 264, 264, 276, 252, 168, 240, 216, 204, 300, 240, 168, 228, 84, 180, 60, 144, 132, 300, 168, 144, 228, 252, 252, 192, 180, 204, 204, 156, 396, 300, 96, 216, 240, 228, 336, 204, 96, 288, 204, 192, 180, 108, 288, 276, 204, 216, 276, 132, 204, 120, 216, 252, 132, 324, 156, 276, 288, 216, 324, 348, 564, 408, 456, 336, 336, 228, 420, 192, 372, 384, 336, 264, 168, 336, 168, 324, 372, 336, 216, 360, 168, 372, 240, 420, 372, 300, 324, 396, 276, 408, 384, 252, 312, 132, 228, 192, 180, 264, 288, 144, 144, 180, 108, 156, 72, 84, 156, 132, 168, 192, 60, 132, 156, 48, 180, 216, 168, 120, 84, 96, 48, 132, 60, 108, 144, 60, 84, 108, 108, 156, 72, 156, 36, 60, 84, 108, 36, 60, 84, 180, 48, 120, 84, 84, 48, 0, 120, 48]",44.5218110859021,11.2637195524601,8518,8517.0
0.127 2.24 2 1,"[36, 24, 36, 36, 0, 36, 36, 24, 12, 24, 24, 24, 12, 12, 48, 12, 12, 60, 12, 12, 36, 36, 24, 12, 24, 24, 12, 24, 0, 36, 12, 0, 48, 12, 36, 0, 0, 12, 0, 0, 0, 0, 12, 12, 0, 24, 0, 24, 12, 12, 12, 24, 24, 24, 12, 0, 12, 36, 12, 24, 60, 60, 96, 36, 24, 36, 48, 24, 108, 72, 72, 36, 60, 36, 144, 108, 132, 120, 132, 204, 168, 192, 264, 276, 180, 240, 216, 360, 324, 312, 432, 432, 492, 360, 324, 324, 288, 336, 540, 492, 420, 276, 396, 456, 372, 408, 360, 204, 192, 360, 324, 276, 360, 348, 276, 288, 276, 312, 216, 276, 60, 336, 300, 264, 324, 240, 384, 252, 216, 288, 216, 228, 264, 324, 324, 396, 288, 312, 312, 240, 276, 240, 264, 240, 324, 228, 456, 216, 204, 264, 228, 348, 276, 288, 348, 360, 216, 360, 336, 372, 252, 276, 300, 264, 360, 420, 204, 312, 240, 288, 336, 288, 288, 216, 216, 276, 300, 240, 228, 324, 228, 216, 240, 240, 312, 300, 276, 300, 420, 264, 264, 252, 252, 456, 444, 360, 264, 348, 312, 432, 564, 408, 516, 480, 468, 528, 480, 432, 444, 468, 468, 384, 312, 384, 312, 312, 348, 444, 396, 348, 336, 324, 276, 336, 432, 288, 228, 312, 312, 300, 360, 288, 264, 276, 288, 264, 264, 192, 324, 360, 240, 300, 264, 240, 168, 348, 240, 180, 204, 108, 168, 156, 120, 180, 96, 72, 228, 180, 144, 144, 156, 132, 84, 96, 132, 108, 108, 120, 132, 84, 180, 108, 96, 132, 72, 84, 108, 156, 36, 132, 24, 72, 84, 72, 60, 96, 84, 72]",44.5192073884585,11.2709223125334,15655,13544.0
0.127 2.25 2 1,"[0, 72, 60, 48, 0, 12, 24, 0, 24, 24, 0, 24, 0, 36, 0, 12, 24, 12, 24, 12, 12, 0, 12, 0, 0, 0, 0, 12, 0, 0, 12, 24, 0, 0, 0, 12, 12, 0, 0, 12, 0, 24, 12, 12, 0, 0, 12, 0, 0, 12, 0, 0, 12, 0, 12, 24, 24, 0, 24, 24, 12, 0, 36, 36, 12, 36, 24, 48, 60, 36, 48, 24, 48, 48, 60, 36, 48, 108, 84, 120, 96, 120, 60, 156, 132, 156, 168, 240, 192, 144, 384, 348, 228, 240, 300, 300, 204, 252, 276, 180, 348, 312, 384, 216, 252, 216, 240, 252, 228, 192, 192, 168, 300, 144, 276, 228, 288, 192, 156, 156, 156, 180, 120, 204, 216, 252, 228, 108, 240, 144, 192, 216, 192, 168, 252, 204, 204, 204, 180, 108, 300, 132, 132, 180, 168, 216, 168, 204, 132, 120, 204, 144, 132, 144, 144, 120, 156, 192, 180, 168, 108, 204, 144, 228, 192, 216, 252, 120, 156, 192, 168, 228, 156, 252, 216, 192, 180, 120, 156, 192, 108, 204, 180, 156, 168, 168, 228, 156, 192, 192, 96, 228, 264, 216, 276, 228, 180, 252, 288, 252, 312, 348, 324, 384, 276, 288, 228, 180, 252, 300, 240, 180, 336, 300, 180, 216, 252, 204, 276, 276, 240, 264, 252, 216, 192, 156, 228, 240, 156, 120, 264, 156, 228, 156, 180, 156, 192, 216, 120, 144, 108, 120, 48, 96, 144, 192, 84, 84, 96, 60, 36, 60, 168, 60, 84, 48, 48, 48, 36, 48, 72, 48, 48, 36, 60, 72, 108, 36, 72, 60, 120, 36, 12, 48, 48, 0, 24, 12, 60, 12, 24, 0, 48, 12, 36, 12, 36, 12]",44.5157682111428,11.2813876561011,8713,15796.0
0.127 2.25 6 1,"[0, 0, 12, 0, 12, 0, 12, 12, 0, 0, 0, 0, 0, 0, 0, 0, 0, 12, 0, 24, 0, 0, 0, 0, 12, 0, 12, 0, 0, 0, 0, 0, 0, 0, 0, 0, 0, 0, 0, 0, 0, 0, 12, 0, 0, 0, 0, 0, 0, 0, 0, 0, 0, 0, 12, 0, 24, 0, 0, 12, 12, 0, 12, 0, 24, 24, 0, 12, 36, 48, 24, 24, 12, 48, 48, 48, 0, 12, 24, 12, 0, 0, 24, 0, 84, 60, 72, 120, 48, 108, 60, 156, 120, 84, 96, 96, 84, 120, 132, 84, 120, 120, 84, 204, 156, 60, 156, 132, 156, 108, 120, 132, 108, 84, 96, 120, 72, 192, 132, 120, 240, 108, 168, 144, 96, 204, 216, 120, 96, 180, 156, 108, 216, 120, 120, 120, 168, 120, 180, 132, 168, 156, 144, 180, 120, 132, 156, 156, 156, 144, 168, 144, 120, 144, 168, 132, 168, 108, 204, 156, 120, 192, 132, 156, 156, 108, 144, 108, 192, 144, 96, 96, 96, 132, 108, 144, 96, 168, 204, 192, 192, 96, 144, 96, 168, 144, 180, 156, 168, 84, 144, 132, 216, 276, 228, 216, 312, 228, 132, 192, 108, 240, 204, 204, 240, 204, 156, 192, 228, 180, 204, 180, 264, 144, 228, 216, 240, 300, 192, 204, 192, 264, 228, 252, 168, 192, 192, 144, 156, 120, 168, 168, 132, 132, 120, 156, 144, 72, 120, 36, 120, 48, 96, 120, 60, 48, 48, 24, 72, 24, 48, 84, 24, 84, 36, 36, 48, 0, 24, 24, 0, 36, 36, 36, 24, 24, 24, 0, 12, 0, 0, 12, 12, 12, 12, 12, 0, 0, 0, 12, 12, 0, 24, 0, 0, 0, 0, 0]",44.5150498081192,11.2810756608578,17465,14395.0
0.127 2.26 6 1,"[132, 180, 132, 132, 120, 108, 360, 564, 528, 228, 120, 60, 60, 108, 132, 36, 72, 372, 504, 456, 72, 36, 84, 48, 36, 60, 24, 12, 360, 504, 504, 60, 24, 12, 36, 24, 24, 36, 36, 420, 480, 432, 36, 24, 108, 24, 72, 60, 36, 72, 480, 468, 384, 84, 132, 60, 72, 84, 48, 24, 144, 528, 504, 444, 156, 96, 84, 108, 144, 108, 132, 72, 540, 564, 576, 264, 192, 156, 372, 228, 312, 276, 336, 576, 780, 696, 480, 672, 564, 828, 828, 756, 948, 840, 1152, 1380, 924, 1128, 972, 1020, 996, 852, 756, 912, 804, 828, 1200, 1008, 876, 876, 612, 576, 672, 840, 696, 636, 648, 1248, 756, 852, 576, 708, 624, 732, 756, 600, 816, 540, 1068, 888, 744, 624, 504, 564, 672, 672, 660, 648, 660, 1140, 900, 840, 612, 528, 552, 588, 540, 564, 588, 576, 1164, 1068, 828, 624, 600, 516, 696, 540, 804, 768, 696, 948, 972, 756, 588, 612, 684, 540, 432, 804, 744, 852, 1128, 996, 864, 672, 540, 648, 588, 660, 696, 564, 540, 648, 1056, 972, 576, 648, 672, 732, 720, 684, 612, 696, 1212, 1032, 732, 756, 708, 768, 900, 768, 900, 864, 912, 1104, 1164, 936, 888, 648, 888, 864, 624, 888, 768, 1080, 1140, 792, 816, 696, 816, 660, 672, 648, 552, 756, 1068, 900, 840, 732, 612, 624, 588, 576, 624, 744, 636, 984, 828, 588, 156, 468, 540, 732, 708, 312, 636, 528, 816, 672, 516, 252, 252, 240, 444, 168, 288, 252, 444, 672, 672, 396, 108, 156, 204, 240, 240, 324, 144, 372, 756, 588, 396, 228, 240, 132, 156, 228, 144, 180, 216, 588, 684, 492, 192, 192, 120, 204]",44.5119564774502,11.2873740726503,8691,8711.0
0.127 2.27 2 1,"[48, 96, 216, 84, 132, 96, 96, 72, 60, 144, 48, 84, 84, 72, 96, 84, 60, 60, 60, 60, 60, 48, 0, 48, 0, 60, 12, 48, 48, 12, 36, 24, 36, 36, 36, 24, 12, 24, 36, 12, 60, 24, 24, 60, 48, 60, 36, 48, 72, 60, 84, 72, 120, 96, 84, 96, 108, 156, 96, 108, 108, 60, 84, 120, 84, 60, 120, 60, 168, 96, 144, 144, 84, 156, 192, 192, 132, 156, 156, 264, 264, 168, 240, 312, 372, 300, 372, 372, 312, 492, 624, 396, 540, 624, 444, 504, 408, 456, 564, 504, 420, 504, 444, 612, 600, 540, 492, 540, 420, 456, 468, 540, 468, 504, 492, 492, 384, 420, 372, 336, 384, 360, 348, 348, 384, 384, 360, 384, 432, 456, 420, 396, 384, 372, 396, 336, 336, 276, 324, 348, 360, 336, 420, 480, 348, 480, 468, 360, 360, 324, 312, 384, 384, 360, 468, 372, 312, 348, 432, 336, 312, 384, 408, 336, 528, 360, 324, 420, 396, 432, 492, 444, 288, 408, 420, 432, 300, 288, 264, 348, 396, 252, 372, 468, 444, 444, 444, 480, 348, 336, 456, 444, 384, 420, 624, 516, 408, 348, 408, 492, 408, 480, 516, 420, 504, 624, 468, 552, 420, 444, 540, 432, 468, 360, 312, 528, 336, 492, 636, 540, 648, 444, 0, 48, 420, 528, 264, 408, 384, 300, 480, 300, 336, 288, 384, 432, 312, 456, 432, 348, 348, 396, 444, 420, 276, 372, 432, 324, 264, 228, 216, 348, 240, 276, 300, 180, 156, 84, 240, 192, 168, 216, 156, 96, 156, 144, 240, 96, 132, 156, 156, 84, 132, 72, 192, 120, 180, 180, 132, 168, 60, 156, 72, 120, 108, 72, 84, 96]",44.5116205311171,11.2909655173645,14472,8592.0
0.127 2.30 2 1,"[0, 0, 0, 0, 0, 0, 0, 0, 0, 0, 0, 0, 0, 0, 0, 0, 0, 0, 0, 0, 0, 0, 0, 0, 0, 0, 0, 0, 0, 0, 0, 0, 0, 0, 0, 0, 0, 0, 0, 0, 0, 0, 0, 0, 0, 0, 0, 0, 0, 0, 0, 0, 0, 0, 0, 0, 0, 0, 0, 0, 0, 0, 0, 0, 0, 0, 0, 0, 0, 0, 0, 0, 0, 0, 0, 0, 0, 0, 0, 0, 0, 0, 0, 0, 0, 0, 0, 0, 0, 0, 0, 0, 0, 0, 0, 0, 0, 0, 0, 0, 0, 0, 0, 0, 0, 0, 0, 0, 0, 0, 0, 0, 0, 0, 0, 0, 0, 0, 0, 0, 0, 0, 0, 0, 0, 0, 0, 0, 0, 0, 0, 0, 0, 0, 0, 0, 0, 0, 0, 0, 0, 0, 0, 0, 0, 0, 0, 0, 0, 0, 0, 0, 0, 0, 0, 0, 0, 0, 0, 0, 0, 0, 0, 0, 0, 0, 0, 0, 0, 0, 0, 0, 0, 0, 0, 0, 0, 0, 0, 0, 0, 0, 0, 0, 0, 0, 0, 0, 0, 0, 0, 0, 0, 0, 0, 0, 0, 0, 0, 0, 0, 0, 0, 0, 0, 0, 0, 0, 0, 0, 0, 0, 0, 0, 0, 0, 0, 0, 0, 0, 0, 0, 0, 0, 0, 0, 0, 0, 0, 0, 0, 0, 0, 0, 0, 0, 0, 0, 0, 0, 0, 0, 0, 0, 0, 0, 0, 0, 0, 0, 0, 0, 0, 0, 0, 0, 0, 0, 0, 0, 0, 0, 0, 0, 0, 0, 0, 0, 0, 0, 0, 0, 0, 0, 0, 0, 0, 0, 0, 0, 0, 0, 0, 0, 0, 0, 0, 0]",44.5059291474411,11.3094463610492,16946,13345.0
0.127 2.30 6 1,"[180, 108, 72, 132, 144, 180, 156, 96, 96, 108, 96, 84, 72, 60, 72, 48, 24, 36, 36, 60, 132, 12, 24, 36, 48, 12, 84, 108, 84, 72, 48, 0, 48, 48, 72, 12, 24, 12, 24, 48, 24, 0, 72, 48, 12, 84, 48, 12, 72, 12, 72, 36, 84, 12, 60, 72, 132, 60, 48, 96, 60, 48, 108, 72, 192, 144, 96, 180, 168, 204, 156, 204, 312, 264, 288, 384, 624, 504, 612, 648, 672, 708, 780, 1020, 852, 1032, 1332, 1560, 1332, 1152, 1428, 1212, 1068, 1152, 1128, 1368, 1176, 1224, 1140, 1104, 792, 756, 780, 1464, 888, 1020, 1236, 984, 984, 1092, 1116, 888, 912, 852, 972, 888, 876, 852, 852, 900, 732, 924, 576, 708, 852, 756, 756, 864, 912, 1032, 864, 936, 756, 924, 924, 900, 984, 780, 756, 780, 912, 588, 864, 888, 900, 768, 960, 840, 936, 948, 996, 972, 828, 876, 1044, 648, 816, 912, 876, 924, 756, 972, 804, 840, 912, 696, 720, 816, 732, 756, 1104, 1032, 912, 828, 984, 996, 792, 900, 972, 768, 768, 708, 588, 684, 876, 1068, 852, 864, 888, 936, 900, 972, 972, 912, 924, 924, 1068, 684, 984, 744, 948, 960, 912, 1056, 1200, 1056, 1200, 1284, 1176, 900, 1068, 1152, 1224, 1164, 1164, 1056, 1272, 1092, 1404, 900, 984, 984, 996, 840, 1128, 792, 876, 756, 792, 828, 816, 1116, 912, 864, 888, 828, 936, 780, 672, 744, 912, 672, 792, 516, 624, 720, 492, 624, 600, 408, 504, 504, 444, 540, 588, 552, 552, 480, 252, 372, 384, 384, 396, 432, 432, 384, 252, 300, 336, 276, 216, 372, 204, 324, 300, 216, 180, 288, 204, 324, 384, 264, 336, 312, 288, 264, 300, 240]",44.5053085046798,11.3092167352814,13354,13344.0
0.127 2.31 1 1,"[0, 12, 24, 0, 12, 12, 24, 0, 0, 12, 24, 36, 0, 0, 12, 12, 0, 12, 0, 0, 12, 0, 0, 24, 0, 12, 0, 12, 12, 0, 0, 0, 12, 0, 24, 0, 0, 24, 0, 0, 12, 0, 0, 0, 12, 0, 24, 12, 0, 12, 12, 0, 0, 12, 24, 0, 12, 12, 12, 0, 12, 0, 0, 12, 0, 24, 0, 0, 12, 0, 0, 12, 0, 12, 12, 12, 36, 12, 12, 36, 48, 48, 96, 84, 48, 60, 36, 96, 120, 72, 108, 192, 72, 72, 204, 120, 72, 72, 12, 96, 96, 72, 60, 72, 84, 96, 120, 84, 84, 84, 132, 48, 252, 72, 60, 60, 48, 84, 72, 60, 84, 84, 84, 48, 96, 36, 84, 144, 48, 84, 60, 24, 48, 96, 60, 60, 60, 84, 60, 24, 60, 96, 36, 36, 48, 48, 48, 108, 60, 36, 108, 48, 84, 24, 36, 48, 24, 84, 120, 108, 72, 60, 48, 60, 144, 60, 36, 60, 24, 72, 72, 60, 72, 48, 48, 84, 84, 72, 84, 12, 24, 60, 24, 24, 84, 84, 72, 60, 72, 108, 48, 48, 60, 48, 72, 60, 72, 60, 36, 60, 72, 24, 24, 48, 36, 36, 36, 72, 96, 84, 60, 96, 108, 36, 96, 84, 72, 48, 156, 24, 24, 48, 60, 12, 144, 60, 48, 48, 108, 48, 60, 36, 24, 48, 120, 60, 84, 0, 36, 72, 72, 24, 0, 48, 0, 36, 60, 24, 48, 0, 0, 24, 12, 36, 24, 36, 12, 0, 0, 0, 12, 12, 0, 12, 12, 24, 0, 12, 12, 12, 12, 12, 12, 0, 12, 36, 0, 12, 12, 12, 0, 24, 12, 24, 12, 24, 12, 36]",44.5039310321156,11.3156585697439,8761,15769.0
0.127 2.31 2 1,"[12, 0, 12, 0, 12, 0, 12, 12, 0, 0, 12, 12, 0, 12, 12, 0, 0, 12, 0, 12, 0, 0, 0, 0, 0, 0, 12, 0, 0, 0, 0, 0, 0, 0, 0, 0, 0, 0, 0, 0, 0, 0, 0, 12, 0, 0, 0, 0, 0, 0, 0, 0, 0, 0, 0, 0, 0, 0, 0, 0, 12, 12, 12, 12, 0, 12, 0, 24, 0, 12, 24, 0, 12, 0, 0, 24, 12, 12, 12, 0, 24, 24, 12, 60, 96, 96, 48, 132, 84, 108, 36, 60, 144, 156, 132, 144, 60, 72, 120, 60, 96, 168, 204, 168, 204, 168, 132, 216, 144, 252, 144, 12, 0, 84, 252, 204, 168, 144, 108, 144, 144, 216, 156, 168, 60, 108, 180, 228, 204, 84, 132, 168, 168, 60, 108, 144, 72, 108, 60, 48, 60, 36, 72, 60, 72, 24, 36, 36, 72, 120, 72, 24, 84, 72, 108, 96, 72, 60, 0, 0, 0, 0, 0, 120, 144, 180, 96, 60, 180, 84, 72, 216, 108, 204, 132, 108, 156, 156, 96, 60, 180, 120, 24, 0, 84, 144, 132, 48, 72, 72, 72, 204, 96, 60, 120, 108, 36, 132, 108, 36, 36, 132, 36, 72, 156, 108, 0, 24, 96, 144, 168, 132, 132, 120, 156, 240, 108, 144, 156, 180, 228, 168, 72, 192, 60, 156, 132, 156, 108, 180, 132, 36, 120, 36, 108, 48, 48, 180, 144, 168, 144, 60, 108, 144, 84, 48, 36, 24, 48, 36, 24, 12, 36, 72, 12, 24, 12, 12, 24, 12, 0, 36, 36, 0, 12, 60, 24, 36, 0, 0, 24, 12, 12, 0, 0, 0, 60, 0, 36, 0, 24, 12, 12, 12, 12, 24, 12, 24]",44.5039426162009,11.3156346572437,8761,15769.0
0.127 2.31 6 1,"[36, 12, 12, 0, 12, 24, 48, 24, 12, 12, 24, 24, 0, 0, 24, 0, 12, 12, 0, 12, 0, 12, 0, 0, 0, 0, 0, 24, 0, 12, 12, 0, 0, 0, 0, 0, 0, 0, 0, 0, 0, 12, 0, 0, 12, 0, 0, 0, 0, 0, 0, 0, 0, 0, 24, 0, 12, 0, 0, 0, 0, 0, 0, 0, 0, 0, 0, 0, 24, 0, 24, 0, 0, 12, 0, 24, 0, 12, 24, 0, 12, 12, 12, 0, 48, 36, 12, 24, 24, 12, 36, 48, 60, 60, 60, 36, 36, 84, 72, 60, 36, 36, 24, 60, 72, 48, 72, 24, 36, 84, 108, 24, 36, 48, 24, 60, 108, 60, 60, 60, 120, 48, 48, 36, 60, 96, 84, 84, 12, 36, 36, 96, 48, 72, 72, 24, 36, 24, 84, 84, 60, 36, 36, 84, 72, 36, 96, 60, 36, 24, 36, 120, 48, 60, 96, 84, 36, 48, 48, 60, 60, 72, 60, 60, 60, 60, 24, 36, 36, 96, 36, 60, 48, 72, 108, 36, 24, 48, 60, 84, 60, 48, 36, 60, 72, 84, 48, 84, 84, 84, 108, 72, 60, 84, 84, 96, 96, 96, 36, 48, 48, 36, 60, 48, 72, 24, 84, 72, 72, 36, 96, 60, 48, 48, 72, 24, 108, 36, 60, 36, 36, 108, 84, 60, 60, 24, 72, 48, 48, 48, 36, 72, 12, 96, 24, 48, 36, 0, 60, 12, 12, 24, 12, 48, 24, 60, 24, 12, 36, 36, 0, 0, 24, 12, 12, 12, 36, 12, 0, 12, 24, 12, 0, 12, 24, 24, 12, 24, 48, 24, 0, 48, 24, 12, 0, 0, 0, 24, 0, 12, 48, 0, 12, 0, 24, 12, 48, 12]",44.5033998910462,11.314438289839,15441,8846.0
0.127 2.31 10 1,"[36, 36, 48, 48, 48, 84, 48, 12, 84, 24, 72, 48, 36, 12, 72, 36, 12, 0, 60, 12, 24, 0, 24, 36, 36, 0, 12, 24, 0, 24, 12, 0, 36, 0, 12, 24, 24, 12, 12, 0, 0, 12, 24, 24, 24, 12, 24, 36, 0, 12, 36, 24, 12, 36, 24, 24, 60, 36, 48, 72, 36, 36, 0, 36, 48, 36, 48, 24, 48, 36, 60, 36, 24, 72, 48, 120, 132, 84, 84, 60, 144, 108, 132, 72, 228, 204, 204, 192, 288, 288, 384, 180, 0, 360, 432, 504, 360, 576, 384, 372, 372, 396, 276, 336, 264, 300, 252, 432, 300, 192, 228, 324, 240, 132, 324, 216, 204, 252, 288, 300, 264, 228, 252, 264, 180, 216, 276, 264, 288, 288, 180, 252, 180, 312, 228, 324, 228, 180, 120, 312, 192, 240, 204, 216, 168, 168, 168, 252, 156, 180, 180, 156, 252, 192, 204, 336, 252, 240, 216, 336, 96, 156, 312, 276, 192, 264, 204, 192, 348, 300, 312, 216, 324, 240, 252, 288, 168, 312, 264, 228, 228, 216, 12, 0, 216, 252, 348, 204, 312, 240, 192, 324, 276, 240, 312, 408, 276, 276, 312, 336, 276, 312, 192, 336, 324, 396, 384, 276, 384, 444, 288, 204, 372, 456, 324, 444, 288, 372, 324, 300, 372, 432, 132, 252, 288, 240, 324, 300, 372, 288, 384, 192, 264, 168, 240, 156, 288, 228, 276, 300, 276, 300, 168, 348, 228, 144, 168, 132, 132, 84, 84, 36, 144, 108, 108, 120, 84, 72, 96, 132, 36, 60, 60, 72, 60, 60, 96, 108, 108, 36, 60, 48, 72, 60, 60, 48, 60, 36, 84, 36, 84, 72, 60, 12, 0, 36, 24, 48]",44.5041450685357,11.3135433596393,8846,8776.0
0.127 2.32 10 1,"[12, 72, 12, 48, 36, 48, 24, 36, 12, 24, 12, 36, 24, 12, 12, 24, 12, 0, 36, 24, 48, 36, 24, 48, 24, 72, 36, 36, 12, 36, 36, 12, 48, 24, 0, 24, 36, 12, 12, 0, 0, 0, 0, 0, 0, 12, 36, 24, 12, 36, 12, 0, 0, 24, 24, 12, 12, 0, 72, 36, 24, 60, 0, 24, 12, 48, 48, 12, 24, 12, 48, 24, 24, 36, 48, 36, 84, 60, 24, 48, 12, 60, 24, 84, 72, 84, 96, 108, 84, 96, 120, 144, 108, 204, 132, 168, 168, 132, 180, 168, 240, 132, 120, 144, 168, 84, 108, 96, 192, 72, 48, 204, 48, 120, 96, 156, 96, 252, 156, 216, 132, 108, 180, 84, 96, 240, 168, 180, 120, 192, 132, 96, 132, 120, 192, 72, 108, 168, 120, 48, 192, 60, 108, 96, 132, 72, 132, 168, 96, 96, 132, 108, 144, 96, 60, 156, 144, 96, 144, 156, 144, 108, 168, 156, 36, 204, 144, 156, 276, 144, 120, 132, 120, 240, 96, 120, 156, 120, 84, 156, 96, 156, 96, 48, 108, 144, 72, 180, 264, 108, 144, 132, 156, 132, 84, 228, 120, 276, 120, 168, 132, 168, 144, 156, 132, 120, 96, 216, 120, 132, 120, 144, 144, 96, 144, 216, 132, 132, 204, 168, 132, 108, 108, 120, 144, 168, 60, 240, 132, 168, 192, 156, 108, 120, 48, 120, 132, 96, 132, 120, 108, 132, 120, 60, 60, 108, 84, 96, 72, 132, 48, 84, 156, 24, 60, 120, 72, 24, 84, 12, 84, 48, 36, 48, 60, 72, 60, 36, 60, 60, 96, 84, 60, 84, 84, 60, 12, 48, 96, 108, 24, 60, 84, 36, 84, 72, 60, 48]",44.5021139763231,11.3191042721411,14440,15794.0
0.127 2.33 2 1,"[0, 0, 0, 0, 0, 0, 0, 0, 0, 0, 0, 0, 0, 0, 0, 0, 0, 0, 0, 0, 0, 0, 0, 0, 0, 0, 0, 0, 0, 0, 0, 0, 0, 0, 0, 0, 0, 0, 0, 0, 0, 0, 0, 0, 0, 0, 0, 0, 0, 0, 0, 0, 0, 0, 0, 0, 0, 0, 0, 0, 0, 0, 0, 0, 0, 0, 0, 0, 0, 0, 0, 0, 0, 0, 0, 0, 0, 0, 0, 0, 0, 0, 0, 0, 0, 0, 0, 0, 0, 0, 0, 0, 0, 0, 0, 0, 0, 0, 0, 0, 0, 0, 0, 0, 0, 0, 0, 0, 0, 0, 0, 0, 0, 0, 0, 0, 0, 0, 0, 0, 0, 0, 0, 0, 0, 0, 0, 0, 0, 0, 0, 0, 0, 0, 0, 0, 0, 0, 0, 0, 0, 0, 0, 0, 0, 0, 0, 0, 0, 0, 0, 0, 0, 0, 0, 0, 0, 0, 0, 0, 0, 0, 0, 0, 0, 0, 0, 0, 0, 0, 0, 0, 0, 0, 0, 0, 0, 0, 0, 0, 0, 0, 0, 0, 0, 0, 0, 0, 0, 0, 0, 0, 0, 0, 0, 0, 0, 0, 0, 0, 0, 0, 0, 0, 0, 0, 0, 0, 0, 0, 0, 0, 0, 0, 0, 0, 0, 0, 0, 0, 0, 0, 0, 0, 0, 0, 0, 0, 0, 0, 0, 0, 0, 0, 0, 0, 0, 0, 0, 0, 0, 0, 0, 0, 0, 0, 0, 0, 0, 0, 0, 0, 0, 0, 0, 0, 0, 0, 0, 0, 0, 0, 0, 0, 0, 0, 0, 0, 0, 0, 0, 0, 0, 0, 0, 0, 0, 0, 0, 0, 0, 0, 0, 0, 0, 0, 0, 0]",44.5013990198351,11.3217226486705,14721,8839.0
0.127 2.33 6 1,"[24, 48, 36, 36, 24, 12, 12, 0, 12, 24, 24, 12, 60, 0, 12, 12, 0, 12, 12, 0, 24, 12, 24, 0, 0, 36, 0, 0, 0, 0, 0, 0, 0, 0, 0, 12, 0, 24, 0, 12, 12, 0, 12, 0, 0, 0, 0, 0, 0, 0, 0, 24, 0, 0, 12, 0, 0, 12, 0, 0, 0, 0, 24, 12, 0, 24, 12, 12, 24, 12, 24, 24, 60, 12, 24, 48, 48, 48, 96, 36, 24, 120, 24, 48, 156, 60, 144, 120, 132, 192, 192, 156, 156, 204, 132, 276, 300, 312, 252, 228, 168, 156, 0, 0, 0, 0, 0, 0, 0, 0, 0, 0, 0, 0, 0, 0, 0, 0, 0, 0, 0, 0, 0, 0, 0, 0, 0, 0, 0, 0, 0, 0, 0, 0, 0, 0, 0, 0, 0, 0, 0, 0, 0, 0, 0, 0, 0, 0, 0, 0, 0, 0, 0, 0, 0, 0, 0, 0, 0, 0, 0, 0, 0, 0, 0, 0, 0, 0, 0, 84, 228, 96, 96, 120, 84, 180, 108, 132, 0, 36, 120, 96, 48, 60, 168, 156, 96, 96, 132, 168, 156, 144, 96, 180, 180, 108, 168, 192, 156, 228, 228, 204, 168, 168, 156, 144, 156, 216, 144, 192, 240, 216, 228, 180, 156, 144, 180, 156, 180, 204, 168, 228, 168, 168, 144, 228, 72, 120, 144, 120, 204, 96, 132, 144, 156, 132, 156, 120, 156, 144, 192, 72, 132, 72, 84, 156, 108, 96, 60, 84, 96, 36, 72, 36, 72, 96, 48, 84, 24, 60, 36, 36, 36, 36, 48, 60, 24, 24, 60, 24, 24, 36, 24, 48, 36, 12, 60, 108, 12, 48, 48, 24, 12, 36, 60, 48, 36, 12]",44.5009942351004,11.3215733072765,8814,8839.0
0.127 2.33 10 1,"[0, 0, 0, 0, 0, 0, 0, 0, 0, 0, 0, 0, 0, 0, 0, 0, 0, 0, 0, 0, 0, 0, 0, 0, 0, 0, 0, 0, 0, 0, 0, 0, 0, 0, 0, 0, 0, 0, 0, 0, 0, 0, 0, 0, 0, 0, 0, 0, 0, 0, 0, 0, 0, 0, 0, 0, 0, 0, 0, 0, 0, 0, 0, 0, 0, 0, 0, 0, 0, 0, 0, 0, 0, 0, 0, 0, 0, 0, 0, 0, 0, 0, 0, 0, 0, 0, 0, 0, 0, 0, 0, 0, 0, 0, 0, 0, 0, 0, 0, 0, 0, 0, 0, 0, 0, 0, 0, 0, 0, 0, 0, 0, 0, 0, 0, 0, 0, 0, 0, 0, 0, 0, 0, 0, 0, 0, 0, 0, 0, 0, 0, 0, 0, 0, 0, 0, 0, 0, 0, 0, 0, 0, 0, 0, 0, 0, 0, 0, 0, 0, 0, 0, 0, 0, 0, 0, 0, 0, 0, 0, 0, 0, 0, 0, 0, 0, 0, 0, 0, 0, 0, 0, 0, 0, 0, 0, 0, 0, 0, 0, 0, 0, 0, 0, 0, 0, 0, 0, 0, 0, 0, 0, 0, 0, 0, 0, 0, 0, 0, 0, 0, 0, 0, 0, 0, 0, 0, 0, 0, 0, 0, 0, 0, 0, 0, 0, 0, 0, 0, 0, 0, 0, 0, 0, 0, 0, 0, 0, 0, 0, 0, 0, 0, 0, 0, 0, 0, 0, 0, 0, 0, 0, 0, 0, 0, 0, 0, 0, 0, 0, 0, 0, 0, 0, 0, 0, 0, 0, 0, 0, 0, 0, 0, 0, 0, 0, 0, 0, 0, 0, 0, 0, 0, 0, 0, 0, 0, 0, 0, 0, 0, 0, 0, 0, 0, 0, 0, 0]",44.5012616462669,11.3216426062022,14721,8839.0
0.127 2.37 4 1,"[36, 12, 0, 24, 24, 24, 36, 12, 36, 0, 12, 0, 0, 12, 24, 0, 0, 24, 12, 12, 0, 12, 12, 0, 0, 0, 0, 0, 12, 0, 0, 0, 12, 0, 12, 0, 0, 36, 0, 12, 0, 0, 0, 12, 0, 0, 0, 12, 0, 0, 0, 0, 12, 12, 12, 12, 0, 0, 24, 0, 12, 0, 12, 12, 12, 24, 0, 0, 0, 24, 36, 24, 24, 60, 24, 24, 36, 48, 36, 36, 60, 36, 48, 48, 72, 36, 72, 108, 108, 120, 108, 180, 84, 72, 108, 120, 168, 180, 156, 168, 168, 192, 96, 96, 168, 120, 96, 96, 156, 72, 96, 60, 48, 60, 132, 72, 24, 108, 72, 24, 60, 108, 84, 96, 72, 72, 36, 24, 72, 12, 72, 84, 48, 72, 24, 36, 72, 36, 60, 72, 72, 24, 24, 72, 48, 60, 108, 48, 72, 72, 60, 36, 84, 60, 48, 12, 72, 36, 72, 36, 72, 60, 60, 48, 120, 36, 84, 108, 84, 12, 84, 84, 84, 48, 48, 48, 48, 36, 72, 60, 24, 84, 108, 108, 36, 60, 60, 0, 36, 96, 120, 48, 96, 72, 144, 168, 144, 144, 84, 132, 120, 108, 144, 48, 84, 60, 108, 48, 72, 84, 12, 60, 108, 96, 120, 120, 48, 60, 120, 96, 84, 84, 108, 84, 96, 108, 36, 72, 84, 60, 48, 96, 36, 84, 48, 108, 72, 60, 60, 120, 60, 36, 24, 72, 24, 36, 48, 12, 84, 24, 0, 72, 60, 24, 12, 36, 36, 12, 120, 48, 12, 24, 36, 96, 36, 36, 12, 12, 48, 72, 36, 24, 24, 12, 36, 36, 36, 12, 24, 0, 12, 48, 36, 36, 24, 0, 12, 48]",44.5029076177338,11.2791582902115,8598,8603.0
0.127 2.37 8 1,"[0, 24, 12, 12, 0, 0, 36, 0, 12, 36, 12, 12, 36, 0, 12, 0, 12, 24, 12, 24, 0, 0, 0, 12, 0, 0, 0, 0, 0, 0, 0, 0, 12, 0, 0, 0, 0, 0, 0, 0, 0, 0, 0, 12, 12, 0, 12, 0, 0, 12, 0, 0, 0, 12, 24, 0, 48, 0, 0, 12, 12, 12, 12, 24, 24, 36, 0, 24, 24, 24, 0, 12, 12, 12, 24, 36, 48, 0, 36, 72, 48, 48, 36, 48, 120, 84, 84, 180, 144, 192, 156, 156, 96, 192, 168, 240, 240, 132, 252, 168, 204, 264, 360, 276, 252, 228, 240, 240, 192, 0, 12, 108, 156, 144, 132, 144, 96, 132, 132, 156, 120, 84, 60, 144, 108, 108, 108, 144, 120, 108, 72, 132, 84, 108, 96, 96, 108, 132, 156, 60, 132, 96, 84, 108, 144, 96, 120, 144, 132, 144, 120, 108, 84, 120, 84, 60, 144, 84, 132, 180, 144, 96, 168, 108, 96, 120, 120, 96, 240, 300, 192, 60, 96, 204, 120, 96, 120, 192, 120, 132, 132, 48, 192, 132, 132, 144, 144, 48, 108, 48, 84, 84, 108, 96, 132, 216, 144, 120, 180, 396, 348, 180, 132, 216, 252, 84, 156, 96, 132, 72, 132, 204, 144, 216, 144, 120, 180, 132, 180, 96, 96, 96, 96, 120, 96, 156, 132, 96, 132, 144, 168, 120, 108, 96, 72, 96, 108, 48, 120, 84, 60, 156, 108, 120, 60, 36, 36, 108, 24, 0, 48, 36, 60, 48, 48, 48, 60, 36, 60, 0, 84, 24, 84, 48, 24, 48, 12, 48, 12, 60, 144, 84, 72, 24, 12, 96, 36, 12, 36, 24, 0, 24, 0, 24, 0, 0, 0, 12]",44.5030426480639,11.2777922005264,8451,8604.0
0.127 2.38 6 1,"[156, 132, 192, 108, 132, 84, 60, 60, 72, 60, 60, 84, 84, 72, 36, 24, 48, 180, 108, 72, 36, 12, 72, 36, 48, 60, 72, 24, 36, 24, 24, 12, 48, 24, 0, 12, 12, 0, 0, 0, 0, 48, 0, 12, 0, 12, 0, 0, 12, 24, 24, 24, 0, 24, 0, 12, 0, 36, 108, 48, 0, 12, 60, 48, 60, 12, 60, 36, 0, 12, 36, 0, 12, 36, 24, 12, 36, 60, 12, 60, 192, 108, 48, 72, 192, 180, 168, 228, 360, 312, 240, 336, 348, 372, 528, 492, 624, 528, 492, 360, 300, 432, 420, 324, 300, 312, 276, 276, 396, 264, 396, 288, 384, 360, 396, 396, 420, 456, 276, 384, 324, 324, 216, 360, 312, 420, 504, 504, 336, 336, 432, 216, 360, 396, 240, 312, 348, 444, 360, 420, 384, 456, 396, 288, 420, 444, 420, 624, 408, 432, 444, 456, 276, 324, 504, 324, 396, 552, 360, 396, 252, 288, 288, 324, 396, 612, 312, 384, 372, 516, 420, 456, 360, 288, 312, 372, 264, 300, 300, 456, 324, 216, 420, 348, 384, 240, 216, 408, 384, 384, 348, 324, 444, 420, 420, 456, 540, 288, 480, 408, 372, 372, 372, 372, 444, 312, 336, 504, 384, 492, 300, 348, 312, 240, 552, 360, 432, 408, 576, 432, 480, 528, 384, 408, 612, 612, 348, 504, 612, 372, 516, 480, 360, 420, 372, 432, 552, 492, 324, 348, 384, 492, 288, 216, 360, 504, 396, 420, 336, 312, 372, 288, 348, 420, 240, 240, 456, 396, 192, 360, 300, 144, 276, 300, 348, 216, 204, 228, 168, 156, 276, 372, 336, 240, 336, 264, 204, 360, 300, 240, 300, 288, 180, 168, 324, 360, 216, 192]",44.5006446666916,11.3307404153447,10175,10177.0
0.127 2.39 2 1,"[156, 144, 84, 180, 96, 96, 72, 144, 84, 108, 60, 60, 60, 60, 108, 36, 84, 48, 48, 24, 60, 36, 0, 60, 24, 12, 48, 48, 24, 12, 24, 36, 24, 0, 36, 0, 0, 0, 24, 12, 0, 12, 0, 24, 36, 0, 48, 0, 12, 12, 0, 0, 12, 36, 24, 12, 60, 24, 0, 24, 12, 12, 24, 24, 36, 24, 84, 36, 96, 24, 36, 36, 48, 84, 156, 84, 96, 216, 132, 168, 156, 240, 264, 228, 216, 228, 120, 144, 468, 552, 660, 708, 984, 1140, 1080, 1584, 1188, 1068, 780, 840, 804, 612, 852, 828, 636, 792, 708, 756, 744, 636, 780, 828, 624, 588, 336, 408, 456, 708, 504, 516, 624, 600, 468, 648, 528, 660, 552, 684, 408, 528, 564, 420, 492, 576, 672, 576, 672, 504, 612, 480, 624, 600, 708, 744, 516, 612, 588, 732, 936, 684, 552, 1008, 912, 852, 600, 924, 732, 924, 732, 648, 780, 564, 672, 516, 780, 732, 876, 468, 348, 648, 924, 768, 708, 576, 648, 552, 540, 468, 612, 684, 540, 360, 552, 552, 564, 480, 720, 672, 600, 708, 696, 672, 720, 576, 828, 804, 732, 720, 672, 828, 948, 1032, 900, 1008, 744, 948, 960, 876, 1080, 1020, 840, 576, 936, 1104, 876, 1212, 1212, 732, 1164, 972, 1164, 1164, 828, 1092, 972, 948, 1044, 804, 816, 816, 684, 804, 720, 516, 732, 744, 696, 828, 660, 588, 660, 540, 636, 552, 648, 552, 492, 384, 444, 552, 492, 288, 324, 324, 432, 444, 312, 264, 312, 348, 324, 384, 192, 324, 276, 336, 240, 204, 276, 180, 228, 264, 252, 252, 120, 240, 216, 180, 312, 192, 108, 168, 156, 240, 168, 168, 132, 156]",44.4902219735737,11.2891863151386,4470,4376.0
0.127 2.39 4 1,"[12, 0, 0, 12, 12, 0, 12, 12, 12, 0, 0, 24, 0, 0, 0, 36, 0, 24, 0, 0, 0, 0, 0, 0, 12, 0, 0, 0, 0, 0, 0, 0, 0, 0, 0, 0, 0, 0, 0, 0, 0, 12, 0, 0, 12, 0, 0, 0, 0, 0, 0, 0, 0, 0, 12, 0, 24, 0, 0, 0, 0, 0, 24, 12, 0, 0, 0, 12, 24, 24, 0, 24, 24, 48, 24, 24, 36, 24, 24, 72, 48, 120, 60, 60, 60, 48, 84, 96, 84, 60, 132, 144, 168, 192, 60, 84, 144, 84, 216, 120, 96, 108, 72, 60, 180, 132, 108, 132, 108, 144, 60, 72, 120, 72, 48, 84, 60, 156, 84, 36, 72, 84, 156, 108, 48, 48, 84, 24, 120, 72, 36, 108, 180, 96, 60, 108, 48, 120, 60, 96, 120, 84, 120, 108, 108, 84, 72, 24, 48, 24, 60, 48, 60, 36, 72, 120, 120, 96, 108, 36, 48, 72, 36, 24, 36, 84, 108, 108, 108, 120, 48, 72, 60, 48, 84, 60, 72, 108, 24, 72, 72, 48, 36, 36, 84, 132, 84, 96, 60, 36, 60, 120, 48, 72, 144, 96, 120, 60, 48, 132, 108, 144, 96, 132, 192, 156, 96, 132, 120, 144, 120, 192, 96, 144, 132, 72, 96, 84, 48, 96, 36, 144, 120, 84, 72, 48, 72, 96, 84, 108, 96, 84, 108, 72, 120, 96, 72, 144, 108, 72, 96, 108, 96, 36, 48, 36, 36, 60, 0, 36, 24, 36, 24, 36, 72, 12, 24, 60, 36, 24, 36, 12, 36, 48, 36, 36, 0, 48, 36, 24, 0, 24, 36, 12, 0, 24, 0, 0, 48, 24, 0, 0, 12, 12, 0, 12, 12, 12]",44.4900261485684,11.2898913795087,4372,4376.0
0.127 2.39 6 1,"[168, 156, 156, 156, 84, 72, 84, 36, 132, 96, 96, 168, 48, 96, 60, 84, 36, 36, 36, 36, 12, 12, 72, 24, 24, 0, 48, 24, 12, 48, 36, 60, 36, 0, 12, 60, 0, 0, 36, 0, 0, 12, 0, 0, 0, 0, 0, 12, 36, 12, 72, 24, 24, 72, 12, 36, 36, 72, 48, 60, 48, 12, 96, 72, 108, 168, 120, 84, 240, 96, 96, 96, 72, 108, 252, 132, 192, 252, 324, 324, 252, 408, 432, 372, 420, 528, 528, 864, 648, 792, 996, 1092, 1164, 1008, 1056, 1188, 924, 744, 1164, 1080, 600, 972, 1044, 1164, 864, 948, 948, 804, 168, 624, 840, 744, 612, 588, 756, 588, 540, 840, 936, 648, 588, 624, 228, 564, 576, 588, 720, 576, 516, 228, 480, 576, 540, 756, 588, 504, 588, 564, 648, 660, 528, 528, 528, 648, 600, 252, 480, 588, 528, 624, 648, 432, 240, 552, 636, 576, 744, 624, 600, 720, 552, 588, 432, 660, 624, 624, 636, 636, 948, 732, 780, 528, 660, 312, 612, 756, 444, 552, 552, 684, 720, 468, 732, 648, 732, 792, 636, 624, 600, 600, 684, 816, 564, 660, 852, 516, 132, 900, 756, 732, 684, 756, 852, 564, 1020, 684, 792, 612, 960, 696, 480, 348, 564, 792, 636, 864, 852, 996, 648, 864, 828, 732, 768, 792, 720, 792, 720, 804, 768, 696, 708, 816, 564, 420, 732, 852, 720, 516, 732, 744, 492, 696, 660, 564, 456, 612, 576, 372, 348, 312, 372, 108, 456, 96, 288, 240, 384, 264, 192, 96, 180, 240, 192, 180, 156, 192, 156, 180, 120, 168, 204, 228, 168, 168, 324, 216, 288, 192, 180, 288, 276, 240, 192, 252, 168, 156, 156, 120]",44.4895652088348,11.2897702579417,4378,4376.0
0.127 2.73 2 1,"[84, 36, 36, 36, 0, 36, 72, 36, 36, 12, 36, 36, 48, 36, 36, 36, 24, 36, 84, 0, 36, 24, 0, 12, 0, 12, 0, 0, 0, 0, 12, 0, 0, 0, 12, 12, 0, 12, 0, 0, 12, 0, 0, 0, 12, 0, 0, 12, 12, 0, 24, 12, 0, 0, 12, 24, 0, 0, 12, 12, 0, 12, 24, 24, 36, 12, 12, 24, 48, 24, 12, 36, 36, 12, 48, 72, 36, 36, 48, 60, 36, 96, 108, 72, 132, 132, 180, 132, 168, 240, 324, 348, 252, 300, 276, 276, 372, 336, 444, 396, 468, 456, 216, 324, 336, 396, 384, 264, 276, 312, 348, 360, 288, 204, 288, 324, 408, 300, 264, 312, 324, 264, 324, 348, 240, 360, 360, 216, 336, 360, 348, 216, 228, 336, 372, 384, 324, 456, 324, 276, 348, 408, 276, 288, 252, 264, 324, 396, 264, 336, 360, 480, 360, 372, 384, 432, 300, 348, 348, 384, 288, 288, 396, 276, 300, 252, 336, 168, 312, 288, 300, 240, 300, 336, 288, 288, 300, 336, 372, 204, 312, 360, 360, 312, 252, 252, 312, 300, 360, 348, 252, 372, 336, 324, 264, 336, 348, 360, 204, 360, 408, 300, 384, 324, 336, 276, 288, 372, 288, 360, 480, 396, 444, 384, 408, 408, 396, 408, 336, 372, 432, 360, 432, 348, 372, 336, 540, 264, 468, 312, 444, 456, 420, 384, 348, 336, 384, 312, 288, 396, 324, 288, 324, 264, 216, 288, 276, 192, 240, 216, 132, 120, 120, 84, 156, 120, 96, 36, 108, 84, 108, 180, 108, 132, 144, 96, 96, 120, 96, 84, 96, 132, 108, 108, 72, 96, 120, 84, 60, 84, 120, 156, 84, 84, 72, 60, 84, 132]",44.4920995509245,11.3126409560121,4597,4598.0
0.127 2.73 4 1,"[48, 60, 24, 84, 132, 48, 48, 36, 36, 48, 24, 36, 24, 48, 96, 24, 24, 48, 12, 0, 48, 60, 36, 24, 0, 24, 24, 48, 12, 36, 12, 0, 12, 12, 0, 0, 12, 0, 12, 0, 0, 24, 12, 0, 24, 24, 12, 12, 0, 0, 0, 0, 12, 12, 12, 12, 12, 12, 0, 24, 12, 36, 48, 24, 24, 60, 12, 36, 48, 48, 60, 72, 72, 24, 108, 12, 48, 72, 72, 96, 108, 168, 180, 192, 228, 288, 240, 348, 444, 456, 300, 492, 504, 384, 576, 600, 612, 600, 480, 504, 468, 564, 420, 624, 612, 576, 396, 396, 516, 360, 408, 516, 504, 564, 456, 372, 324, 408, 372, 276, 348, 288, 384, 408, 396, 468, 420, 336, 372, 456, 300, 420, 384, 372, 348, 264, 396, 372, 264, 300, 312, 348, 384, 468, 372, 552, 444, 228, 360, 312, 432, 396, 444, 420, 492, 384, 492, 504, 516, 456, 516, 564, 324, 396, 276, 372, 408, 348, 408, 408, 468, 528, 372, 468, 384, 384, 384, 312, 480, 372, 420, 504, 348, 408, 384, 348, 456, 324, 456, 516, 324, 456, 408, 420, 372, 384, 348, 468, 564, 504, 480, 624, 540, 480, 564, 444, 564, 552, 480, 576, 564, 504, 432, 504, 444, 324, 432, 396, 492, 528, 504, 504, 516, 540, 312, 372, 480, 384, 504, 420, 552, 432, 384, 336, 396, 432, 432, 480, 312, 276, 288, 396, 348, 276, 264, 240, 240, 324, 204, 252, 252, 168, 156, 108, 120, 180, 168, 156, 132, 84, 108, 132, 132, 108, 84, 108, 60, 156, 144, 72, 108, 156, 132, 132, 72, 96, 156, 144, 180, 120, 120, 96, 84, 84, 84, 84, 72, 96]",44.4919337687572,11.3129387331697,4607,4598.0
0.127 2.73 6 1,"[120, 36, 60, 36, 36, 84, 48, 24, 108, 12, 72, 72, 84, 72, 48, 24, 12, 12, 12, 24, 12, 12, 48, 0, 60, 24, 0, 0, 0, 12, 0, 12, 12, 0, 12, 0, 0, 12, 12, 0, 12, 0, 12, 12, 12, 0, 12, 0, 0, 12, 12, 48, 0, 0, 24, 12, 48, 0, 12, 0, 12, 12, 36, 36, 60, 48, 60, 60, 36, 24, 24, 36, 60, 36, 24, 84, 72, 0, 120, 120, 144, 96, 144, 180, 144, 132, 228, 288, 360, 348, 372, 444, 540, 492, 444, 324, 300, 384, 384, 252, 324, 264, 432, 384, 396, 216, 288, 288, 228, 312, 336, 372, 216, 336, 360, 360, 372, 324, 228, 240, 324, 336, 252, 324, 192, 228, 276, 324, 276, 288, 240, 348, 384, 348, 288, 252, 264, 312, 264, 420, 360, 264, 264, 300, 276, 276, 384, 276, 156, 276, 264, 108, 336, 324, 264, 324, 372, 216, 204, 252, 132, 228, 264, 264, 108, 180, 144, 252, 288, 216, 144, 228, 216, 288, 180, 252, 228, 300, 396, 288, 264, 288, 168, 312, 240, 276, 204, 276, 240, 300, 240, 216, 360, 180, 360, 432, 312, 312, 348, 336, 372, 252, 360, 336, 336, 204, 228, 312, 396, 336, 240, 384, 264, 312, 264, 408, 252, 408, 300, 288, 300, 264, 240, 408, 240, 252, 180, 264, 228, 204, 300, 384, 276, 192, 336, 324, 252, 276, 192, 264, 288, 156, 216, 132, 192, 228, 192, 144, 216, 192, 132, 168, 204, 216, 108, 132, 120, 84, 96, 156, 168, 156, 168, 108, 180, 108, 72, 96, 156, 132, 168, 108, 108, 108, 180, 168, 84, 84, 192, 120, 96, 84, 48, 132, 144, 84, 180, 168]",44.4916097902182,11.3124430502643,15417,4598.0
0.127 2.82 8 1,"[24, 0, 48, 48, 12, 24, 12, 0, 36, 24, 0, 36, 0, 0, 24, 0, 0, 0, 12, 0, 0, 12, 0, 12, 12, 0, 12, 0, 0, 0, 0, 0, 0, 0, 0, 0, 0, 0, 0, 0, 0, 0, 0, 0, 0, 0, 0, 0, 0, 12, 0, 0, 12, 0, 12, 0, 0, 0, 12, 0, 12, 0, 0, 12, 12, 36, 12, 0, 12, 24, 24, 36, 12, 0, 48, 72, 24, 60, 0, 48, 36, 84, 24, 72, 60, 132, 120, 156, 36, 132, 324, 408, 372, 396, 504, 360, 408, 192, 288, 132, 204, 240, 156, 156, 240, 192, 144, 192, 156, 120, 180, 120, 60, 192, 108, 156, 156, 120, 96, 132, 96, 84, 84, 120, 84, 96, 132, 156, 144, 60, 144, 108, 156, 120, 120, 156, 120, 144, 48, 132, 84, 144, 84, 72, 84, 108, 72, 72, 144, 132, 108, 168, 144, 108, 120, 120, 84, 132, 84, 72, 60, 156, 144, 96, 108, 156, 132, 72, 120, 144, 132, 72, 96, 84, 120, 108, 132, 84, 132, 120, 108, 108, 96, 84, 120, 84, 144, 96, 120, 84, 120, 180, 144, 132, 108, 192, 228, 228, 120, 120, 180, 96, 228, 144, 228, 180, 144, 108, 216, 96, 240, 168, 120, 132, 120, 120, 144, 180, 132, 192, 144, 144, 120, 132, 192, 192, 132, 204, 132, 168, 132, 192, 180, 96, 96, 60, 120, 144, 84, 72, 48, 84, 84, 48, 60, 168, 108, 108, 84, 108, 60, 84, 84, 84, 96, 36, 24, 12, 48, 12, 0, 36, 48, 36, 36, 12, 24, 36, 24, 12, 96, 12, 24, 60, 72, 12, 12, 24, 24, 24, 36, 60, 12, 24, 60, 24, 48, 24]",44.5006771544669,11.3107102075303,8787,4566.0
0.127 2.84 4 1,"[216, 60, 48, 72, 168, 60, 48, 60, 48, 36, 60, 48, 36, 12, 48, 84, 60, 0, 36, 72, 60, 24, 36, 36, 36, 24, 24, 24, 0, 36, 24, 0, 12, 0, 24, 24, 24, 24, 24, 36, 48, 24, 24, 84, 48, 120, 72, 84, 48, 60, 96, 84, 72, 120, 72, 144, 72, 132, 36, 72, 72, 72, 132, 60, 156, 132, 120, 108, 120, 144, 180, 84, 144, 48, 132, 72, 228, 168, 264, 252, 264, 276, 288, 324, 444, 420, 216, 444, 648, 444, 660, 696, 648, 732, 600, 540, 492, 552, 672, 528, 660, 612, 624, 708, 648, 444, 492, 372, 504, 444, 360, 444, 396, 432, 312, 432, 252, 348, 360, 216, 132, 192, 480, 372, 372, 336, 384, 372, 372, 384, 444, 360, 312, 324, 312, 324, 408, 252, 384, 228, 228, 288, 348, 324, 264, 348, 276, 384, 336, 192, 444, 420, 528, 288, 408, 372, 408, 372, 384, 456, 444, 300, 408, 444, 360, 360, 324, 300, 444, 372, 516, 444, 324, 372, 312, 372, 216, 336, 372, 420, 288, 216, 312, 336, 372, 420, 456, 468, 360, 240, 288, 360, 288, 540, 468, 372, 300, 384, 408, 468, 348, 336, 468, 420, 552, 312, 444, 396, 408, 600, 252, 432, 360, 300, 396, 192, 492, 348, 360, 492, 432, 360, 504, 312, 516, 384, 312, 312, 432, 408, 348, 372, 336, 384, 372, 408, 432, 348, 384, 420, 192, 300, 312, 384, 300, 336, 264, 300, 324, 276, 156, 120, 132, 216, 132, 108, 132, 192, 96, 168, 180, 228, 72, 108, 156, 132, 216, 156, 96, 156, 108, 228, 120, 156, 156, 60, 132, 144, 96, 132, 108, 132, 144, 84, 144, 144, 72, 132]",44.5209368672824,11.2946735197165,13735,8901.0
0.127 2.84 8 1,"[60, 120, 276, 156, 168, 84, 108, 96, 108, 144, 72, 96, 108, 84, 144, 96, 60, 48, 84, 120, 36, 48, 0, 48, 36, 48, 24, 84, 24, 36, 36, 24, 12, 60, 36, 24, 0, 36, 84, 24, 60, 36, 24, 72, 84, 84, 48, 72, 120, 108, 72, 132, 156, 84, 168, 120, 144, 156, 96, 120, 132, 96, 132, 132, 84, 156, 84, 132, 228, 144, 168, 132, 228, 216, 168, 192, 156, 216, 228, 264, 288, 252, 360, 408, 300, 540, 528, 408, 468, 432, 504, 540, 588, 480, 444, 600, 504, 588, 612, 504, 600, 408, 648, 732, 540, 804, 672, 684, 432, 408, 516, 600, 600, 468, 528, 540, 432, 480, 348, 456, 420, 504, 456, 384, 384, 492, 408, 540, 384, 576, 360, 540, 540, 360, 408, 444, 348, 300, 504, 396, 600, 360, 528, 516, 468, 528, 504, 360, 516, 312, 444, 396, 504, 516, 492, 456, 408, 528, 360, 480, 408, 576, 480, 444, 588, 396, 384, 492, 552, 528, 552, 492, 420, 516, 468, 396, 420, 408, 372, 480, 516, 420, 432, 396, 696, 468, 444, 588, 396, 444, 504, 588, 372, 564, 708, 540, 528, 564, 576, 444, 432, 552, 672, 384, 564, 792, 540, 612, 528, 552, 636, 684, 408, 612, 552, 552, 516, 624, 780, 576, 660, 624, 516, 444, 672, 480, 468, 588, 408, 432, 540, 348, 468, 480, 492, 492, 504, 588, 552, 384, 336, 432, 612, 432, 444, 384, 384, 288, 336, 216, 348, 252, 252, 276, 276, 240, 192, 192, 168, 180, 252, 276, 216, 84, 168, 324, 192, 144, 144, 144, 156, 132, 204, 84, 216, 144, 228, 144, 156, 192, 108, 144, 144, 144, 132, 192, 96, 156]",44.5206240690645,11.2945389097704,8901,8903.0
0.127 2.85 6 1,"[48, 108, 36, 48, 60, 12, 12, 36, 36, 60, 36, 0, 36, 24, 12, 12, 48, 36, 12, 24, 0, 0, 36, 12, 36, 12, 12, 0, 0, 0, 0, 0, 12, 0, 0, 12, 60, 24, 0, 12, 0, 0, 12, 12, 12, 0, 0, 0, 0, 0, 0, 0, 0, 12, 0, 24, 12, 24, 36, 24, 24, 0, 12, 36, 60, 48, 36, 48, 48, 48, 24, 24, 12, 96, 108, 60, 96, 60, 84, 192, 96, 96, 192, 120, 216, 216, 156, 192, 216, 336, 324, 396, 372, 444, 540, 528, 528, 612, 372, 480, 456, 300, 408, 384, 432, 444, 312, 372, 432, 180, 240, 288, 372, 384, 312, 324, 108, 192, 228, 204, 228, 324, 276, 444, 168, 324, 228, 252, 228, 288, 276, 228, 252, 252, 324, 348, 216, 336, 180, 216, 276, 396, 312, 324, 204, 228, 204, 276, 264, 372, 180, 228, 336, 324, 192, 228, 204, 372, 480, 384, 240, 216, 288, 300, 288, 456, 360, 264, 252, 360, 348, 312, 300, 228, 204, 300, 252, 192, 324, 288, 180, 240, 192, 372, 204, 312, 324, 216, 240, 384, 288, 360, 288, 384, 420, 348, 204, 312, 408, 444, 420, 420, 432, 612, 300, 420, 300, 528, 276, 288, 312, 384, 408, 360, 360, 372, 360, 504, 444, 276, 456, 336, 384, 276, 468, 252, 288, 372, 168, 300, 288, 312, 360, 252, 156, 192, 204, 360, 228, 276, 300, 312, 240, 312, 108, 288, 180, 168, 144, 228, 48, 228, 204, 132, 72, 132, 96, 96, 120, 84, 192, 108, 72, 144, 60, 48, 108, 120, 84, 12, 60, 84, 36, 132, 84, 24, 48, 24, 60, 72, 36, 48, 72, 60, 60, 72, 48, 60]",44.499841551759,11.2743324573268,4322,13140.0
0.127 2.85 8 1,"[0, 36, 12, 24, 0, 48, 0, 0, 24, 24, 12, 0, 12, 0, 12, 0, 12, 0, 0, 24, 36, 12, 12, 0, 12, 12, 12, 0, 0, 0, 0, 0, 24, 12, 0, 0, 0, 0, 24, 0, 0, 0, 24, 0, 12, 0, 0, 0, 0, 12, 0, 0, 0, 24, 12, 0, 0, 0, 12, 12, 12, 24, 0, 24, 24, 12, 12, 36, 0, 12, 12, 24, 72, 12, 84, 36, 24, 24, 60, 60, 36, 84, 72, 60, 36, 24, 72, 156, 84, 144, 120, 180, 132, 144, 240, 252, 348, 180, 276, 144, 168, 216, 168, 192, 204, 144, 156, 132, 144, 84, 108, 144, 84, 240, 84, 156, 264, 192, 96, 168, 156, 192, 168, 132, 168, 144, 180, 96, 132, 144, 144, 156, 156, 144, 168, 108, 156, 120, 168, 180, 240, 156, 144, 240, 228, 228, 300, 192, 240, 168, 336, 168, 192, 180, 192, 192, 348, 216, 204, 156, 144, 168, 144, 204, 180, 240, 180, 204, 132, 240, 288, 348, 192, 204, 168, 180, 180, 216, 132, 120, 144, 204, 324, 168, 228, 96, 228, 192, 300, 228, 228, 180, 216, 288, 252, 408, 228, 336, 276, 372, 288, 336, 300, 288, 216, 408, 456, 444, 408, 348, 336, 348, 360, 276, 312, 336, 288, 324, 276, 264, 228, 252, 348, 336, 216, 384, 108, 216, 192, 288, 180, 108, 204, 96, 144, 156, 168, 144, 84, 156, 96, 204, 240, 180, 144, 108, 108, 72, 132, 60, 48, 72, 72, 132, 120, 96, 72, 24, 84, 36, 24, 36, 12, 24, 60, 96, 72, 48, 36, 24, 60, 12, 0, 24, 12, 12, 36, 48, 36, 12, 24, 108, 0, 108, 60, 84, 48, 24]",44.5007662319624,11.2742969585656,4323,13140.0
0.127 2.86 2 1,"[48, 36, 36, 36, 24, 24, 60, 48, 24, 0, 36, 12, 0, 24, 48, 0, 24, 36, 12, 48, 24, 0, 24, 24, 0, 24, 12, 0, 12, 24, 12, 0, 0, 24, 12, 0, 12, 0, 12, 0, 12, 0, 12, 0, 12, 12, 0, 24, 0, 12, 24, 12, 0, 12, 0, 12, 0, 12, 24, 0, 0, 48, 12, 0, 12, 0, 24, 24, 36, 12, 24, 48, 60, 0, 36, 72, 72, 60, 84, 96, 132, 96, 120, 156, 120, 108, 144, 204, 96, 216, 168, 180, 216, 180, 300, 216, 180, 144, 192, 264, 264, 216, 144, 192, 228, 216, 156, 108, 180, 204, 168, 156, 108, 132, 192, 120, 204, 216, 132, 228, 180, 156, 240, 120, 216, 144, 168, 156, 216, 144, 96, 132, 168, 228, 168, 192, 156, 180, 144, 228, 180, 144, 156, 264, 156, 228, 168, 252, 192, 180, 252, 264, 156, 240, 168, 132, 216, 396, 348, 288, 252, 228, 192, 180, 288, 168, 228, 144, 240, 180, 252, 264, 300, 204, 180, 216, 96, 228, 168, 240, 108, 132, 216, 192, 168, 192, 216, 204, 216, 108, 240, 156, 180, 348, 264, 312, 324, 240, 216, 324, 384, 324, 456, 360, 372, 408, 264, 300, 312, 300, 348, 372, 264, 384, 348, 348, 372, 360, 252, 204, 324, 312, 240, 360, 336, 216, 144, 288, 216, 108, 252, 120, 96, 72, 216, 156, 216, 108, 204, 168, 168, 240, 84, 144, 180, 156, 132, 168, 108, 96, 120, 96, 84, 132, 60, 108, 120, 48, 72, 48, 84, 108, 84, 84, 120, 36, 84, 72, 72, 72, 48, 24, 48, 144, 48, 48, 36, 108, 48, 24, 48, 36, 72, 36, 36, 72, 60, 0]",44.5225977148209,11.2730925875164,14384,8523.0
0.127 2.86 4 1,"[36, 72, 12, 36, 12, 24, 24, 24, 0, 36, 12, 12, 24, 12, 12, 36, 0, 36, 0, 12, 12, 12, 0, 0, 24, 0, 24, 36, 12, 0, 12, 12, 12, 12, 0, 0, 12, 0, 0, 0, 12, 0, 0, 12, 0, 24, 0, 0, 0, 0, 36, 12, 36, 36, 36, 36, 12, 12, 36, 24, 24, 84, 36, 12, 36, 84, 96, 72, 60, 108, 72, 48, 0, 36, 120, 96, 72, 60, 144, 156, 108, 132, 180, 156, 168, 228, 180, 312, 348, 360, 468, 312, 552, 396, 312, 240, 228, 372, 396, 492, 372, 348, 408, 300, 300, 240, 192, 216, 204, 216, 216, 240, 204, 84, 180, 120, 216, 132, 240, 216, 132, 168, 120, 84, 180, 156, 156, 252, 84, 132, 228, 192, 144, 144, 156, 144, 228, 192, 228, 120, 156, 204, 120, 240, 288, 204, 240, 96, 120, 192, 228, 324, 180, 264, 120, 204, 180, 204, 132, 144, 156, 192, 168, 96, 192, 240, 240, 312, 192, 192, 144, 204, 156, 168, 132, 192, 108, 108, 228, 156, 228, 240, 192, 204, 192, 180, 216, 216, 228, 228, 216, 192, 228, 336, 348, 300, 216, 348, 276, 264, 288, 324, 252, 168, 240, 312, 192, 300, 252, 216, 300, 276, 276, 144, 192, 264, 228, 192, 168, 312, 180, 216, 264, 264, 228, 132, 216, 144, 132, 120, 84, 180, 180, 180, 96, 180, 168, 168, 180, 156, 180, 120, 132, 144, 156, 96, 168, 72, 48, 60, 96, 96, 96, 84, 132, 144, 120, 96, 48, 108, 72, 12, 12, 72, 96, 60, 96, 132, 36, 60, 60, 48, 72, 72, 48, 36, 12, 48, 24, 72, 36, 12, 36, 12, 84, 12, 36, 24]",44.5224025198152,11.2731495777101,8564,8523.0
0.127 2.86 5 2,"[0, 0, 0, 0, 0, 12, 0, 0, 0, 12, 12, 0, 0, 0, 0, 0, 12, 0, 0, 0, 0, 0, 0, 0, 0, 0, 0, 0, 0, 0, 0, 0, 0, 0, 0, 0, 0, 12, 0, 0, 0, 0, 0, 0, 0, 0, 0, 0, 0, 0, 0, 12, 0, 0, 0, 0, 0, 0, 0, 0, 0, 0, 0, 0, 0, 0, 0, 0, 0, 0, 0, 0, 0, 0, 0, 0, 12, 0, 0, 0, 0, 0, 0, 0, 0, 0, 0, 0, 0, 0, 36, 0, 12, 0, 0, 0, 0, 0, 0, 0, 0, 0, 0, 0, 0, 0, 0, 0, 0, 0, 0, 0, 0, 0, 12, 24, 0, 0, 12, 0, 12, 0, 0, 0, 0, 0, 0, 12, 24, 12, 0, 12, 0, 0, 0, 0, 0, 0, 0, 0, 0, 0, 0, 12, 0, 0, 0, 0, 24, 0, 0, 0, 0, 0, 0, 0, 0, 0, 0, 0, 0, 0, 0, 0, 12, 0, 0, 0, 0, 0, 0, 0, 0, 0, 12, 0, 12, 0, 0, 0, 0, 0, 12, 12, 0, 12, 0, 0, 0, 0, 0, 0, 0, 12, 0, 12, 0, 0, 0, 0, 12, 0, 0, 12, 12, 0, 12, 0, 24, 0, 0, 24, 12, 12, 0, 0, 0, 0, 12, 0, 12, 12, 0, 0, 0, 0, 12, 0, 12, 0, 0, 0, 0, 0, 0, 0, 12, 0, 0, 12, 0, 0, 0, 12, 0, 0, 12, 0, 0, 0, 0, 12, 0, 0, 12, 0, 0, 0, 0, 0, 0, 0, 0, 0, 0, 0, 12, 0, 0, 0, 0, 0, 0, 0, 12, 0, 0, 0, 0, 0, 0, 0, 12, 0, 0, 0, 0, 0]",44.5225167813175,11.2730700815265,14384,8523.0
0.127 2.86 6 1,"[36, 12, 36, 36, 36, 12, 0, 24, 36, 48, 12, 0, 48, 48, 12, 24, 12, 36, 24, 36, 24, 0, 12, 0, 12, 0, 36, 24, 24, 12, 0, 12, 0, 24, 0, 0, 0, 12, 24, 0, 24, 0, 0, 0, 12, 24, 24, 12, 12, 36, 24, 0, 48, 24, 36, 36, 36, 12, 12, 24, 24, 36, 36, 24, 72, 24, 144, 96, 108, 0, 72, 132, 120, 84, 84, 108, 144, 84, 96, 156, 60, 144, 144, 252, 204, 204, 240, 360, 288, 396, 372, 420, 504, 336, 396, 420, 336, 252, 348, 420, 276, 384, 384, 264, 324, 264, 300, 276, 180, 240, 228, 228, 240, 228, 180, 144, 240, 240, 252, 156, 288, 168, 264, 156, 192, 240, 276, 168, 132, 144, 144, 132, 84, 264, 156, 72, 180, 132, 180, 180, 252, 216, 192, 180, 276, 288, 264, 168, 252, 156, 216, 180, 180, 204, 252, 264, 132, 168, 240, 252, 192, 264, 288, 240, 264, 372, 372, 240, 216, 228, 240, 180, 264, 336, 276, 288, 168, 240, 180, 204, 240, 276, 228, 252, 216, 180, 252, 132, 264, 168, 252, 240, 264, 228, 336, 312, 264, 312, 252, 348, 288, 420, 360, 300, 192, 192, 276, 192, 312, 276, 360, 300, 228, 156, 192, 180, 228, 240, 264, 336, 240, 276, 276, 336, 228, 252, 156, 156, 120, 228, 276, 240, 228, 84, 180, 228, 120, 180, 168, 204, 132, 72, 168, 252, 132, 192, 120, 216, 132, 120, 180, 168, 156, 84, 72, 168, 72, 108, 84, 84, 84, 84, 84, 96, 36, 60, 144, 84, 60, 72, 72, 60, 72, 72, 24, 48, 72, 60, 12, 60, 12, 48, 72, 36, 72, 48, 60, 84]",44.5222547013235,11.2729414631605,14381,14382.0
0.127 2.86 8 1,"[24, 12, 12, 36, 36, 12, 0, 12, 12, 0, 0, 24, 0, 0, 0, 0, 0, 24, 0, 12, 0, 0, 0, 12, 12, 0, 0, 0, 12, 0, 0, 0, 0, 0, 0, 0, 0, 0, 0, 0, 12, 0, 0, 0, 0, 0, 0, 0, 12, 12, 0, 0, 12, 0, 0, 0, 12, 0, 0, 0, 12, 0, 24, 0, 0, 12, 12, 0, 0, 12, 12, 0, 0, 24, 24, 12, 24, 0, 36, 24, 12, 60, 60, 48, 24, 48, 72, 48, 96, 120, 180, 156, 168, 288, 264, 264, 216, 108, 264, 96, 144, 120, 276, 240, 84, 192, 108, 120, 192, 96, 24, 84, 168, 60, 84, 48, 48, 60, 108, 96, 60, 72, 60, 72, 132, 84, 60, 60, 84, 96, 72, 96, 96, 84, 168, 72, 132, 108, 108, 108, 108, 108, 96, 108, 96, 48, 84, 84, 48, 72, 84, 108, 96, 96, 72, 132, 108, 60, 120, 108, 192, 108, 48, 96, 156, 108, 120, 144, 312, 408, 144, 156, 156, 180, 96, 96, 120, 12, 108, 84, 48, 84, 96, 36, 72, 84, 120, 108, 120, 96, 96, 132, 96, 84, 156, 96, 72, 180, 180, 420, 288, 492, 204, 216, 240, 300, 132, 264, 276, 216, 264, 276, 132, 108, 120, 132, 192, 180, 108, 84, 168, 180, 144, 276, 192, 132, 336, 120, 204, 204, 240, 204, 192, 156, 216, 108, 108, 84, 192, 96, 168, 228, 96, 72, 168, 168, 96, 96, 192, 60, 48, 84, 108, 108, 84, 72, 72, 96, 84, 84, 48, 48, 24, 0, 36, 48, 48, 36, 12, 60, 132, 84, 24, 24, 60, 60, 36, 72, 12, 48, 36, 84, 60, 60, 36, 24, 12, 108]",44.5224585057515,11.2728130469809,8522,8523.0
0.127 2.88 8 1,"[384, 156, 336, 156, 192, 168, 180, 132, 144, 96, 252, 108, 168, 96, 72, 108, 144, 84, 96, 108, 60, 108, 60, 48, 120, 84, 96, 36, 48, 24, 60, 36, 48, 60, 24, 12, 24, 96, 36, 24, 48, 84, 24, 24, 24, 48, 60, 48, 48, 36, 36, 84, 24, 36, 108, 48, 72, 216, 96, 36, 60, 132, 252, 204, 252, 120, 240, 180, 288, 264, 240, 192, 228, 240, 300, 192, 288, 264, 264, 324, 504, 444, 312, 336, 588, 540, 660, 840, 768, 828, 552, 972, 1200, 732, 792, 792, 852, 732, 864, 720, 684, 648, 708, 732, 600, 720, 600, 780, 708, 576, 588, 516, 648, 540, 576, 552, 672, 552, 576, 636, 636, 672, 528, 576, 432, 468, 816, 720, 660, 588, 708, 540, 576, 660, 912, 600, 660, 720, 780, 732, 564, 900, 504, 768, 576, 708, 816, 720, 876, 540, 588, 696, 816, 540, 636, 684, 768, 600, 792, 672, 756, 564, 876, 528, 636, 660, 720, 552, 516, 540, 624, 624, 684, 780, 780, 444, 708, 696, 696, 660, 732, 576, 684, 552, 672, 528, 900, 612, 852, 624, 792, 660, 648, 588, 744, 864, 672, 708, 768, 948, 1128, 876, 768, 984, 936, 840, 1104, 1224, 936, 1020, 672, 996, 912, 924, 924, 540, 960, 828, 900, 1224, 684, 624, 816, 780, 768, 708, 804, 672, 972, 660, 528, 624, 888, 540, 588, 504, 600, 492, 612, 672, 504, 588, 624, 552, 660, 456, 624, 456, 516, 360, 384, 264, 456, 408, 432, 516, 384, 384, 300, 288, 432, 324, 288, 408, 444, 324, 444, 372, 444, 312, 312, 276, 276, 420, 456, 300, 456, 288, 444, 204, 492, 264, 372, 324, 276, 348, 396, 228]",,,,
0.127 2.88 10 1,"[48, 0, 12, 0, 0, 24, 12, 0, 12, 0, 12, 0, 0, 12, 0, 24, 12, 0, 0, 12, 0, 0, 0, 0, 24, 0, 12, 0, 0, 0, 0, 0, 0, 0, 0, 0, 0, 12, 0, 0, 24, 0, 0, 0, 0, 0, 0, 0, 0, 0, 0, 0, 0, 12, 12, 0, 0, 12, 12, 0, 0, 12, 24, 12, 36, 0, 60, 24, 36, 36, 24, 12, 36, 12, 24, 24, 36, 24, 48, 24, 120, 60, 24, 36, 60, 84, 96, 168, 72, 108, 156, 228, 252, 216, 192, 180, 156, 96, 96, 180, 108, 96, 96, 108, 96, 72, 72, 84, 96, 96, 60, 12, 60, 72, 48, 84, 96, 108, 12, 72, 12, 72, 36, 60, 72, 60, 84, 96, 72, 60, 108, 60, 48, 96, 96, 60, 48, 108, 60, 84, 36, 108, 96, 96, 48, 120, 96, 48, 132, 96, 96, 132, 60, 48, 60, 120, 108, 96, 180, 96, 132, 120, 132, 96, 72, 132, 72, 168, 60, 72, 60, 132, 96, 120, 132, 72, 60, 108, 48, 84, 132, 84, 96, 48, 84, 48, 120, 96, 168, 60, 60, 72, 48, 24, 108, 60, 60, 120, 132, 144, 156, 96, 156, 144, 108, 120, 120, 216, 168, 108, 48, 180, 108, 132, 120, 72, 96, 120, 144, 108, 120, 60, 120, 96, 72, 96, 72, 120, 216, 108, 60, 120, 156, 96, 48, 108, 84, 108, 108, 48, 36, 72, 48, 72, 108, 108, 108, 72, 72, 36, 36, 48, 36, 36, 48, 60, 72, 60, 72, 36, 12, 48, 72, 60, 60, 12, 72, 72, 36, 36, 24, 24, 36, 60, 60, 24, 48, 12, 36, 36, 24, 24, 72, 24, 36, 12, 60, 12]",,,,
0.127 2.88 10 2,"[48, 48, 48, 24, 0, 12, 12, 0, 12, 12, 12, 24, 12, 12, 0, 12, 12, 0, 12, 24, 0, 0, 24, 24, 24, 12, 0, 12, 12, 0, 0, 0, 0, 0, 0, 0, 0, 24, 0, 0, 12, 0, 0, 0, 12, 0, 0, 12, 0, 0, 0, 0, 0, 0, 12, 0, 12, 0, 0, 0, 0, 0, 24, 12, 48, 24, 0, 12, 24, 24, 36, 24, 36, 60, 48, 12, 84, 72, 12, 60, 72, 24, 96, 108, 180, 48, 192, 96, 216, 132, 96, 96, 168, 144, 132, 96, 72, 120, 96, 108, 180, 108, 180, 108, 132, 72, 204, 108, 108, 60, 72, 84, 108, 96, 60, 60, 36, 72, 108, 84, 84, 72, 96, 84, 96, 72, 108, 72, 108, 72, 84, 48, 48, 48, 72, 120, 72, 60, 72, 84, 96, 84, 96, 60, 36, 96, 108, 84, 72, 108, 84, 84, 24, 48, 60, 72, 60, 84, 96, 60, 96, 84, 84, 108, 84, 96, 48, 48, 60, 84, 96, 132, 84, 48, 60, 48, 60, 72, 156, 60, 60, 96, 132, 144, 84, 48, 84, 48, 60, 96, 60, 72, 36, 72, 144, 84, 156, 120, 120, 120, 168, 132, 60, 60, 60, 60, 144, 108, 96, 96, 120, 84, 96, 108, 96, 96, 96, 60, 108, 132, 120, 120, 60, 96, 60, 60, 72, 60, 48, 60, 72, 36, 48, 36, 108, 96, 48, 12, 84, 48, 48, 60, 60, 36, 48, 12, 24, 48, 36, 60, 72, 36, 36, 36, 84, 48, 24, 24, 36, 36, 72, 12, 12, 84, 24, 48, 48, 36, 12, 24, 0, 48, 60, 12, 12, 12, 48, 36, 72, 24, 48, 12, 24, 36, 24, 24, 48, 36]",,,,
0.127 2.88 10 3,"[0, 0, 0, 0, 0, 0, 0, 0, 0, 0, 0, 0, 0, 0, 0, 0, 0, 0, 0, 0, 0, 0, 0, 0, 0, 0, 0, 0, 0, 0, 0, 0, 0, 0, 0, 0, 0, 0, 0, 0, 0, 0, 0, 0, 0, 0, 0, 0, 0, 0, 0, 0, 0, 0, 12, 0, 0, 0, 0, 24, 0, 0, 0, 0, 0, 0, 24, 0, 0, 12, 0, 12, 0, 0, 12, 12, 0, 0, 0, 12, 0, 0, 12, 0, 12, 12, 0, 0, 0, 0, 24, 0, 0, 0, 0, 0, 0, 12, 48, 0, 36, 0, 60, 24, 36, 12, 12, 24, 36, 12, 24, 24, 0, 12, 12, 0, 24, 0, 12, 24, 0, 24, 96, 0, 12, 12, 0, 24, 48, 24, 0, 24, 24, 48, 36, 0, 0, 12, 24, 48, 12, 0, 0, 12, 72, 36, 12, 24, 12, 36, 0, 0, 24, 24, 72, 36, 0, 48, 24, 0, 36, 12, 36, 24, 36, 12, 36, 12, 0, 48, 36, 36, 12, 12, 12, 36, 0, 0, 60, 60, 24, 12, 48, 12, 12, 12, 12, 12, 12, 48, 24, 24, 12, 0, 12, 0, 48, 48, 12, 36, 36, 48, 24, 0, 12, 12, 12, 12, 24, 12, 12, 24, 24, 12, 12, 0, 36, 12, 0, 12, 0, 84, 0, 36, 24, 12, 48, 12, 36, 12, 0, 0, 48, 12, 0, 0, 24, 0, 0, 12, 0, 0, 0, 0, 0, 12, 24, 0, 0, 0, 0, 0, 0, 0, 12, 12, 0, 12, 0, 0, 0, 0, 0, 24, 12, 12, 0, 0, 0, 0, 0, 12, 0, 12, 24, 0, 24, 12, 0, 0, 0, 0, 0, 0, 0, 0, 12, 0]",44.52465740065471,11.254560611287804,8507,16926.0
0.127 2.88 10 4,"[48, 36, 48, 24, 0, 12, 12, 0, 12, 12, 12, 24, 12, 12, 0, 24, 0, 0, 12, 24, 0, 0, 24, 24, 24, 12, 0, 12, 12, 0, 0, 0, 0, 0, 0, 0, 12, 12, 0, 0, 12, 0, 0, 0, 12, 0, 0, 12, 0, 0, 0, 0, 0, 0, 12, 0, 12, 0, 0, 0, 0, 0, 24, 12, 48, 24, 0, 12, 24, 24, 36, 24, 36, 60, 48, 12, 84, 72, 12, 60, 72, 24, 96, 108, 180, 60, 192, 96, 216, 132, 96, 96, 168, 144, 132, 96, 72, 120, 96, 108, 180, 108, 180, 108, 132, 84, 204, 120, 108, 48, 72, 84, 108, 96, 60, 60, 36, 72, 108, 84, 84, 72, 96, 72, 96, 72, 108, 72, 96, 84, 72, 48, 36, 48, 60, 132, 84, 60, 72, 84, 96, 84, 96, 60, 36, 96, 108, 84, 84, 96, 84, 84, 24, 48, 60, 72, 60, 72, 96, 60, 84, 96, 84, 108, 84, 96, 48, 48, 60, 84, 96, 120, 84, 48, 60, 48, 60, 72, 156, 60, 60, 96, 132, 144, 96, 60, 72, 48, 60, 96, 48, 72, 36, 72, 132, 84, 156, 120, 120, 120, 168, 120, 60, 60, 60, 60, 144, 108, 96, 96, 108, 84, 96, 108, 96, 96, 96, 60, 108, 132, 120, 120, 60, 84, 60, 60, 72, 60, 48, 60, 72, 36, 48, 36, 108, 96, 48, 12, 84, 48, 48, 60, 48, 36, 48, 12, 24, 60, 36, 60, 72, 36, 36, 36, 84, 48, 24, 24, 36, 24, 60, 12, 12, 84, 24, 48, 48, 36, 12, 24, 0, 48, 60, 12, 12, 12, 48, 36, 72, 24, 48, 12, 24, 36, 24, 24, 48, 36]",,,,
0.127 2.93 8 1,"[12, 24, 36, 0, 12, 24, 0, 12, 12, 0, 0, 0, 36, 0, 12, 0, 12, 0, 12, 0, 0, 0, 0, 12, 12, 0, 0, 0, 0, 0, 24, 0, 0, 0, 0, 0, 0, 0, 0, 12, 0, 0, 0, 0, 0, 12, 12, 0, 0, 12, 12, 0, 12, 12, 0, 0, 12, 0, 0, 0, 12, 0, 12, 0, 48, 48, 48, 12, 36, 12, 72, 12, 48, 48, 24, 48, 36, 36, 72, 24, 72, 48, 108, 144, 36, 84, 96, 144, 108, 120, 132, 216, 240, 120, 252, 180, 348, 168, 156, 120, 288, 336, 564, 276, 168, 156, 216, 132, 120, 252, 108, 84, 192, 108, 192, 36, 156, 96, 192, 132, 84, 60, 72, 108, 144, 96, 60, 108, 132, 156, 84, 96, 72, 84, 84, 132, 72, 48, 84, 36, 144, 108, 96, 60, 144, 132, 144, 108, 132, 132, 48, 60, 60, 96, 96, 60, 96, 120, 180, 108, 48, 156, 96, 156, 48, 48, 120, 72, 168, 192, 120, 72, 132, 84, 60, 48, 144, 60, 60, 120, 144, 108, 132, 120, 84, 84, 84, 144, 120, 48, 108, 120, 132, 120, 156, 84, 48, 108, 216, 456, 300, 204, 48, 156, 120, 72, 120, 156, 168, 180, 120, 84, 0, 24, 156, 144, 132, 132, 156, 144, 96, 120, 72, 132, 96, 120, 144, 108, 144, 192, 84, 108, 180, 48, 36, 72, 120, 60, 108, 120, 144, 108, 84, 96, 36, 84, 72, 60, 24, 96, 96, 60, 60, 36, 48, 60, 24, 36, 60, 0, 36, 24, 48, 48, 12, 0, 60, 48, 48, 24, 24, 24, 36, 12, 24, 12, 24, 0, 12, 48, 0, 0, 24, 24, 24, 12, 0, 36]",44.5049939199424,11.2808100253752,8447,13850.0
0.127 3.1 4 1,"[0, 0, 0, 0, 0, 0, 0, 0, 0, 0, 0, 0, 0, 0, 0, 0, 0, 0, 0, 0, 0, 0, 0, 0, 0, 0, 0, 0, 0, 0, 0, 0, 0, 0, 0, 0, 0, 0, 0, 0, 0, 0, 0, 0, 0, 0, 0, 0, 0, 0, 0, 0, 0, 0, 0, 0, 0, 0, 0, 0, 0, 0, 0, 0, 0, 0, 0, 0, 0, 0, 0, 0, 0, 0, 0, 0, 0, 0, 0, 0, 0, 0, 0, 0, 0, 0, 0, 0, 0, 0, 0, 0, 0, 0, 0, 0, 0, 0, 0, 0, 0, 0, 0, 0, 0, 0, 0, 0, 0, 0, 0, 0, 0, 0, 0, 0, 0, 0, 0, 0, 0, 0, 0, 0, 0, 0, 0, 0, 0, 0, 0, 0, 0, 0, 0, 0, 0, 0, 0, 0, 0, 0, 0, 0, 0, 0, 0, 0, 0, 0, 0, 0, 0, 0, 0, 0, 0, 0, 0, 0, 0, 0, 0, 0, 0, 0, 0, 0, 0, 0, 0, 0, 0, 0, 0, 0, 0, 0, 0, 0, 0, 0, 0, 0, 0, 0, 0, 0, 0, 0, 0, 0, 0, 0, 0, 0, 0, 0, 0, 0, 0, 0, 0, 0, 0, 0, 0, 0, 0, 0, 0, 0, 0, 0, 0, 0, 0, 0, 0, 0, 0, 0, 0, 0, 0, 0, 0, 0, 0, 0, 0, 0, 0, 0, 0, 0, 0, 0, 0, 0, 0, 0, 0, 0, 0, 0, 0, 0, 0, 0, 0, 0, 0, 0, 0, 0, 0, 0, 0, 0, 0, 0, 0, 0, 0, 0, 0, 0, 0, 0, 0, 0, 0, 0, 0, 0, 0, 0, 0, 0, 0, 0, 0, 0, 0, 0, 0, 0]",44.5281084535201,11.333142539386,10699,13443.0
0.127 3.1 8 1,"[396, 288, 324, 336, 324, 276, 312, 300, 348, 228, 240, 240, 180, 228, 168, 324, 252, 204, 312, 180, 228, 204, 120, 96, 36, 72, 60, 120, 108, 84, 48, 60, 96, 48, 60, 36, 48, 12, 72, 48, 36, 60, 36, 48, 0, 96, 36, 36, 84, 60, 96, 60, 84, 48, 120, 84, 168, 240, 132, 240, 60, 156, 180, 180, 300, 348, 228, 420, 348, 372, 312, 216, 228, 360, 372, 420, 420, 684, 672, 804, 1068, 960, 1032, 1092, 1080, 1200, 1320, 1464, 1560, 1464, 1752, 1440, 1464, 1500, 1452, 1740, 1704, 1332, 1692, 1620, 1668, 1344, 1476, 1644, 1800, 1596, 1824, 1488, 1740, 1440, 1404, 1284, 1536, 1500, 1236, 1200, 1260, 1188, 1224, 1200, 1248, 1272, 1356, 1128, 1236, 1272, 1008, 1212, 1260, 1260, 1356, 1200, 1164, 1296, 1104, 1224, 1068, 1296, 1368, 1128, 1428, 1152, 1284, 1140, 1140, 1044, 816, 1500, 1248, 1416, 1368, 1356, 1272, 1368, 1164, 1284, 1128, 1200, 1176, 1308, 1284, 1344, 1560, 1404, 1212, 1512, 1296, 1068, 1236, 1452, 1380, 1200, 1260, 1176, 1500, 1392, 1356, 1188, 1500, 1260, 1500, 1284, 1392, 1236, 1140, 1332, 1200, 1164, 1224, 1272, 1152, 1104, 1200, 1116, 1176, 1344, 1308, 1416, 1284, 1428, 1368, 1308, 1404, 1392, 1356, 1428, 1536, 1656, 1704, 1464, 1668, 1872, 1728, 1644, 1968, 1560, 1320, 1596, 1560, 1464, 1608, 1440, 1584, 1620, 1572, 1296, 1200, 1260, 1380, 1548, 1548, 1452, 1020, 1452, 1212, 1344, 1164, 1260, 1380, 1068, 1224, 948, 1140, 888, 864, 1032, 804, 1128, 1092, 996, 768, 636, 612, 624, 828, 780, 804, 696, 492, 660, 672, 648, 576, 624, 552, 444, 624, 504, 708, 444, 252, 588, 384, 528, 432, 744, 504, 336, 636, 552, 324, 444, 384, 420, 600, 324, 624, 408]",44.5279461761347,11.3330417617694,10704,10699.0
0.127 3.2 2 1,"[72, 192, 84, 48, 72, 96, 108, 48, 60, 36, 120, 12, 48, 12, 72, 60, 48, 24, 72, 60, 60, 48, 12, 12, 24, 0, 48, 24, 84, 12, 0, 0, 36, 0, 36, 0, 0, 24, 0, 0, 0, 24, 24, 36, 12, 36, 12, 24, 36, 36, 24, 24, 12, 60, 0, 0, 36, 24, 72, 24, 24, 72, 96, 84, 132, 120, 180, 84, 96, 120, 108, 72, 96, 252, 96, 144, 120, 276, 156, 228, 396, 108, 264, 276, 528, 336, 528, 576, 660, 852, 708, 1140, 984, 972, 996, 864, 912, 756, 1092, 816, 1080, 828, 864, 636, 840, 1104, 912, 780, 684, 804, 864, 588, 744, 684, 720, 696, 888, 636, 648, 564, 756, 672, 660, 780, 768, 612, 744, 516, 876, 636, 576, 756, 828, 756, 684, 576, 528, 588, 804, 696, 792, 960, 588, 624, 672, 648, 600, 708, 624, 780, 816, 684, 708, 708, 612, 624, 492, 768, 564, 792, 732, 492, 576, 504, 636, 660, 684, 612, 720, 516, 708, 780, 576, 612, 672, 492, 732, 768, 696, 684, 576, 756, 636, 576, 552, 660, 924, 768, 732, 744, 804, 720, 792, 816, 588, 900, 828, 888, 768, 756, 960, 816, 912, 732, 1020, 1116, 864, 948, 1080, 888, 888, 816, 1164, 888, 840, 888, 864, 900, 1092, 1104, 1056, 852, 804, 840, 900, 696, 888, 612, 600, 708, 840, 696, 816, 612, 648, 636, 696, 840, 480, 648, 672, 576, 672, 696, 600, 600, 372, 612, 444, 516, 396, 324, 336, 420, 288, 396, 372, 300, 240, 252, 300, 204, 276, 108, 276, 204, 252, 132, 240, 264, 168, 156, 204, 288, 168, 132, 204, 132, 144, 156, 276, 240, 288, 96, 96, 108, 120, 108]",44.5170616340072,11.3307932786079,16612,8750.0
0.127 3.2 4 1,"[24, 60, 12, 60, 24, 24, 24, 48, 12, 60, 0, 24, 12, 24, 0, 0, 24, 0, 48, 0, 24, 0, 0, 24, 0, 0, 0, 12, 12, 12, 12, 0, 0, 0, 0, 12, 12, 24, 0, 12, 0, 0, 0, 0, 0, 12, 0, 0, 0, 0, 0, 36, 0, 0, 12, 12, 12, 24, 0, 12, 24, 36, 0, 36, 24, 48, 36, 24, 60, 24, 24, 36, 48, 24, 120, 60, 24, 108, 72, 96, 60, 180, 96, 120, 144, 192, 228, 96, 300, 252, 276, 360, 408, 360, 384, 324, 288, 240, 336, 456, 384, 432, 528, 432, 228, 300, 336, 360, 300, 240, 276, 204, 312, 324, 192, 180, 276, 168, 228, 180, 204, 156, 204, 132, 180, 156, 288, 204, 180, 312, 168, 192, 192, 204, 216, 132, 192, 180, 204, 252, 252, 108, 168, 252, 192, 228, 180, 240, 240, 216, 156, 240, 252, 180, 168, 216, 264, 252, 180, 168, 288, 120, 192, 252, 228, 228, 264, 228, 312, 456, 252, 168, 252, 192, 240, 228, 168, 168, 228, 276, 192, 288, 324, 168, 252, 312, 132, 240, 156, 240, 252, 216, 192, 264, 264, 216, 240, 168, 480, 408, 384, 396, 360, 312, 216, 336, 288, 228, 264, 228, 288, 348, 324, 300, 276, 396, 252, 276, 216, 264, 288, 408, 264, 252, 240, 312, 264, 240, 204, 240, 204, 228, 156, 216, 180, 264, 168, 180, 156, 180, 168, 216, 180, 192, 168, 72, 84, 108, 156, 132, 120, 72, 60, 132, 60, 84, 84, 120, 48, 84, 48, 84, 84, 48, 72, 96, 72, 72, 96, 120, 24, 12, 36, 84, 48, 108, 12, 72, 24, 108, 12, 48, 48, 48, 72, 72, 84, 60]",44.5172543649705,11.3312656729124,8750,14501.0
0.127 3.2 8 1,"[24, 36, 24, 24, 48, 36, 36, 0, 36, 0, 12, 12, 12, 36, 12, 12, 12, 0, 24, 48, 12, 12, 24, 12, 12, 24, 0, 0, 12, 0, 12, 24, 12, 0, 0, 36, 0, 12, 0, 24, 12, 24, 0, 0, 0, 24, 0, 0, 12, 12, 0, 0, 12, 12, 0, 0, 12, 12, 12, 0, 12, 12, 0, 24, 24, 12, 0, 0, 24, 36, 36, 36, 36, 24, 12, 24, 24, 36, 24, 48, 60, 72, 72, 120, 96, 132, 84, 168, 192, 252, 216, 396, 216, 312, 288, 324, 240, 228, 324, 420, 144, 288, 192, 204, 240, 444, 324, 324, 192, 348, 324, 252, 108, 180, 96, 312, 204, 264, 240, 228, 204, 132, 144, 204, 240, 312, 168, 264, 216, 168, 276, 216, 228, 192, 276, 228, 240, 180, 276, 192, 192, 252, 336, 300, 324, 240, 348, 240, 228, 264, 228, 348, 240, 312, 228, 228, 288, 216, 264, 204, 360, 264, 252, 204, 252, 132, 252, 336, 180, 240, 324, 132, 192, 276, 168, 204, 240, 144, 216, 240, 180, 300, 264, 252, 204, 228, 168, 288, 252, 216, 264, 276, 312, 264, 360, 180, 288, 264, 276, 240, 408, 336, 276, 192, 252, 300, 372, 264, 312, 192, 300, 432, 312, 360, 324, 288, 360, 276, 360, 312, 348, 360, 264, 288, 276, 216, 252, 228, 228, 312, 252, 384, 204, 276, 216, 240, 240, 264, 264, 264, 204, 84, 252, 96, 168, 168, 108, 132, 156, 120, 96, 60, 36, 108, 108, 60, 72, 84, 60, 108, 60, 96, 84, 96, 48, 36, 72, 60, 48, 60, 60, 96, 0, 120, 48, 108, 48, 72, 12, 96, 60, 60, 24, 36, 72, 48, 24, 72]",44.5168688658531,11.3314889883209,8750,14514.0
0.127 3.3 8 2,"[-1, -1, -1, -1, -1, -1, -1, -1, -1, -1, -1, -1, -1, -1, -1, -1, -1, 0, 0, 0, 0, 0, 0, 0, 0, 12, 0, 0, 0, 12, 0, 0, 0, 12, 24, 24, 12, 0, 0, 12, 24, 12, 36, 0, 0, 12, 12, 0, 48, 24, 0, 0, 0, 24, 12, 24, 12, 24, 12, 0, 24, 96, 36, 36, 24, 60, 180, 60, 60, 36, 24, 36, 48, 48, 12, 24, 24, 24, 48, 72, 36, 24, 24, 48, 48, 72, 24, 24, 60, 48, 24, 0, 48, 0, 24, 36, 12, 60, 12, 60, 48, 60, 36, 60, 84, 12, 60, 60, 0, 72, 60, 72, 60, 24, 48, 60, 48, 48, 84, 36, 36, 36, 12, 48, 72, 120, 48, 108, 72, 72, 48, 12, 48, 36, 60, 24, 36, 144, 96, 0, 60, 72, 24, 48, 60, 24, 48, 24, 36, 84, 48, 24, 24, 96, 60, 36, 60, 60, 48, 60, 72, 48, 108, 60, 12, 72, 144, 84, 84, 36, 84, 60, 84, 60, 324, 108, 96, 72, 12, 48, 48, 84, 180, 36, 36, 72, 60, 156, 72, 132, 120, 48, 72, 108, 48, 72, 108, 84, 120, 84, 72, 240, 36, 72, 72, 48, 84, 72, 60, 36, 60, 96, 60, 60, 72, 24, 48, 72, 36, 48, 24, 48, 36, 48, 24, 36, 48, 36, 60, 12, 24, 0, 24, 24, 24, 12, 24, 0, 0, 12, 36, 48, 36, 12, 0, 12, 60, 36, 0, 0, 0, 12, 60, 12, 48, 0, 0, 0, 48, 72, 24, 24, 24, 12, 60, 36, 36, 12, 0, 0, 12, 24, 12, 12, 12, 24, 12, 0, 0, 48, 0, 12, 0, 0, 0, 12, 12, 24]",44.5116584913101,11.3276945966764,8749,16605.0
0.127 3.4 10 1,"[72, 72, 60, 36, 108, 48, 108, 24, 132, 48, 132, 12, 36, 84, 48, 36, 84, 48, 96, 48, 60, 48, 48, 12, 72, 24, 24, 24, 36, 12, 0, 12, 12, 36, 0, 12, 36, 12, 36, 0, 12, 0, 0, 12, 24, 36, 24, 24, 24, 48, 12, 48, 12, 12, 24, 24, 60, 84, 24, 60, 48, 120, 72, 72, 24, 48, 120, 84, 84, 72, 84, 72, 132, 108, 120, 144, 156, 168, 168, 96, 276, 144, 252, 288, 240, 204, 324, 324, 384, 468, 336, 216, 276, 348, 264, 192, 180, 252, 252, 264, 264, 228, 108, 216, 252, 264, 288, 300, 300, 204, 216, 300, 276, 228, 228, 288, 228, 360, 240, 240, 336, 192, 252, 372, 264, 204, 228, 300, 348, 276, 264, 264, 240, 240, 252, 216, 228, 204, 204, 216, 228, 300, 216, 168, 180, 228, 204, 240, 240, 216, 228, 228, 276, 180, 348, 240, 192, 264, 204, 168, 348, 252, 228, 336, 252, 312, 264, 228, 276, 240, 240, 264, 228, 288, 276, 324, 348, 276, 312, 360, 276, 252, 336, 252, 240, 264, 300, 252, 348, 264, 264, 276, 324, 252, 312, 240, 300, 264, 252, 228, 312, 324, 312, 216, 288, 264, 180, 264, 324, 384, 204, 276, 300, 492, 336, 168, 300, 264, 264, 252, 348, 372, 300, 240, 300, 240, 408, 360, 300, 192, 288, 192, 288, 324, 300, 252, 336, 288, 300, 372, 276, 324, 252, 336, 336, 252, 216, 216, 228, 324, 168, 144, 192, 228, 264, 276, 168, 216, 168, 144, 132, 108, 252, 168, 156, 192, 204, 120, 120, 144, 108, 96, 132, 108, 120, 144, 156, 144, 132, 132, 132, 156, 132, 120, 108, 120, 144, 84]",44.5091577384884,11.3292117871833,8749,10156.0
0.127 3.6 8 1,"[0, 0, 0, 0, 12, 0, 0, 0, 12, 0, 12, 0, 0, 0, 0, 0, 0, 0, 0, 0, 0, 0, 0, 12, 0, 12, 0, 0, 0, 0, 0, 0, 0, 0, 0, 0, 0, 0, 0, 0, 0, 12, 0, 0, 0, 0, 0, 0, 0, 0, 0, 12, 0, 12, 12, 0, 0, 0, 0, 0, 0, 0, 0, 0, 0, 12, 0, 0, 0, 12, 12, 0, 12, 0, 12, 12, 24, 24, 0, 24, 12, 0, 48, 24, 36, 12, 12, 36, 24, 48, 36, 12, 84, 96, 84, 72, 156, 72, 108, 48, 84, 60, 84, 48, 60, 96, 72, 96, 144, 132, 84, 96, 108, 60, 84, 84, 24, 120, 120, 120, 96, 108, 72, 132, 84, 84, 84, 48, 144, 132, 84, 96, 84, 84, 60, 96, 84, 84, 120, 96, 36, 0, 0, 0, 12, 12, 72, 96, 36, 132, 36, 84, 48, 72, 120, 60, 12, 84, 84, 60, 60, 60, 48, 24, 36, 36, 60, 0, 0, 72, 0, 12, 12, 0, 12, 60, 60, 96, 0, 0, 0, 12, 48, 120, 60, 84, 48, 24, 48, 72, 84, 48, 36, 132, 108, 84, 120, 72, 36, 72, 132, 120, 84, 0, 180, 60, 84, 72, 120, 72, 36, 72, 120, 120, 120, 48, 96, 96, 96, 96, 72, 60, 96, 108, 60, 84, 72, 72, 96, 120, 60, 96, 72, 72, 36, 60, 12, 24, 48, 12, 72, 48, 24, 36, 96, 72, 84, 48, 48, 0, 0, 24, 108, 48, 72, 132, 72, 60, 36, 24, 12, 12, 24, 12, 48, 96, 12, 60, 12, 24, 24, 0, 48, 36, 0, 24, 0, 12, 0, 0, 12, 36, 36, 12, 0, 12, 12, 12]",44.5036678917484,11.3320599248987,10213,10164.0
0.127 3.8 6 1,"[180, 300, 180, 144, 144, 156, 228, 132, 192, 132, 228, 48, 168, 108, 60, 120, 60, 108, 72, 96, 24, 72, 36, 60, 24, 48, 36, 36, 72, 48, 84, 24, 36, 48, 12, 12, 12, 60, 24, 24, 24, 36, 24, 24, 24, 0, 36, 60, 0, 48, 36, 24, 12, 12, 24, 36, 0, 12, 72, 84, 36, 24, 36, 72, 36, 48, 48, 48, 48, 72, 84, 0, 36, 36, 108, 156, 72, 132, 132, 180, 192, 168, 168, 216, 252, 240, 324, 372, 312, 420, 528, 636, 624, 624, 720, 708, 624, 528, 420, 612, 444, 660, 684, 588, 708, 612, 540, 444, 576, 576, 588, 576, 408, 492, 504, 576, 540, 468, 516, 480, 468, 396, 552, 372, 636, 636, 480, 720, 552, 444, 456, 432, 432, 360, 492, 612, 480, 504, 456, 516, 540, 672, 660, 576, 396, 396, 708, 516, 432, 480, 636, 432, 516, 480, 396, 756, 600, 828, 588, 468, 528, 600, 468, 480, 504, 624, 528, 564, 636, 612, 492, 504, 420, 468, 648, 504, 612, 432, 444, 588, 492, 552, 468, 360, 612, 480, 684, 672, 636, 540, 540, 564, 624, 624, 612, 528, 660, 468, 612, 516, 636, 492, 612, 624, 660, 720, 540, 648, 540, 672, 588, 636, 540, 492, 624, 720, 696, 660, 732, 636, 528, 432, 624, 660, 480, 576, 576, 672, 624, 528, 516, 468, 540, 564, 492, 564, 528, 456, 420, 444, 480, 372, 516, 384, 420, 432, 456, 252, 372, 240, 420, 312, 432, 312, 300, 228, 300, 264, 264, 276, 324, 144, 252, 228, 324, 276, 252, 288, 180, 360, 300, 324, 228, 252, 336, 444, 252, 228, 276, 204, 228, 312, 252, 300, 228, 276, 288, 300]",44.5031859752796,11.335322475296,10208,10163.0
0.127 3.9 2 1,"[24, 60, 48, 60, 60, 24, 60, 72, 84, 72, 36, 36, 24, 120, 72, 48, 72, 36, 36, 36, 36, 36, 60, 48, 24, 12, 48, 36, 84, 24, 12, 12, 12, 36, 24, 12, 0, 12, 36, 12, 0, 24, 0, 0, 12, 48, 48, 48, 36, 24, 0, 24, 0, 12, 24, 24, 24, 108, 48, 48, 84, 96, 60, 96, 60, 36, 36, 156, 60, 72, 12, 84, 36, 72, 72, 96, 60, 120, 108, 48, 12, 132, 132, 144, 96, 144, 120, 228, 216, 180, 324, 300, 264, 384, 288, 480, 300, 468, 324, 456, 384, 192, 396, 300, 372, 240, 372, 252, 384, 348, 252, 324, 204, 144, 228, 180, 216, 312, 288, 204, 288, 264, 156, 204, 168, 216, 252, 240, 228, 228, 216, 216, 204, 216, 264, 204, 168, 216, 144, 216, 372, 216, 204, 132, 276, 156, 144, 288, 216, 204, 216, 396, 192, 216, 168, 216, 264, 372, 240, 132, 252, 264, 300, 204, 360, 144, 240, 312, 192, 240, 252, 276, 144, 288, 240, 312, 360, 324, 348, 252, 276, 252, 264, 228, 264, 240, 192, 276, 300, 240, 312, 288, 216, 252, 324, 228, 228, 336, 300, 288, 228, 216, 300, 312, 240, 312, 192, 396, 276, 228, 252, 444, 348, 384, 396, 216, 264, 276, 264, 396, 252, 240, 204, 360, 156, 240, 420, 216, 288, 300, 276, 312, 312, 240, 276, 252, 204, 204, 216, 288, 192, 276, 168, 252, 168, 228, 228, 132, 180, 180, 168, 72, 204, 132, 144, 96, 180, 60, 180, 168, 72, 96, 144, 132, 72, 168, 84, 120, 180, 144, 120, 84, 60, 144, 72, 48, 108, 96, 72, 60, 108, 48, 60, 108, 48, 108, 60, 108]",44.5050913042932,11.3371420330943,16716,16733.0
0.127 3.10 8 1,"[108, 84, 84, 84, 84, 36, 72, 72, 0, 12, 48, 96, 60, 36, 60, 36, 36, 12, 36, 24, 12, 48, 0, 60, 24, 12, 48, 12, 12, 0, 24, 12, 12, 48, 12, 0, 24, 12, 12, 0, 12, 24, 12, 24, 0, 24, 24, 12, 0, 12, 36, 36, 48, 60, 36, 48, 24, 36, 24, 24, 36, 84, 24, 48, 108, 84, 108, 144, 204, 108, 192, 144, 108, 180, 228, 276, 312, 228, 252, 348, 420, 408, 456, 540, 504, 672, 504, 912, 900, 972, 1044, 972, 1284, 1320, 1308, 1176, 1128, 1104, 1044, 1104, 996, 1116, 780, 1260, 1080, 936, 924, 804, 864, 756, 648, 564, 528, 612, 576, 540, 408, 648, 708, 492, 564, 624, 516, 696, 516, 444, 552, 564, 636, 588, 564, 624, 492, 492, 600, 576, 504, 552, 588, 516, 552, 564, 576, 516, 492, 540, 552, 600, 648, 600, 564, 480, 564, 672, 588, 648, 456, 468, 468, 456, 564, 564, 636, 564, 624, 492, 756, 624, 504, 540, 576, 540, 528, 600, 624, 720, 468, 540, 576, 468, 432, 516, 588, 552, 660, 540, 600, 600, 480, 624, 552, 636, 552, 708, 636, 744, 720, 576, 792, 600, 588, 816, 648, 840, 684, 732, 708, 960, 756, 780, 840, 756, 840, 1044, 720, 816, 660, 648, 744, 792, 804, 768, 624, 636, 696, 756, 648, 456, 636, 648, 432, 468, 384, 444, 600, 600, 516, 540, 432, 684, 372, 384, 540, 396, 384, 300, 288, 348, 312, 348, 240, 300, 252, 228, 396, 144, 204, 204, 144, 120, 216, 240, 144, 252, 156, 168, 204, 180, 144, 168, 144, 192, 156, 192, 144, 96, 240, 300, 228, 228, 72, 156, 204, 96, 168, 180, 60, 192]",44.5509701020828,11.35661650307,16896,15938.0
0.127 3.11 4 1,"[12, 12, 0, 24, 0, 24, 12, 24, 24, 12, 0, 24, 0, 12, 0, 0, 24, 0, 0, 0, 0, 12, 12, 12, 12, 0, 0, 0, 0, 0, 0, 0, 12, 0, 0, 0, 0, 0, 0, 0, 12, 0, 0, 0, 0, 0, 0, 12, 12, 0, 0, 0, 0, 12, 0, 0, 0, 0, 0, 0, 24, 12, 24, 24, 12, 12, 48, 0, 0, 12, 24, 36, 24, 0, 24, 24, 36, 36, 36, 48, 24, 36, 12, 60, 36, 96, 60, 108, 84, 108, 180, 108, 96, 144, 252, 216, 108, 108, 144, 132, 192, 96, 288, 228, 132, 180, 120, 168, 144, 144, 120, 180, 144, 84, 192, 132, 156, 192, 144, 216, 168, 180, 168, 108, 144, 204, 168, 216, 156, 180, 192, 132, 96, 108, 72, 96, 192, 192, 72, 180, 144, 96, 144, 252, 144, 144, 120, 72, 84, 156, 84, 144, 108, 36, 48, 156, 96, 144, 48, 120, 48, 96, 108, 132, 96, 156, 132, 120, 204, 240, 96, 192, 132, 60, 132, 84, 108, 144, 180, 60, 96, 120, 84, 72, 216, 156, 120, 120, 168, 180, 132, 204, 144, 96, 180, 36, 180, 156, 132, 180, 168, 216, 120, 264, 168, 120, 132, 180, 72, 108, 168, 144, 72, 120, 276, 144, 120, 180, 216, 108, 144, 60, 72, 192, 108, 180, 120, 144, 192, 168, 180, 120, 84, 108, 36, 96, 60, 84, 180, 12, 96, 96, 48, 84, 72, 96, 120, 60, 120, 144, 84, 36, 72, 72, 24, 36, 48, 24, 48, 60, 36, 36, 48, 12, 24, 60, 12, 60, 12, 0, 36, 12, 24, 48, 0, 24, 60, 0, 48, 12, 48, 12, 24, 36, 24, 24, 12, 24]",44.5478097680023,11.357225268783,11154,11136.0
0.127 3.11 8 1,"[24, 12, 24, 12, 12, 0, 12, 0, 12, 12, 0, 0, 0, 12, 0, 0, 0, 0, 0, 0, 0, 12, 0, 12, 0, 0, 24, 0, 0, 0, 12, 0, 12, 0, 0, 0, 0, 0, 0, 0, 12, 24, 0, 0, 0, 0, 0, 12, 0, 0, 0, 0, 0, 12, 12, 0, 12, 12, 0, 0, 12, 0, 0, 0, 0, 24, 24, 24, 0, 12, 12, 36, 0, 24, 0, 12, 12, 12, 12, 24, 72, 36, 24, 12, 24, 36, 36, 24, 60, 144, 60, 144, 48, 156, 84, 192, 144, 84, 84, 60, 96, 180, 132, 132, 132, 108, 96, 96, 132, 72, 120, 36, 96, 120, 84, 12, 96, 72, 60, 84, 96, 84, 48, 96, 132, 132, 156, 108, 84, 132, 132, 108, 72, 60, 48, 72, 84, 96, 84, 132, 120, 120, 108, 156, 84, 60, 96, 12, 36, 84, 60, 60, 48, 36, 120, 120, 24, 72, 108, 144, 84, 48, 24, 60, 12, 48, 60, 60, 48, 12, 36, 132, 96, 24, 36, 72, 72, 48, 36, 120, 72, 72, 72, 72, 24, 36, 72, 108, 60, 108, 36, 12, 48, 24, 120, 96, 168, 60, 168, 96, 132, 108, 108, 96, 72, 96, 108, 108, 96, 60, 132, 132, 48, 60, 72, 84, 120, 168, 24, 168, 120, 96, 132, 72, 96, 48, 84, 72, 24, 72, 132, 72, 120, 12, 36, 60, 24, 60, 96, 36, 84, 132, 84, 36, 60, 84, 24, 84, 72, 60, 36, 36, 24, 12, 60, 60, 24, 24, 36, 48, 36, 12, 24, 12, 12, 12, 36, 12, 72, 24, 36, 24, 12, 12, 48, 24, 12, 12, 0, 0, 24, 24, 12, 0, 0, 12, 12, 0]",44.5479917700018,11.3564910207718,11074,11136.0
0.127 3.12 4 1,"[12, 12, 12, 24, 24, 0, 24, 24, 12, 0, 0, 12, 48, 0, 0, 0, 24, 12, 24, 0, 24, 12, 0, 12, 0, 0, 12, 0, 0, 12, 0, 0, 0, 0, 0, 0, 0, 12, 0, 12, 0, 0, 0, 12, 0, 0, 0, 0, 12, 12, 0, 0, 0, 12, 0, 0, 0, 0, 0, 12, 24, 12, 0, 12, 0, 12, 24, 0, 0, 0, 12, 24, 12, 12, 24, 12, 0, 36, 12, 24, 60, 48, 36, 48, 60, 36, 36, 60, 48, 120, 48, 48, 96, 96, 216, 252, 156, 180, 72, 132, 132, 132, 228, 192, 72, 108, 192, 192, 96, 96, 120, 84, 60, 144, 132, 72, 96, 132, 48, 132, 108, 96, 180, 84, 108, 24, 84, 168, 96, 108, 144, 108, 60, 108, 96, 108, 144, 84, 72, 84, 108, 72, 84, 168, 60, 108, 192, 96, 96, 60, 48, 120, 96, 144, 144, 72, 96, 72, 48, 132, 120, 60, 120, 156, 84, 96, 72, 120, 120, 96, 60, 84, 96, 84, 132, 120, 132, 120, 192, 48, 96, 96, 120, 120, 96, 204, 96, 108, 108, 144, 96, 96, 108, 132, 132, 144, 180, 240, 192, 84, 252, 156, 108, 216, 120, 192, 216, 108, 168, 132, 144, 180, 216, 228, 108, 144, 108, 120, 144, 168, 84, 204, 168, 72, 84, 120, 156, 156, 180, 108, 96, 84, 72, 84, 72, 84, 144, 72, 60, 60, 60, 48, 132, 60, 36, 84, 60, 60, 60, 48, 96, 72, 36, 84, 24, 60, 48, 60, 72, 36, 0, 60, 48, 24, 36, 60, 36, 36, 24, 24, 24, 24, 48, 24, 36, 24, 12, 24, 24, 12, 36, 48, 0, 12, 0, 36, 0, 24]",44.5444145871753,11.3563287747852,11148,11147.0
0.127 3.12 6 1,"[48, 0, 60, 84, 60, 48, 84, 72, 36, 24, 24, 36, 48, 24, 24, 48, 60, 12, 24, 48, 24, 24, 24, 48, 12, 0, 0, 12, 12, 12, 12, 24, 24, 12, 12, 12, 12, 12, 0, 12, 24, 12, 0, 12, 12, 12, 48, 24, 24, 0, 12, 0, 24, 12, 0, 12, 24, 12, 0, 24, 12, 24, 12, 36, 24, 36, 24, 24, 84, 36, 24, 60, 24, 60, 108, 60, 72, 36, 24, 72, 96, 180, 108, 96, 132, 192, 96, 192, 192, 180, 180, 216, 216, 300, 180, 276, 276, 144, 264, 300, 276, 288, 192, 312, 204, 312, 120, 288, 240, 492, 396, 324, 204, 408, 216, 228, 372, 324, 204, 264, 288, 120, 240, 348, 216, 300, 324, 348, 228, 348, 348, 360, 264, 252, 252, 240, 504, 360, 252, 336, 324, 264, 408, 372, 288, 324, 348, 276, 348, 264, 276, 312, 396, 324, 264, 288, 300, 396, 252, 348, 228, 360, 336, 240, 216, 336, 288, 288, 240, 276, 408, 396, 252, 396, 228, 324, 360, 312, 288, 264, 444, 372, 276, 360, 324, 216, 444, 336, 324, 324, 324, 264, 396, 300, 300, 456, 408, 360, 432, 432, 432, 336, 540, 324, 516, 252, 564, 396, 336, 420, 480, 396, 216, 480, 492, 420, 372, 456, 396, 468, 348, 444, 432, 492, 252, 492, 288, 264, 324, 288, 336, 324, 192, 480, 252, 360, 276, 336, 348, 324, 384, 228, 204, 252, 216, 228, 180, 228, 360, 120, 168, 192, 240, 156, 120, 144, 156, 156, 204, 96, 132, 156, 72, 120, 108, 168, 48, 120, 168, 84, 48, 96, 144, 72, 120, 144, 48, 96, 36, 180, 144, 24, 72, 108, 72, 48, 108, 96]",44.5442407722165,11.3560176841401,11125,11147.0
0.127 3.12 8 1,"[60, 0, 0, 24, 12, 0, 12, 12, 12, 12, 0, 0, 0, 0, 0, 0, 0, 36, 0, 0, 12, 0, 0, 12, 24, 12, 0, 0, 0, 0, 12, 0, 0, 0, 0, 0, 0, 0, 0, 0, 0, 0, 0, 12, 0, 0, 0, 0, 12, 0, 0, 0, 0, 0, 12, 0, 12, 0, 0, 0, 0, 0, 0, 0, 0, 0, 12, 0, 12, 0, 0, 12, 0, 12, 0, 0, 12, 0, 0, 12, 0, 12, 36, 12, 0, 0, 0, 12, 24, 24, 36, 84, 36, 48, 72, 36, 72, 12, 48, 84, 24, 72, 72, 72, 24, 60, 60, 60, 36, 48, 12, 36, 36, 24, 48, 72, 60, 60, 84, 72, 36, 72, 36, 36, 36, 24, 0, 60, 24, 60, 24, 72, 36, 60, 60, 60, 48, 108, 36, 60, 12, 72, 24, 48, 72, 12, 24, 48, 36, 0, 0, 36, 36, 60, 36, 72, 24, 36, 12, 36, 60, 24, 0, 36, 24, 24, 48, 48, 24, 48, 12, 0, 36, 72, 36, 36, 12, 48, 60, 36, 24, 84, 48, 72, 24, 60, 36, 12, 12, 60, 48, 72, 48, 60, 84, 72, 96, 36, 96, 192, 72, 48, 24, 84, 48, 60, 48, 48, 12, 36, 12, 60, 36, 24, 60, 24, 36, 96, 72, 48, 24, 60, 48, 24, 72, 24, 48, 84, 24, 60, 36, 36, 72, 60, 12, 12, 12, 48, 36, 24, 72, 60, 36, 36, 0, 24, 36, 60, 72, 48, 36, 24, 24, 60, 12, 0, 12, 36, 12, 12, 24, 12, 12, 0, 36, 24, 0, 24, 12, 0, 0, 36, 0, 12, 36, 12, 60, 24, 12, 48, 24, 0, 12, 12, 0, 0, 0, 0]",44.5443998940677,11.3557118114992,11062,11147.0
0.127 3.13 10 1,"[24, 0, 12, 12, 12, 24, 0, 12, 12, 24, 12, 36, 0, 0, 12, 0, 12, 0, 0, 0, 0, 12, 0, 0, 0, 0, 0, 24, 0, 0, 0, 0, 0, 24, 0, 0, 12, 12, 0, 0, 12, 12, 0, 0, 12, 0, 0, 0, 0, 12, 12, 24, 12, 12, 36, 24, 24, 24, 0, 12, 0, 0, 24, 24, 12, 12, 36, 48, 72, 48, 48, 0, 36, 12, 60, 12, 96, 24, 12, 36, 96, 48, 60, 24, 36, 60, 84, 60, 12, 108, 216, 156, 120, 240, 144, 156, 156, 84, 180, 108, 132, 144, 96, 120, 144, 84, 108, 60, 48, 48, 36, 108, 72, 36, 72, 60, 60, 72, 60, 84, 72, 96, 12, 72, 48, 96, 60, 24, 48, 84, 24, 84, 48, 48, 72, 84, 84, 48, 36, 84, 72, 72, 36, 48, 36, 84, 48, 72, 48, 84, 36, 132, 72, 72, 24, 108, 36, 36, 156, 72, 60, 96, 168, 96, 60, 48, 168, 72, 72, 36, 96, 84, 48, 96, 60, 168, 72, 84, 36, 72, 60, 72, 60, 72, 108, 96, 60, 72, 24, 60, 36, 108, 84, 108, 96, 48, 132, 60, 48, 72, 12, 96, 24, 60, 60, 84, 120, 60, 108, 156, 36, 180, 132, 192, 108, 72, 144, 60, 60, 120, 168, 84, 192, 180, 192, 132, 72, 84, 96, 72, 36, 36, 72, 48, 36, 96, 120, 48, 36, 72, 72, 96, 60, 60, 60, 60, 72, 48, 12, 24, 36, 72, 36, 48, 48, 0, 24, 60, 12, 24, 0, 0, 24, 12, 24, 12, 24, 12, 24, 0, 0, 0, 12, 36, 0, 24, 72, 48, 60, 24, 0, 24, 48, 24, 60, 12, 36, 36]",44.5483753441212,11.3634136081534,11132,11088.0
0.127 3.13 10 2,"[24, 48, 48, 72, 36, 60, 60, 84, 36, 24, 12, 36, 48, 0, 12, 36, 0, 24, 0, 48, 36, 12, 0, 24, 24, 12, 60, 24, 0, 0, 0, 12, 0, 12, 0, 24, 0, 0, 36, 0, 24, 0, 0, 12, 12, 48, 0, 36, 0, 36, 12, 12, 0, 0, 0, 0, 12, 36, 12, 24, 12, 36, 36, 60, 12, 48, 72, 48, 24, 48, 60, 84, 24, 132, 84, 96, 132, 120, 132, 96, 84, 132, 168, 168, 192, 228, 180, 168, 384, 324, 300, 336, 336, 468, 456, 480, 240, 648, 192, 528, 468, 408, 444, 420, 396, 288, 348, 324, 396, 264, 444, 288, 240, 252, 228, 264, 228, 192, 180, 264, 228, 312, 216, 252, 288, 180, 252, 300, 348, 252, 252, 240, 216, 276, 228, 252, 216, 180, 240, 204, 180, 276, 264, 264, 264, 192, 408, 264, 204, 180, 240, 300, 252, 264, 336, 420, 360, 288, 348, 324, 420, 276, 324, 168, 372, 264, 420, 588, 360, 252, 168, 384, 456, 372, 276, 192, 288, 336, 336, 252, 288, 396, 384, 312, 276, 228, 312, 336, 288, 300, 240, 336, 192, 408, 348, 732, 348, 468, 336, 408, 444, 372, 396, 456, 564, 516, 408, 552, 300, 504, 384, 516, 444, 456, 468, 360, 360, 372, 480, 336, 432, 384, 264, 288, 264, 276, 180, 228, 156, 288, 204, 276, 168, 180, 120, 204, 216, 276, 216, 132, 120, 144, 192, 228, 132, 204, 108, 84, 60, 156, 24, 120, 108, 72, 156, 60, 60, 84, 132, 60, 60, 24, 60, 84, 96, 84, 120, 108, 108, 24, 72, 84, 60, 84, 72, 24, 72, 36, 24, 36, 12, 36, 96, 60, 12, 60, 36, 36]",,,,
0.127 3.16 2 1,"[108, 84, 132, 132, 192, 144, 120, 204, 132, 120, 108, 72, 48, 72, 60, 36, 108, 84, 36, 48, 36, 24, 96, 36, 72, 84, 12, 48, 24, 84, 48, 24, 24, 72, 36, 24, 48, 24, 24, 48, 24, 60, 12, 72, 24, 0, 48, 120, 72, 12, 24, 72, 96, 84, 12, 84, 120, 108, 156, 48, 60, 96, 216, 72, 168, 204, 192, 324, 300, 228, 180, 168, 240, 132, 408, 384, 408, 324, 372, 432, 552, 564, 540, 564, 840, 876, 828, 696, 1068, 1032, 1092, 1236, 1212, 1056, 768, 264, 1224, 1356, 1260, 996, 876, 1116, 1092, 1020, 1368, 1164, 1080, 804, 984, 960, 948, 1020, 984, 828, 900, 1008, 888, 852, 1008, 852, 972, 780, 768, 852, 960, 768, 1068, 780, 1008, 1092, 888, 936, 924, 972, 804, 672, 900, 852, 780, 924, 612, 984, 852, 972, 744, 840, 888, 888, 552, 864, 936, 768, 624, 840, 672, 960, 1032, 924, 732, 1008, 804, 984, 1044, 852, 984, 828, 852, 804, 876, 936, 696, 1068, 996, 984, 948, 816, 996, 672, 648, 960, 1056, 996, 960, 924, 852, 960, 888, 1068, 876, 768, 936, 852, 876, 948, 1104, 1128, 1176, 1056, 1008, 900, 948, 1032, 1296, 1152, 1044, 1200, 1044, 1092, 1140, 1104, 1068, 1008, 1104, 1236, 1176, 1128, 1008, 1032, 1104, 828, 960, 1260, 840, 1152, 876, 972, 840, 768, 540, 1236, 888, 852, 816, 612, 708, 852, 936, 708, 732, 624, 744, 888, 612, 816, 876, 636, 540, 588, 600, 684, 492, 384, 492, 540, 552, 372, 552, 648, 420, 288, 444, 360, 312, 288, 372, 324, 288, 312, 420, 240, 288, 396, 192, 312, 312, 372, 288, 588, 324, 480, 228, 348, 348, 408, 444, 288, 252, 288]",44.5318258328801,11.3535080702076,10712,10746.0
0.127 3.16 4 1,"[12, 60, 36, 12, 12, 72, 36, 0, 0, 24, 12, 24, 12, 24, 24, 24, 24, 0, 36, 48, 48, 0, 12, 0, 0, 12, 0, 24, 12, 12, 0, 0, 0, 0, 0, 0, 0, 12, 0, 0, 12, 0, 0, 12, 0, 0, 24, 0, 12, 12, 12, 12, 12, 12, 12, 12, 12, 0, 0, 0, 24, 12, 36, 12, 36, 12, 36, 12, 48, 60, 24, 48, 48, 24, 96, 120, 48, 156, 180, 60, 120, 132, 180, 144, 252, 192, 180, 204, 324, 324, 456, 396, 408, 504, 480, 540, 276, 432, 408, 372, 516, 468, 516, 468, 432, 288, 444, 396, 312, 348, 168, 396, 360, 252, 216, 276, 348, 240, 240, 180, 168, 144, 276, 336, 300, 300, 132, 324, 300, 228, 288, 300, 252, 240, 156, 300, 144, 312, 300, 240, 108, 180, 288, 300, 300, 204, 240, 300, 204, 252, 564, 648, 312, 384, 300, 264, 372, 528, 228, 456, 216, 252, 240, 168, 264, 312, 204, 252, 204, 348, 228, 240, 252, 252, 240, 276, 288, 276, 348, 288, 240, 252, 180, 132, 168, 228, 360, 180, 312, 360, 312, 372, 408, 432, 408, 468, 384, 96, 300, 288, 300, 216, 252, 288, 468, 276, 348, 468, 468, 360, 444, 504, 564, 276, 444, 420, 456, 540, 408, 504, 384, 432, 420, 480, 240, 120, 324, 288, 252, 312, 204, 240, 168, 144, 156, 120, 228, 264, 144, 180, 228, 108, 156, 168, 216, 72, 156, 60, 96, 60, 72, 120, 96, 48, 84, 96, 72, 48, 48, 84, 36, 48, 36, 48, 168, 156, 132, 36, 180, 48, 72, 96, 48, 72, 72, 24, 24, 48, 48, 24, 36, 60, 24, 12, 12, 60, 84, 36]",44.5310114540456,11.3533118901911,10752,10751.0
0.127 3.16 8 1,"[12, 0, 0, 0, 0, 0, 0, 12, 0, 0, 0, 0, 0, 0, 0, 0, 0, 0, 0, 0, 0, 0, 0, 0, 0, 0, 0, 0, 0, 0, 0, 0, 0, 0, 0, 0, 0, 0, 12, 0, 0, 0, 0, 0, 0, 0, 0, 0, 0, 0, 0, 0, 0, 0, 0, 0, 0, 0, 0, 0, 0, 0, 0, 12, 0, 0, 0, 0, 0, 12, 0, 12, 12, 24, 0, 12, 0, 24, 12, 0, 24, 24, 0, 0, 24, 12, 24, 72, 48, 12, 48, 12, 108, 84, 72, 24, 24, 144, 60, 108, 180, 60, 156, 192, 96, 120, 180, 168, 156, 132, 84, 96, 96, 108, 108, 36, 84, 72, 48, 120, 60, 84, 120, 108, 72, 96, 156, 96, 108, 132, 36, 96, 108, 72, 120, 120, 120, 120, 120, 180, 60, 84, 132, 36, 60, 168, 108, 60, 96, 120, 168, 132, 108, 96, 60, 48, 132, 144, 96, 48, 84, 120, 60, 108, 180, 84, 60, 96, 84, 96, 48, 60, 72, 60, 96, 12, 60, 96, 60, 48, 48, 96, 36, 96, 96, 72, 84, 96, 36, 108, 156, 72, 96, 48, 60, 24, 84, 96, 96, 168, 192, 180, 96, 168, 108, 84, 108, 48, 96, 96, 156, 156, 192, 132, 132, 144, 156, 120, 240, 96, 144, 144, 132, 12, 156, 120, 96, 120, 144, 108, 120, 60, 108, 168, 84, 120, 72, 132, 72, 120, 96, 180, 168, 72, 84, 48, 72, 72, 72, 36, 132, 12, 36, 36, 36, 60, 36, 84, 48, 72, 36, 24, 36, 36, 36, 24, 72, 12, 24, 36, 12, 24, 24, 48, 36, 24, 12, 60, 24, 0, 0, 24, 24, 24, 12, 12, 12, 12]",44.5312623101294,11.352929545335892,10746,15705.0
0.127 3.18 2 1,"[0, 0, 0, 0, 0, 0, 0, 0, 0, 0, 0, 0, 0, 0, 0, 0, 0, 0, 0, 0, 0, 0, 0, 0, 0, 0, 0, 0, 0, 0, 0, 0, 0, 0, 0, 0, 0, 0, 0, 0, 0, 0, 0, 0, 0, 0, 0, 0, 0, 0, 0, 0, 0, 0, 0, 0, 0, 0, 0, 0, 0, 0, 0, 0, 0, 0, 0, 0, 0, 0, 0, 0, 0, 0, 0, 0, 0, 0, 0, 0, 0, 0, 0, 0, 0, 0, 0, 0, 0, 0, 0, 0, 0, 0, 0, 0, 0, 0, 0, 0, 0, 0, 0, 0, 0, 0, 0, 0, 0, 0, 0, 0, 0, 0, 0, 0, 0, 0, 0, 0, 0, 0, 0, 0, 0, 0, 0, 0, 0, 0, 0, 0, 0, 0, 0, 0, 0, 0, 0, 0, 0, 0, 0, 0, 0, 0, 0, 0, 0, 0, 0, 0, 0, 0, 0, 0, 0, 0, 0, 0, 0, 0, 0, 0, 0, 0, 0, 0, 0, 0, 0, 0, 0, 0, 0, 0, 0, 0, 0, 0, 0, 0, 0, 0, 0, 0, 0, 0, 0, 0, 0, 0, 0, 0, 0, 0, 0, 0, 0, 0, 0, 0, 0, 0, 0, 0, 0, 0, 0, 0, 0, 0, 0, 0, 0, 0, 0, 0, 0, 0, 0, 0, 0, 0, 0, 0, 0, 0, 0, 0, 0, 0, 0, 0, 0, 0, 0, 0, 0, 0, 0, 0, 0, 0, 0, 0, 0, 0, 0, 0, 0, 0, 0, 0, 0, 0, 0, 0, 0, 0, 0, 0, 0, 0, 0, 0, 0, 0, 0, 0, 0, 0, 0, 0, 0, 0, 0, 0, 0, 0, 0, 0, 0, 0, 0, 0, 0, 0]",44.5254538918263,11.3495482007066,16910,10717.0
0.127 3.18 4 1,"[24, 48, 48, 36, 0, 72, 36, 60, 12, 48, 72, 36, 24, 36, 36, 24, 12, 36, 48, 24, 24, 24, 12, 0, 0, 36, 0, 0, 0, 36, 0, 24, 36, 12, 12, 0, 0, 0, 12, 36, 0, 0, 0, 0, 0, 12, 12, 12, 24, 12, 0, 12, 24, 36, 12, 24, 24, 36, 0, 48, 48, 24, 12, 60, 84, 72, 48, 24, 132, 60, 36, 144, 24, 72, 144, 108, 72, 84, 132, 120, 120, 192, 108, 252, 180, 144, 288, 252, 216, 288, 324, 240, 300, 408, 480, 492, 420, 504, 384, 396, 252, 384, 480, 540, 300, 348, 252, 288, 192, 252, 228, 156, 132, 300, 120, 252, 168, 108, 216, 180, 216, 180, 180, 240, 204, 192, 132, 168, 204, 180, 156, 168, 216, 240, 180, 264, 192, 168, 192, 120, 264, 216, 192, 168, 252, 324, 132, 180, 204, 204, 132, 252, 372, 336, 144, 276, 264, 300, 348, 228, 252, 324, 348, 480, 312, 384, 264, 264, 492, 468, 312, 180, 264, 132, 228, 252, 216, 264, 204, 180, 240, 204, 204, 228, 300, 240, 156, 276, 216, 192, 216, 252, 264, 312, 216, 228, 228, 288, 276, 444, 528, 468, 348, 420, 312, 264, 324, 216, 264, 264, 288, 264, 324, 216, 204, 276, 240, 252, 312, 240, 324, 324, 276, 216, 192, 216, 360, 288, 180, 324, 288, 216, 168, 228, 144, 156, 192, 240, 228, 180, 204, 288, 288, 228, 192, 96, 204, 156, 216, 144, 120, 108, 120, 144, 60, 168, 108, 108, 120, 36, 72, 96, 72, 60, 192, 60, 96, 36, 60, 72, 36, 12, 72, 48, 72, 36, 48, 60, 36, 108, 12, 84, 24, 60, 48, 36, 36, 36]",44.5248882528565,11.3500607163262,10662,10664.0
0.127 3.18 5 1,"[12, 0, 0, 0, 36, 12, 0, 0, 0, 12, 24, 24, 48, 36, 0, 0, 12, 0, 12, 24, 12, 36, 96, 0, 48, 192, 204, 240, 432, 384, 276, 384, 252, 288, 168, 228, 252, 120, 60, 12, 12, 12, 12, 12, 12, 0, 84, 12, 12, 0, 12, 0, 24, 12, 48, 12, 12, 24, 12, 24, 0, 24, 48, 12, 48, 0, 24, 24, 12, 12, 12, 24, 0, 0, 0, 12, 24, 48, 24, 24, 0, 0, 84, 0, 12, 12, 60, 12, 0, 12, 0, 12, 24, 12, 36, 12, 36, 0, 36, 12, 24, 0, 72, 12, 24, 12, 24, 36, 12, 0, 36, 0, 48, 36, 36, 0, 24, 60, 12, 0, 12, 0, 48, 36, 24, 0, 0, 12, 12, 12, 36, 0, 12, 36, 24, 0, 48, 0, 36, 36, 36, 36, 12, 12, 24, 12, 36, 36, 12, 12, 24, 0, 24, 0, 60, 24, 36, 0, 48, 24, 24, 12, 36, 24, 24, 0, 48, 24, 12, 24, 48, 36, 0, 12, 0, 12, 24, 24, 36, 0, 12, 24, 36, 12, 12, 12, 96, 12, 48, 0, 24, 0, 36, 12, 36, 48, 12, 12, 48, 12, 36, 24, 24, 72, 36, 36, 48, 12, 12, 24, 12, 12, 36, 48, 48, 0, 60, 0, 24, 0, 36, 12, 24, 12, 0, 12, 36, 12, 36, 24, 0, 0, 36, 12, 72, 24, 24, 12, 12, 36, 0, 12, 24, 60, 36, 24, 36, 36, 36, 0, 0, 0, 12, 12, 24, 12, 36, 24, 0, 0, 12, 0, 24, 0, 12, 0, 24, 12, 36, 0, 24, 12, 24, 12, 24, 12, 12, 12, 0, 0, 12, 12, 12, 24, 12, 24, 24, 12]",44.5236378759181,11.348363165863,10691,10697.0
0.127 3.18 8 1,"[0, 0, 0, 0, 0, 0, 0, 0, 0, 0, 0, 0, 0, 0, 0, 0, 0, 0, 0, 0, 0, 0, 0, 0, 0, 0, 0, 0, 0, 0, 0, 0, 0, 0, 0, 0, 0, 0, 0, 0, 0, 0, 0, 0, 0, 0, 0, 0, 0, 0, 0, 0, 0, 0, 0, 0, 0, 0, 0, 0, 0, 0, 0, 0, 0, 0, 0, 0, 0, 0, 0, 0, 0, 0, 0, 0, 0, 0, 0, 0, 0, 0, 0, 0, 0, 0, 0, 0, 0, 0, 0, 0, 0, 0, 0, 0, 0, 0, 0, 0, 0, 0, 0, 0, 0, 0, 0, 0, 0, 0, 0, 0, 0, 0, 0, 0, 0, 0, 0, 0, 0, 0, 0, 0, 0, 0, 0, 0, 0, 0, 0, 0, 0, 0, 0, 0, 0, 0, 0, 0, 0, 0, 0, 0, 0, 0, 0, 0, 0, 0, 0, 0, 0, 0, 0, 0, 0, 0, 0, 0, 0, 0, 0, 0, 0, 0, 0, 0, 0, 0, 0, 0, 0, 0, 0, 0, 0, 0, 0, 0, 0, 0, 0, 0, 0, 0, 0, 0, 0, 0, 0, 0, 0, 0, 0, 0, 0, 0, 0, 0, 0, 0, 0, 0, 0, 0, 0, 0, 0, 0, 0, 0, 0, 0, 0, 0, 0, 0, 0, 0, 0, 0, 0, 0, 0, 0, 0, 0, 0, 0, 0, 0, 0, 0, 0, 0, 0, 0, 0, 0, 0, 0, 0, 0, 0, 0, 0, 0, 0, 0, 0, 0, 0, 0, 0, 0, 0, 0, 0, 0, 0, 0, 0, 0, 0, 0, 0, 0, 0, 0, 0, 0, 0, 0, 0, 0, 0, 0, 0, 0, 0, 0, 0, 0, 0, 0, 0, 0]",44.5252669290414,11.3491132962913,13044,10717.0
0.127 3.19 4 1,"[24, 24, 48, 12, 60, 24, 12, 24, 24, 12, 24, 60, 12, 12, 0, 0, 48, 12, 12, 12, 12, 0, 12, 12, 0, 12, 0, 12, 24, 0, 12, 12, 24, 0, 0, 24, 0, 0, 0, 0, 0, 0, 0, 0, 0, 12, 12, 0, 0, 0, 12, 12, 12, 12, 12, 0, 0, 12, 0, 0, 24, 24, 12, 24, 36, 24, 12, 12, 24, 24, 48, 36, 36, 12, 24, 24, 36, 36, 60, 60, 84, 48, 48, 84, 108, 60, 60, 72, 168, 120, 180, 216, 300, 180, 264, 300, 228, 252, 312, 264, 336, 324, 192, 384, 276, 264, 300, 288, 228, 228, 180, 240, 132, 228, 252, 312, 144, 192, 132, 120, 168, 204, 108, 96, 156, 216, 216, 216, 156, 228, 204, 168, 108, 180, 156, 108, 144, 228, 216, 228, 240, 180, 300, 96, 228, 240, 192, 252, 144, 192, 240, 192, 156, 120, 252, 132, 132, 108, 192, 204, 132, 216, 192, 96, 144, 156, 144, 96, 168, 168, 240, 228, 108, 192, 156, 252, 204, 228, 108, 240, 156, 132, 168, 156, 180, 156, 132, 228, 276, 108, 108, 192, 204, 204, 168, 156, 204, 180, 180, 288, 240, 276, 156, 180, 240, 192, 216, 228, 144, 252, 276, 132, 300, 264, 204, 204, 204, 264, 312, 192, 192, 228, 240, 144, 144, 180, 168, 192, 192, 180, 168, 84, 288, 264, 132, 204, 108, 168, 204, 228, 144, 156, 84, 120, 84, 156, 96, 36, 120, 108, 72, 84, 108, 48, 36, 84, 120, 108, 156, 96, 72, 96, 132, 24, 84, 84, 108, 60, 36, 48, 120, 72, 60, 84, 108, 48, 36, 84, 48, 60, 60, 36, 48, 60, 72, 72, 60, 60]",44.5164865148139,11.3480384696036,10433,10402.0
0.127 3.19 8 1,"[12, 48, 60, 12, 24, 60, 0, 24, 24, 0, 0, 24, 0, 0, 0, 12, 12, 0, 12, 36, 24, 48, 12, 0, 12, 0, 0, 0, 0, 0, 0, 0, 12, 24, 0, 0, 0, 0, 0, 12, 0, 0, 0, 0, 12, 0, 0, 24, 12, 0, 12, 0, 0, 0, 0, 0, 12, 0, 12, 0, 0, 24, 0, 36, 24, 24, 12, 24, 12, 0, 24, 24, 12, 36, 24, 36, 36, 0, 48, 48, 36, 48, 12, 108, 48, 84, 84, 48, 132, 156, 96, 192, 156, 132, 216, 252, 168, 252, 228, 228, 168, 216, 336, 264, 180, 204, 240, 120, 168, 276, 216, 240, 204, 144, 144, 168, 192, 252, 240, 216, 84, 156, 180, 240, 144, 132, 204, 204, 96, 144, 192, 96, 228, 192, 132, 180, 228, 168, 204, 240, 168, 168, 192, 240, 144, 120, 180, 120, 180, 120, 96, 192, 156, 168, 204, 144, 204, 132, 120, 192, 192, 132, 168, 204, 168, 108, 72, 192, 156, 204, 156, 240, 180, 168, 192, 156, 180, 168, 168, 84, 180, 144, 180, 216, 132, 144, 192, 84, 204, 168, 144, 120, 108, 228, 144, 144, 96, 264, 348, 228, 168, 276, 324, 324, 216, 192, 312, 288, 228, 312, 288, 240, 324, 240, 276, 324, 252, 264, 216, 168, 288, 312, 288, 204, 204, 228, 192, 216, 204, 216, 264, 204, 192, 252, 276, 168, 300, 168, 192, 192, 108, 120, 132, 144, 180, 168, 108, 96, 156, 180, 84, 84, 48, 144, 72, 60, 60, 36, 60, 60, 48, 72, 24, 84, 72, 12, 96, 84, 84, 48, 60, 36, 84, 48, 84, 36, 24, 24, 12, 12, 24, 48, 72, 72, 36, 12, 36, 36]",44.5158753711292,11.3474387983304,10404,10403.0
0.127 3.20 2 1,"[48, 24, 60, 36, 72, 24, 24, 36, 36, 48, 24, 60, 0, 60, 48, 24, 60, 0, 12, 0, 0, 12, 0, 0, 12, 0, 24, 0, 36, 12, 12, 0, 24, 12, 0, 0, 0, 0, 24, 12, 12, 0, 0, 0, 24, 12, 0, 0, 0, 12, 0, 0, 0, 24, 12, 24, 12, 24, 24, 0, 24, 12, 0, 48, 72, 24, 36, 36, 96, 12, 24, 144, 48, 12, 48, 60, 60, 96, 60, 108, 108, 36, 108, 180, 84, 120, 192, 228, 180, 348, 312, 516, 432, 276, 348, 348, 372, 324, 492, 324, 240, 312, 336, 456, 396, 360, 396, 336, 300, 300, 384, 300, 300, 252, 300, 312, 300, 252, 348, 324, 288, 312, 192, 192, 168, 276, 312, 216, 312, 300, 216, 288, 192, 324, 372, 240, 264, 276, 228, 192, 228, 240, 324, 264, 240, 324, 336, 192, 216, 180, 216, 264, 180, 276, 384, 276, 384, 312, 204, 288, 216, 156, 204, 276, 324, 240, 276, 252, 180, 264, 300, 240, 300, 288, 168, 192, 204, 216, 192, 156, 228, 300, 216, 216, 216, 204, 264, 180, 300, 300, 144, 180, 216, 312, 276, 324, 276, 324, 300, 360, 324, 264, 252, 348, 504, 348, 372, 228, 288, 264, 384, 384, 300, 408, 228, 336, 180, 360, 276, 396, 264, 360, 348, 360, 300, 240, 288, 228, 360, 336, 324, 324, 240, 240, 300, 264, 216, 264, 252, 204, 156, 300, 228, 144, 156, 156, 216, 60, 168, 120, 120, 96, 132, 192, 84, 60, 84, 48, 48, 120, 24, 72, 72, 180, 84, 108, 72, 72, 108, 204, 48, 144, 120, 48, 96, 84, 120, 84, 120, 120, 96, 36, 84, 144, 48, 96, 84, 48]",44.5125624826986,11.3474398778084,10430,10427.0
0.127 3.21 8 1,"[108, 144, 132, 96, 96, 180, 156, 108, 48, 96, 24, 204, 120, 84, 96, 36, 132, 84, 84, 72, 72, 48, 108, 72, 120, 60, 48, 12, 36, 12, 48, 24, 12, 0, 24, 0, 24, 60, 12, 36, 12, 12, 24, 12, 36, 12, 24, 12, 24, 48, 24, 72, 36, 36, 60, 12, 60, 60, 72, 36, 156, 84, 132, 72, 120, 84, 120, 120, 84, 144, 108, 168, 108, 168, 144, 96, 168, 168, 168, 216, 288, 252, 252, 336, 360, 360, 300, 612, 540, 756, 720, 732, 888, 756, 768, 828, 576, 648, 756, 612, 708, 624, 600, 756, 852, 696, 780, 576, 780, 708, 516, 672, 756, 564, 516, 432, 660, 660, 720, 708, 528, 576, 600, 528, 816, 624, 552, 516, 600, 780, 624, 624, 672, 636, 648, 540, 528, 696, 540, 576, 612, 468, 540, 480, 612, 684, 588, 672, 540, 528, 828, 552, 732, 648, 576, 552, 612, 648, 540, 612, 636, 564, 660, 672, 492, 600, 672, 624, 552, 504, 744, 732, 528, 564, 744, 744, 456, 648, 576, 420, 756, 636, 612, 696, 444, 456, 708, 624, 624, 624, 708, 588, 504, 720, 672, 864, 588, 588, 852, 660, 756, 756, 612, 600, 744, 732, 744, 564, 756, 780, 684, 684, 708, 756, 888, 792, 636, 648, 744, 780, 720, 720, 888, 696, 720, 744, 696, 792, 612, 660, 672, 756, 780, 564, 660, 528, 564, 624, 744, 576, 648, 708, 696, 480, 612, 612, 732, 492, 420, 552, 420, 456, 384, 600, 456, 624, 480, 516, 300, 384, 468, 168, 396, 204, 456, 300, 372, 324, 336, 336, 264, 216, 348, 204, 204, 288, 372, 216, 492, 264, 240, 168, 300, 192, 204, 192, 228, 216]",44.5069667610567,11.3458095970625,15762,10310.0
0.127 3.22 2 1,"[96, 12, 36, 48, 24, 24, 0, 24, 24, 12, 48, 12, 12, 24, 12, 48, 0, 0, 12, 12, 36, 0, 12, 0, 0, 12, 0, 0, 0, 0, 0, 12, 0, 0, 0, 48, 24, 0, 12, 24, 36, 0, 0, 0, 0, 0, 0, 0, 0, 0, 0, 0, 12, 24, 0, 0, 12, 24, 48, 24, 0, 12, 12, 0, 48, 12, 12, 36, 12, 60, 60, 36, 36, 36, 48, 24, 60, 96, 48, 84, 84, 96, 108, 96, 84, 60, 204, 180, 156, 252, 216, 312, 324, 324, 228, 276, 204, 216, 168, 192, 276, 252, 252, 240, 300, 264, 384, 132, 204, 252, 156, 348, 192, 216, 192, 300, 144, 264, 204, 144, 240, 288, 216, 216, 252, 168, 192, 300, 252, 252, 300, 180, 252, 312, 84, 144, 192, 216, 276, 156, 228, 204, 168, 168, 252, 240, 228, 192, 216, 180, 228, 204, 180, 204, 252, 240, 180, 204, 252, 120, 216, 216, 252, 180, 228, 180, 252, 192, 216, 84, 168, 216, 168, 192, 180, 192, 240, 228, 108, 228, 204, 204, 216, 192, 168, 216, 264, 144, 228, 216, 120, 204, 192, 156, 204, 120, 132, 132, 216, 336, 228, 312, 168, 180, 312, 324, 300, 240, 300, 300, 312, 228, 264, 216, 180, 228, 252, 276, 168, 228, 228, 252, 312, 180, 180, 264, 216, 300, 204, 228, 216, 108, 204, 204, 192, 204, 240, 204, 180, 228, 192, 168, 120, 156, 168, 168, 168, 144, 108, 108, 108, 120, 84, 156, 108, 132, 84, 96, 120, 60, 132, 72, 60, 72, 108, 108, 108, 60, 96, 84, 96, 144, 96, 72, 60, 96, 156, 144, 36, 108, 168, 24, 72, 132, 84, 72, 60, 36]",44.5117183664373,11.3507776425505,13833,10348.0
0.127 3.22 6 1,"[120, 132, 132, 48, 96, 108, 96, 120, 84, 156, 48, 84, 24, 144, 36, 12, 60, 48, 72, 48, 60, 72, 36, 36, 48, 12, 12, 12, 24, 12, 0, 48, 36, 24, 48, 24, 24, 24, 60, 0, 12, 12, 0, 36, 12, 24, 12, 24, 12, 12, 12, 48, 0, 0, 12, 0, 12, 24, 12, 24, 0, 0, 48, 24, 48, 0, 12, 84, 72, 48, 36, 72, 48, 120, 60, 72, 144, 36, 84, 180, 168, 168, 192, 192, 240, 240, 252, 276, 384, 432, 828, 696, 720, 828, 828, 948, 696, 816, 684, 540, 636, 576, 468, 696, 588, 768, 612, 456, 528, 660, 456, 312, 360, 456, 336, 396, 348, 324, 492, 396, 372, 396, 408, 372, 312, 288, 336, 360, 384, 264, 300, 384, 408, 432, 456, 300, 312, 348, 372, 348, 408, 432, 348, 456, 240, 420, 528, 336, 432, 444, 396, 444, 420, 612, 384, 420, 384, 612, 492, 528, 564, 576, 420, 732, 372, 384, 408, 612, 600, 492, 492, 552, 480, 372, 384, 468, 396, 408, 348, 420, 444, 384, 420, 444, 540, 372, 288, 372, 312, 480, 384, 372, 444, 588, 468, 648, 756, 636, 480, 516, 540, 504, 624, 360, 432, 636, 780, 588, 492, 600, 432, 552, 540, 516, 660, 636, 456, 480, 708, 516, 588, 468, 480, 324, 336, 336, 468, 432, 480, 492, 552, 552, 432, 528, 348, 384, 432, 348, 468, 408, 324, 516, 240, 384, 432, 348, 384, 420, 264, 312, 288, 324, 240, 264, 252, 312, 192, 228, 132, 228, 288, 228, 144, 144, 192, 180, 252, 192, 288, 96, 180, 264, 288, 276, 216, 264, 180, 192, 276, 168, 144, 72, 120, 192, 192, 204, 180, 300]",44.5103886233221,11.3501684447412,10387,10396.0
0.127 3.23 8 1,"[0, 0, 0, 0, 0, 0, 0, 0, 0, 0, 0, 0, 0, 0, 0, 0, 0, 0, 0, 0, 0, 0, 0, 0, 0, 0, 0, 0, 0, 0, 0, 0, 0, 0, 0, 0, 0, 0, 0, 0, 0, 0, 0, 0, 0, 0, 0, 0, 0, 0, 0, 0, 0, 0, 0, 0, 0, 0, 0, 0, 0, 0, 0, 0, 0, 0, 0, 0, 0, 0, 0, 0, 0, 0, 0, 0, 0, 0, 0, 0, 0, 0, 0, 0, 0, 0, 0, 0, 0, 0, 0, 0, 0, 0, 0, 0, 0, 0, 0, 0, 0, 0, 0, 0, 0, 0, 0, 0, 0, 0, 0, 0, 0, 0, 0, 0, 0, 0, 0, 0, 0, 0, 0, 0, 0, 0, 0, 0, 0, 0, 0, 0, 0, 0, 0, 0, 0, 0, 0, 0, 0, 0, 0, 0, 0, 0, 0, 0, 0, 0, 0, 0, 0, 0, 0, 0, 0, 0, 0, 0, 0, 0, 0, 0, 0, 0, 0, 0, 0, 0, 0, 0, 0, 0, 0, 0, 0, 0, 0, 0, 0, 0, 0, 0, 0, 0, 0, 0, 0, 0, 0, 0, 0, 0, 0, 0, 0, 0, 0, 0, 0, 0, 0, 0, 0, 0, 0, 0, 0, 0, 0, 0, 0, 0, 0, 0, 0, 0, 0, 0, 0, 0, 0, 0, 0, 0, 0, 0, 0, 0, 0, 0, 0, 0, 0, 0, 0, 0, 0, 0, 0, 0, 0, 0, 0, 0, 0, 0, 0, 0, 0, 0, 0, 0, 0, 0, 0, 0, 0, 0, 0, 0, 0, 0, 0, 0, 0, 0, 0, 0, 0, 0, 0, 0, 0, 0, 0, 0, 0, 0, 0, 0, 0, 0, 0, 0, 0, 0]",44.5115679226883,11.3428167897826,10371,10370.0
0.127 3.24 6 1,"[96, 96, 120, 36, 72, 36, 60, 84, 48, 36, 12, 72, 36, 72, 24, 96, 36, 24, 48, 48, 36, 12, 132, 48, 48, 36, 24, 12, 24, 0, 24, 0, 36, 24, 0, 0, 24, 12, 36, 24, 24, 24, 0, 0, 24, 24, 36, 12, 12, 12, 12, 24, 12, 36, 24, 24, 24, 24, 36, 60, 36, 36, 48, 48, 36, 12, 144, 48, 120, 24, 48, 72, 108, 84, 72, 108, 156, 120, 96, 324, 168, 276, 276, 360, 276, 300, 444, 384, 432, 468, 516, 576, 756, 564, 588, 720, 744, 684, 672, 528, 660, 720, 684, 756, 684, 636, 540, 588, 648, 624, 540, 540, 492, 516, 708, 696, 612, 456, 396, 600, 468, 540, 552, 492, 612, 612, 552, 672, 492, 636, 612, 552, 564, 516, 660, 480, 612, 516, 588, 420, 492, 588, 576, 492, 504, 468, 492, 516, 756, 576, 468, 504, 420, 516, 396, 324, 540, 696, 468, 684, 552, 540, 468, 528, 492, 504, 432, 492, 612, 612, 624, 564, 516, 468, 576, 588, 672, 576, 576, 516, 612, 540, 516, 480, 480, 408, 540, 480, 516, 624, 444, 432, 600, 564, 504, 708, 600, 660, 648, 720, 708, 492, 516, 504, 384, 744, 612, 420, 648, 588, 504, 636, 648, 672, 384, 552, 600, 660, 444, 552, 576, 432, 504, 468, 588, 588, 492, 756, 624, 528, 576, 588, 540, 660, 564, 420, 372, 612, 624, 540, 564, 456, 468, 432, 504, 564, 528, 408, 444, 408, 396, 288, 312, 504, 384, 468, 192, 408, 156, 252, 288, 324, 240, 228, 192, 228, 276, 276, 84, 84, 276, 180, 168, 120, 144, 252, 144, 168, 228, 156, 180, 132, 168, 156, 72, 156, 132, 120]",44.5085179954752,11.3423814640225,10353,10352.0
0.127 3.24 8 1,"[0, 12, 48, 12, 12, 0, 0, 12, 0, 24, 12, 0, 12, 12, 12, 36, 0, 0, 0, 0, 0, 12, 12, 0, 24, 0, 0, 0, 0, 0, 0, 0, 0, 0, 12, 0, 0, 12, 0, 0, 12, 0, 0, 12, 0, 0, 12, 0, 0, 0, 0, 12, 0, 12, 0, 0, 0, 24, 12, 12, 12, 0, 36, 0, 12, 12, 36, 12, 24, 24, 0, 0, 0, 24, 0, 48, 12, 12, 0, 36, 12, 12, 36, 12, 0, 36, 60, 48, 84, 96, 72, 120, 96, 132, 132, 180, 144, 120, 96, 144, 96, 144, 168, 180, 84, 132, 132, 144, 132, 180, 180, 108, 168, 168, 84, 168, 96, 192, 144, 120, 72, 84, 132, 156, 144, 144, 72, 48, 84, 48, 60, 84, 120, 96, 60, 120, 72, 156, 96, 108, 144, 84, 84, 156, 108, 108, 120, 96, 96, 96, 132, 96, 72, 120, 132, 84, 108, 96, 72, 60, 72, 120, 60, 36, 72, 120, 120, 132, 132, 120, 96, 96, 168, 48, 84, 96, 72, 120, 180, 120, 108, 84, 84, 108, 72, 72, 84, 72, 96, 96, 144, 96, 84, 120, 168, 96, 216, 120, 144, 156, 108, 120, 204, 156, 96, 84, 144, 168, 156, 84, 84, 144, 72, 156, 84, 156, 120, 132, 192, 204, 204, 168, 156, 156, 120, 216, 144, 108, 60, 120, 180, 120, 144, 96, 120, 72, 96, 96, 120, 132, 60, 204, 108, 120, 24, 60, 60, 72, 48, 36, 84, 60, 72, 108, 48, 24, 36, 60, 36, 12, 132, 36, 36, 12, 24, 24, 60, 36, 36, 12, 48, 48, 36, 24, 0, 48, 84, 0, 12, 36, 24, 24, 24, 24, 48, 24, 24, 24]",44.5094758431009,11.3422862651949,10335,10349.0
0.127 3.27 2 1,"[0, 12, 24, 12, 0, 0, 12, 0, 0, 0, 0, 0, 0, 0, 0, 0, 12, 0, 0, 0, 0, 0, 12, 12, 36, 0, 0, 12, 0, 0, 0, 0, 0, 0, 0, 0, 0, 0, 0, 0, 0, 0, 0, 0, 0, 0, 12, 0, 0, 0, 0, 0, 0, 12, 0, 0, 12, 0, 0, 0, 12, 12, 0, 0, 12, 24, 24, 0, 0, 0, 12, 0, 0, 0, 12, 0, 0, 24, 0, 12, 12, 24, 24, 12, 0, 24, 24, 60, 24, 48, 0, 12, 24, 0, 12, 12, 36, 24, 36, 60, 12, 24, 120, 96, 60, 0, 60, 36, 12, 12, 24, 12, 12, 96, 36, 48, 96, 36, 48, 24, 12, 24, 12, 0, 48, 48, 36, 0, 12, 24, 48, 60, 12, 24, 24, 24, 60, 60, 12, 36, 36, 0, 24, 36, 48, 48, 60, 36, 0, 36, 12, 12, 36, 0, 0, 12, 0, 24, 24, 24, 12, 24, 0, 36, 0, 36, 24, 24, 36, 60, 36, 12, 60, 24, 48, 12, 12, 48, 12, 12, 12, 0, 36, 12, 0, 24, 60, 24, 36, 48, 0, 12, 0, 24, 12, 24, 72, 12, 108, 72, 0, 0, 36, 36, 36, 48, 24, 48, 24, 60, 48, 24, 36, 48, 36, 36, 24, 12, 24, 0, 36, 24, 36, 0, 12, 36, 12, 24, 24, 12, 12, 12, 12, 0, 12, 24, 48, 36, 12, 12, 24, 12, 24, 60, 36, 24, 36, 12, 24, 36, 12, 36, 0, 24, 0, 24, 24, 0, 12, 0, 36, 0, 12, 12, 12, 0, 36, 0, 12, 0, 24, 12, 0, 12, 12, 0, 0, 0, 0, 24, 0, 0, 0, 24, 36, 0, 0, 12]",44.5294574528945,11.3662793951089,10802,15612.0
0.127 3.27 4 1,"[180, 144, 156, 192, 84, 132, 120, 132, 84, 156, 60, 144, 96, 72, 132, 96, 96, 96, 84, 96, 60, 60, 72, 72, 12, 48, 48, 108, 48, 0, 12, 36, 12, 24, 12, 12, 24, 36, 24, 72, 48, 0, 12, 12, 60, 36, 72, 72, 36, 48, 36, 48, 60, 48, 120, 108, 48, 48, 192, 84, 72, 156, 168, 192, 144, 288, 228, 204, 264, 264, 252, 348, 228, 288, 264, 384, 468, 492, 396, 516, 552, 588, 504, 720, 612, 804, 996, 924, 1056, 924, 1032, 1356, 996, 972, 1068, 1020, 1128, 1224, 984, 1116, 864, 1140, 1212, 1152, 1128, 1140, 900, 876, 1032, 840, 1020, 744, 804, 852, 780, 900, 828, 756, 876, 672, 852, 804, 732, 780, 840, 744, 732, 780, 888, 684, 636, 672, 660, 732, 756, 768, 924, 768, 696, 660, 684, 540, 720, 612, 540, 744, 1056, 828, 888, 900, 732, 756, 876, 780, 780, 876, 948, 900, 708, 972, 744, 792, 768, 852, 708, 792, 768, 708, 708, 960, 672, 528, 1044, 792, 864, 900, 912, 720, 828, 768, 804, 636, 648, 864, 708, 684, 708, 924, 684, 768, 768, 912, 972, 888, 1044, 1020, 1164, 840, 792, 984, 840, 672, 960, 972, 912, 960, 1020, 1152, 924, 1116, 852, 864, 948, 1020, 840, 924, 744, 780, 600, 984, 984, 648, 840, 732, 648, 528, 708, 552, 444, 720, 372, 588, 444, 516, 396, 384, 504, 492, 588, 588, 540, 504, 408, 564, 468, 468, 468, 312, 396, 420, 372, 312, 252, 516, 264, 360, 264, 264, 264, 312, 168, 384, 96, 228, 216, 240, 180, 336, 312, 228, 264, 132, 192, 144, 192, 216, 204, 348, 288, 240, 228, 192, 108, 276, 156, 204, 120, 120]",,,,
0.127 3.27 8 1,"[180, 156, 72, 132, 96, 96, 144, 180, 84, 84, 96, 24, 132, 96, 48, 96, 72, 48, 96, 108, 12, 60, 36, 72, 48, 48, 12, 36, 0, 48, 48, 48, 60, 24, 24, 24, 24, 36, 48, 48, 12, 36, 24, 60, 48, 36, 48, 12, 48, 24, 36, 48, 24, 12, 36, 48, 48, 96, 48, 120, 108, 132, 120, 96, 156, 240, 156, 204, 180, 180, 144, 192, 204, 132, 276, 276, 216, 300, 312, 420, 264, 348, 432, 456, 492, 588, 624, 576, 564, 612, 744, 840, 528, 732, 792, 720, 672, 816, 804, 828, 768, 612, 660, 672, 852, 792, 816, 708, 660, 612, 564, 516, 672, 468, 708, 432, 492, 384, 384, 492, 564, 480, 420, 456, 528, 528, 624, 336, 348, 564, 432, 432, 492, 552, 648, 588, 384, 456, 372, 480, 504, 480, 516, 588, 468, 456, 552, 672, 540, 528, 492, 528, 444, 552, 624, 360, 720, 504, 552, 456, 576, 636, 492, 408, 816, 576, 564, 516, 504, 504, 672, 636, 780, 576, 600, 564, 588, 600, 636, 564, 660, 528, 552, 600, 528, 564, 720, 540, 660, 636, 564, 648, 684, 624, 588, 768, 504, 540, 504, 540, 624, 684, 624, 660, 504, 792, 660, 576, 540, 756, 576, 516, 528, 744, 552, 576, 780, 540, 672, 744, 600, 456, 420, 564, 456, 432, 588, 408, 684, 492, 468, 600, 708, 564, 516, 504, 540, 492, 468, 384, 492, 384, 360, 504, 492, 384, 444, 420, 288, 228, 432, 312, 288, 252, 276, 300, 348, 300, 168, 276, 336, 192, 240, 336, 264, 180, 144, 216, 264, 264, 216, 276, 204, 108, 144, 216, 264, 240, 288, 156, 276, 144, 300, 192, 252, 228, 180, 240]",,,,
0.127 3.27 10 1,"[12, 12, 36, 12, 0, 0, 12, 12, 0, 12, 36, 12, 0, 12, 0, 0, 0, 0, 0, 24, 0, 0, 12, 12, 12, 0, 0, 0, 0, 12, 0, 0, 0, 0, 12, 0, 0, 0, 0, 12, 0, 12, 0, 0, 0, 12, 12, 12, 12, 0, 0, 0, 0, 12, 0, 12, 12, 0, 0, 12, 24, 12, 0, 0, 12, 12, 24, 36, 0, 24, 0, 12, 48, 12, 12, 72, 24, 36, 24, 24, 36, 24, 24, 24, 24, 36, 36, 48, 12, 36, 60, 36, 48, 48, 36, 60, 84, 24, 108, 108, 84, 72, 36, 60, 72, 12, 96, 24, 72, 36, 12, 36, 48, 48, 48, 36, 24, 36, 24, 84, 24, 48, 96, 24, 60, 84, 120, 96, 60, 36, 48, 24, 84, 120, 36, 60, 72, 36, 24, 72, 72, 60, 24, 132, 120, 72, 60, 84, 60, 36, 108, 24, 60, 60, 60, 48, 24, 72, 48, 48, 84, 24, 72, 60, 60, 60, 36, 36, 72, 108, 60, 84, 12, 132, 84, 36, 48, 132, 72, 60, 72, 96, 48, 60, 48, 84, 24, 108, 72, 12, 84, 96, 60, 84, 72, 144, 72, 60, 84, 48, 180, 72, 48, 12, 60, 96, 96, 72, 120, 60, 108, 48, 132, 120, 36, 84, 60, 84, 108, 96, 72, 72, 72, 48, 132, 72, 60, 84, 84, 60, 48, 48, 84, 72, 84, 60, 72, 24, 72, 60, 48, 60, 24, 24, 24, 48, 24, 36, 72, 24, 24, 0, 12, 24, 48, 36, 12, 36, 48, 12, 36, 48, 12, 12, 48, 24, 48, 12, 24, 36, 24, 36, 12, 0, 36, 24, 48, 36, 48, 24, 36, 12, 48, 24, 24, 12, 0, 12]",44.5292565603172,11.3668856561538,10802,17485.0
0.127 3.29 4 1,"[0, 0, 24, 36, 0, 0, 0, 0, 0, 0, 12, 0, 12, 0, 0, 0, 0, 0, 0, 0, 0, 12, 0, 0, 0, 12, 0, 0, 0, 12, 0, 0, 0, 0, 0, 0, 0, 12, 0, 0, 0, 0, 0, 0, 0, 0, 0, 0, 0, 0, 0, 0, 0, 0, 0, 0, 0, 0, 0, 12, 0, 0, 0, 0, 0, 0, 0, 0, 0, 0, 12, 12, 12, 0, 0, 0, 0, 0, 0, 0, 0, 12, 0, 0, 0, 0, 12, 12, 0, 12, 12, 24, 12, 12, 24, 72, 48, 24, 96, 60, 24, 24, 36, 36, 60, 24, 24, 24, 12, 36, 24, 48, 0, 24, 24, 12, 48, 36, 24, 12, 12, 12, 48, 12, 24, 12, 0, 24, 60, 12, 0, 24, 12, 24, 36, 24, 36, 12, 0, 0, 0, 24, 12, 0, 24, 36, 0, 12, 0, 24, 0, 0, 12, 0, 12, 48, 0, 12, 24, 0, 36, 12, 24, 0, 48, 24, 12, 12, 24, 0, 0, 48, 36, 12, 24, 24, 0, 0, 24, 12, 24, 36, 24, 0, 0, 24, 0, 0, 24, 0, 12, 24, 12, 24, 0, 24, 12, 12, 24, 36, 0, 36, 12, 12, 60, 12, 0, 24, 60, 12, 12, 72, 72, 24, 36, 12, 48, 0, 24, 36, 24, 24, 0, 0, 0, 24, 0, 0, 0, 0, 0, 24, 12, 0, 0, 0, 0, 0, 0, 0, 0, 12, 0, 12, 12, 0, 0, 0, 0, 24, 0, 12, 12, 0, 0, 24, 24, 0, 0, 12, 24, 72, 12, 12, 0, 0, 12, 24, 12, 0, 0, 0, 0, 0, 0, 0, 0, 0, 12, 12, 0, 0, 0, 0, 0, 0, 0, 0]",44.5126380920892,11.3584959566497,15469,10592.0
0.127 3.29 8 1,"[0, 36, 24, 12, 12, 24, 12, 36, 12, 12, 12, 12, 12, 0, 0, 12, 0, 0, 12, 12, 12, 0, 36, 24, 12, 0, 24, 0, 0, 12, 0, 24, 0, 0, 12, 0, 24, 12, 0, 0, 0, 0, 24, 0, 0, 24, 0, 36, 0, 0, 12, 0, 0, 0, 12, 0, 0, 0, 12, 0, 0, 0, 12, 0, 12, 0, 12, 0, 0, 48, 12, 12, 12, 12, 12, 12, 12, 12, 12, 24, 24, 0, 24, 24, 36, 0, 48, 36, 48, 48, 36, 60, 60, 96, 84, 72, 72, 60, 84, 96, 72, 36, 48, 60, 60, 60, 36, 48, 36, 60, 24, 60, 48, 96, 60, 12, 72, 48, 96, 36, 72, 48, 24, 84, 12, 60, 48, 84, 72, 72, 12, 48, 60, 72, 48, 48, 48, 60, 108, 36, 24, 36, 36, 60, 60, 36, 180, 24, 84, 72, 60, 36, 108, 132, 72, 60, 60, 84, 72, 96, 132, 120, 144, 156, 60, 60, 96, 84, 60, 120, 96, 96, 108, 108, 24, 72, 108, 72, 72, 48, 48, 72, 36, 72, 60, 48, 48, 72, 72, 72, 36, 72, 48, 72, 36, 120, 84, 84, 72, 48, 36, 12, 24, 72, 108, 60, 84, 12, 96, 96, 36, 60, 36, 84, 48, 84, 48, 36, 36, 36, 60, 60, 72, 48, 0, 84, 36, 36, 24, 36, 48, 12, 72, 48, 24, 96, 84, 60, 24, 84, 48, 0, 36, 24, 72, 132, 60, 72, 84, 36, 60, 96, 36, 60, 24, 48, 84, 48, 72, 60, 12, 72, 84, 72, 24, 60, 24, 48, 36, 24, 60, 60, 36, 60, 24, 84, 84, 60, 60, 72, 48, 36, 0, 120, 12, 72, 0, 36]",44.5128066796184,11.3575303306445,17303,10592.0
0.127 3.29 10 1,"[36, 48, 12, 24, 0, 12, 24, 48, 12, 48, 12, 36, 12, 24, 0, 24, 36, 0, 48, 0, 0, 12, 0, 0, 0, 0, 0, 0, 12, 0, 0, 0, 0, 0, 0, 0, 12, 0, 12, 12, 12, 0, 0, 12, 12, 0, 12, 24, 0, 12, 0, 0, 12, 12, 0, 0, 0, 0, 0, 0, 24, 0, 12, 12, 12, 0, 0, 24, 12, 12, 84, 12, 12, 36, 36, 12, 36, 48, 24, 48, 48, 72, 24, 60, 60, 96, 132, 84, 96, 108, 156, 168, 144, 240, 156, 216, 132, 72, 192, 192, 192, 192, 252, 228, 228, 180, 132, 192, 192, 96, 168, 60, 180, 192, 60, 96, 72, 108, 96, 96, 48, 84, 48, 60, 48, 168, 48, 108, 132, 72, 84, 84, 60, 96, 48, 120, 60, 96, 72, 84, 72, 72, 120, 84, 48, 60, 60, 96, 72, 132, 96, 96, 60, 144, 60, 108, 108, 120, 84, 60, 72, 84, 144, 120, 96, 156, 144, 132, 84, 108, 132, 72, 96, 132, 96, 84, 72, 144, 108, 96, 84, 108, 120, 60, 132, 84, 36, 144, 132, 84, 108, 96, 120, 132, 84, 108, 120, 120, 108, 60, 60, 108, 132, 84, 132, 180, 96, 132, 144, 108, 144, 108, 156, 132, 108, 108, 180, 108, 84, 120, 192, 120, 96, 96, 84, 108, 84, 24, 60, 96, 96, 60, 36, 84, 108, 120, 72, 72, 84, 96, 60, 84, 36, 84, 84, 48, 36, 120, 72, 60, 24, 48, 12, 24, 48, 60, 24, 36, 108, 36, 24, 72, 24, 24, 36, 96, 24, 12, 0, 72, 48, 48, 48, 48, 84, 72, 48, 36, 36, 12, 36, 60, 72, 36, 72, 24, 24, 36]",44.5166754036432,11.3598316939316,10768,10590.0
0.127 3.31 2 1,"[36, 12, 0, 0, 0, 12, 0, 0, 0, 12, 0, 0, 12, 0, 0, 0, 0, 0, 0, 0, 0, 0, 0, 0, 0, 0, 0, 0, 0, 0, 0, 0, 0, 0, 0, 0, 0, 0, 0, 0, 0, 0, 0, 0, 0, 0, 0, 0, 12, 0, 0, 0, 0, 0, 0, 0, 0, 0, 0, 0, 12, 0, 0, 0, 0, 12, 0, 0, 0, 36, 0, 12, 0, 24, 12, 0, 12, 12, 24, 12, 12, 24, 60, 36, 12, 24, 24, 12, 36, 48, 24, 12, 48, 60, 36, 72, 84, 36, 36, 36, 48, 24, 0, 36, 24, 48, 48, 84, 48, 24, 36, 60, 24, 60, 60, 36, 24, 60, 36, 48, 24, 36, 24, 48, 60, 60, 24, 12, 72, 60, 24, 60, 36, 24, 12, 72, 72, 48, 48, 36, 84, 36, 24, 48, 24, 12, 36, 12, 48, 12, 0, 36, 36, 48, 24, 36, 120, 48, 48, 60, 36, 72, 60, 36, 72, 84, 84, 48, 72, 60, 72, 36, 24, 36, 0, 12, 72, 36, 48, 24, 36, 48, 36, 84, 48, 60, 60, 36, 24, 72, 12, 96, 60, 96, 0, 96, 48, 36, 0, 12, 84, 84, 60, 48, 120, 96, 12, 36, 48, 60, 84, 48, 36, 48, 60, 36, 60, 48, 48, 24, 60, 48, 24, 24, 36, 12, 12, 48, 48, 60, 12, 60, 36, 24, 12, 36, 36, 12, 12, 36, 48, 12, 0, 12, 24, 12, 0, 12, 72, 0, 36, 12, 12, 12, 0, 0, 0, 24, 0, 12, 0, 84, 12, 12, 12, 12, 0, 0, 0, 12, 0, 12, 0, 12, 0, 12, 0, 12, 0, 0, 0, 12, 0, 12, 0, 12, 0, 0]",44.5091938906535,11.362716294189,17302,16625.0
0.127 3.31 6 1,"[0, 12, 12, 12, 12, 0, 0, 12, 0, 12, 12, 12, 0, 0, 24, 0, 0, 0, 0, 0, 12, 12, 12, 12, 0, 0, 0, 0, 0, 12, 0, 0, 0, 0, 0, 12, 0, 0, 12, 12, 0, 0, 0, 12, 0, 24, 0, 0, 0, 0, 0, 0, 0, 12, 0, 12, 0, 0, 0, 0, 0, 0, 12, 12, 24, 12, 0, 12, 0, 36, 12, 36, 12, 24, 12, 36, 36, 36, 72, 48, 36, 36, 36, 96, 36, 72, 24, 84, 72, 144, 108, 168, 180, 144, 132, 228, 132, 264, 120, 144, 228, 204, 156, 228, 204, 96, 192, 216, 132, 96, 96, 120, 192, 72, 120, 132, 108, 132, 84, 168, 108, 84, 132, 96, 96, 120, 120, 108, 120, 108, 84, 108, 168, 132, 144, 120, 96, 72, 72, 60, 108, 84, 84, 72, 120, 120, 84, 132, 96, 60, 156, 132, 84, 168, 84, 108, 84, 120, 108, 156, 60, 84, 96, 168, 96, 72, 48, 84, 108, 96, 96, 72, 192, 120, 132, 96, 216, 24, 84, 168, 108, 60, 60, 84, 132, 132, 60, 84, 36, 72, 108, 132, 84, 132, 156, 48, 132, 132, 120, 84, 156, 84, 144, 132, 96, 108, 72, 216, 120, 144, 216, 168, 132, 72, 96, 120, 132, 192, 132, 144, 144, 48, 132, 120, 120, 84, 192, 180, 48, 84, 72, 84, 72, 108, 96, 144, 132, 96, 60, 60, 96, 60, 72, 108, 24, 60, 24, 36, 36, 12, 12, 36, 36, 24, 36, 24, 24, 12, 12, 36, 36, 12, 24, 96, 36, 0, 12, 12, 48, 48, 36, 12, 36, 12, 36, 24, 0, 0, 12, 24, 12, 12, 12, 36, 12, 12, 12, 24]",44.5090899415027,11.3620112416118,10453,16625.0
0.127 3.32 4 1,"[12, 36, 12, 12, 24, 36, 0, 12, 24, 24, 24, 24, 0, 24, 36, 24, 36, 0, 36, 12, 36, 24, 24, 0, 36, 0, 12, 24, 24, 0, 12, 0, 0, 0, 12, 0, 24, 24, 0, 0, 12, 0, 0, 0, 0, 0, 12, 12, 0, 24, 0, 0, 0, 0, 12, 0, 0, 0, 12, 12, 0, 12, 0, 12, 36, 12, 60, 60, 48, 60, 72, 24, 12, 84, 0, 48, 0, 24, 48, 60, 48, 72, 204, 12, 48, 48, 72, 84, 60, 180, 216, 168, 240, 228, 240, 180, 144, 288, 228, 204, 180, 252, 168, 240, 252, 228, 204, 204, 216, 192, 180, 108, 192, 216, 156, 156, 168, 48, 168, 108, 120, 84, 216, 84, 216, 252, 156, 72, 276, 108, 108, 96, 144, 192, 108, 108, 180, 120, 120, 156, 144, 264, 372, 132, 168, 144, 168, 180, 120, 216, 144, 132, 168, 72, 156, 144, 132, 144, 156, 192, 228, 84, 144, 132, 72, 144, 84, 156, 108, 192, 84, 144, 108, 96, 156, 204, 120, 252, 60, 120, 168, 120, 192, 144, 120, 48, 168, 324, 420, 72, 180, 96, 240, 204, 216, 192, 168, 72, 156, 264, 108, 156, 144, 120, 252, 216, 132, 156, 192, 132, 168, 240, 228, 84, 216, 180, 132, 156, 324, 216, 204, 204, 264, 240, 156, 240, 180, 120, 228, 156, 192, 168, 96, 72, 168, 84, 120, 180, 132, 180, 252, 96, 120, 156, 132, 108, 84, 132, 96, 84, 48, 72, 108, 60, 84, 48, 144, 72, 72, 72, 120, 36, 72, 72, 60, 36, 36, 48, 48, 60, 48, 12, 12, 60, 24, 36, 60, 72, 84, 108, 48, 24, 36, 108, 72, 60, 60, 24]",44.5077298694167,11.3557289516272,13923,10596.0
0.127 3.33 10 1,"[132, 120, 132, 156, 216, 120, 96, 132, 132, 96, 48, 72, 48, 96, 60, 36, 36, 36, 108, 156, 132, 96, 72, 72, 72, 48, 96, 36, 60, 36, 36, 48, 0, 36, 48, 48, 48, 36, 60, 24, 48, 24, 12, 60, 36, 12, 48, 12, 24, 12, 36, 48, 96, 0, 72, 60, 60, 60, 72, 24, 60, 84, 168, 120, 84, 36, 24, 60, 96, 24, 72, 72, 60, 60, 84, 36, 132, 144, 240, 168, 132, 240, 156, 312, 288, 192, 264, 408, 468, 372, 420, 432, 588, 384, 444, 648, 516, 480, 264, 360, 348, 528, 444, 540, 336, 348, 432, 420, 456, 456, 336, 324, 480, 384, 312, 360, 300, 432, 324, 300, 456, 504, 408, 288, 396, 516, 240, 336, 288, 468, 252, 324, 456, 276, 336, 492, 300, 480, 348, 276, 264, 312, 492, 300, 348, 636, 348, 348, 420, 252, 360, 492, 324, 324, 336, 360, 216, 348, 624, 360, 480, 360, 480, 372, 504, 540, 276, 240, 444, 396, 504, 396, 288, 360, 492, 420, 324, 468, 408, 300, 456, 408, 492, 372, 540, 372, 432, 288, 492, 360, 576, 516, 240, 384, 468, 384, 480, 516, 432, 516, 552, 468, 432, 384, 420, 552, 612, 348, 660, 468, 432, 432, 408, 444, 480, 468, 396, 312, 492, 468, 444, 588, 588, 348, 456, 420, 372, 312, 492, 456, 432, 252, 420, 504, 384, 372, 288, 348, 372, 336, 336, 360, 360, 372, 252, 552, 288, 348, 228, 216, 444, 252, 264, 288, 240, 300, 300, 168, 180, 144, 240, 156, 108, 168, 396, 264, 252, 192, 264, 300, 180, 228, 300, 168, 312, 96, 204, 180, 300, 168, 228, 132, 204, 192, 144, 132, 192, 240]",44.5024117698549,11.3522004383547,10330,16745.0
0.127 3.34 6 1,"[96, 36, 60, 84, 96, 48, 60, 120, 84, 60, 96, 24, 60, 24, 24, 84, 48, 36, 24, 72, 36, 12, 48, 24, 12, 0, 24, 0, 0, 12, 0, 36, 0, 0, 12, 12, 0, 12, 0, 12, 36, 0, 24, 0, 24, 12, 0, 12, 0, 0, 12, 12, 0, 24, 24, 24, 0, 36, 12, 24, 24, 24, 12, 36, 48, 12, 12, 12, 48, 36, 36, 60, 60, 96, 144, 36, 84, 72, 120, 84, 96, 96, 108, 156, 48, 168, 156, 156, 180, 180, 96, 252, 144, 288, 228, 348, 528, 336, 312, 396, 336, 228, 288, 300, 300, 312, 300, 324, 396, 384, 480, 288, 264, 372, 372, 288, 288, 312, 312, 288, 264, 252, 144, 264, 180, 312, 264, 276, 300, 396, 348, 252, 264, 216, 288, 276, 444, 372, 264, 312, 324, 324, 372, 324, 288, 300, 228, 372, 288, 372, 384, 528, 384, 324, 288, 396, 480, 420, 360, 468, 312, 360, 300, 408, 276, 396, 360, 456, 252, 372, 504, 348, 336, 324, 228, 240, 264, 264, 156, 348, 384, 216, 288, 324, 252, 216, 312, 468, 264, 336, 408, 300, 312, 300, 324, 444, 372, 312, 324, 324, 516, 372, 408, 372, 456, 324, 648, 312, 336, 528, 252, 372, 444, 396, 360, 408, 384, 348, 372, 336, 384, 384, 492, 468, 468, 348, 420, 312, 396, 276, 300, 384, 432, 360, 312, 372, 324, 468, 312, 348, 264, 324, 312, 408, 252, 192, 216, 300, 276, 288, 240, 216, 96, 120, 108, 120, 192, 132, 168, 84, 252, 168, 60, 192, 108, 36, 120, 132, 60, 144, 132, 144, 132, 108, 180, 108, 24, 72, 132, 108, 60, 36, 72, 72, 132, 108, 84, 60]",44.53599885392517,11.355329531769923,11099,11104.0
0.127 3.34 10 1,"[72, 12, 12, 24, 48, 36, 36, 12, 24, 24, 36, 0, 0, 0, 0, 24, 36, 12, 12, 12, 12, 12, 48, 0, 12, 24, 12, 0, 0, 0, 0, 24, 24, 0, 12, 0, 12, 0, 12, 12, 12, 12, 12, 0, 12, 12, 12, 12, 12, 0, 0, 12, 12, 12, 0, 0, 48, 24, 0, 12, 12, 36, 12, 24, 36, 24, 48, 36, 36, 24, 12, 24, 48, 48, 48, 48, 72, 36, 48, 48, 36, 72, 24, 108, 120, 108, 132, 192, 204, 156, 120, 312, 216, 156, 216, 216, 336, 240, 252, 312, 204, 312, 264, 240, 204, 144, 252, 204, 252, 228, 240, 252, 228, 192, 192, 204, 180, 264, 312, 204, 240, 228, 264, 264, 264, 240, 228, 300, 96, 216, 252, 204, 288, 240, 276, 336, 204, 216, 240, 276, 228, 264, 204, 336, 216, 276, 204, 300, 264, 216, 144, 336, 348, 324, 276, 276, 228, 348, 372, 312, 276, 264, 216, 240, 348, 348, 204, 216, 240, 264, 192, 264, 216, 192, 240, 300, 240, 252, 180, 204, 240, 336, 288, 228, 252, 264, 240, 228, 252, 288, 240, 312, 252, 288, 276, 408, 360, 276, 300, 276, 252, 336, 240, 324, 348, 396, 336, 432, 240, 348, 276, 396, 312, 552, 456, 276, 288, 432, 456, 240, 300, 312, 420, 360, 252, 288, 240, 300, 420, 204, 264, 156, 192, 204, 264, 180, 252, 216, 264, 180, 216, 192, 276, 204, 108, 144, 264, 120, 192, 216, 108, 36, 96, 108, 144, 60, 84, 108, 168, 96, 72, 132, 96, 48, 72, 108, 96, 48, 96, 60, 36, 108, 24, 48, 144, 84, 84, 36, 72, 132, 60, 36, 60, 192, 48, 24, 84, 36]",,,,
0.127 3.35 2 1,"[120, 144, 36, 24, 84, 36, 96, 72, 24, 84, 36, 24, 84, 24, 60, 24, 48, 12, 0, 24, 60, 0, 24, 60, 36, 24, 24, 24, 24, 12, 0, 0, 0, 24, 84, 0, 24, 12, 0, 36, 12, 0, 24, 48, 0, 12, 12, 24, 60, 48, 12, 24, 0, 12, 12, 48, 36, 72, 12, 48, 24, 48, 60, 48, 12, 60, 108, 72, 48, 84, 156, 72, 60, 132, 60, 72, 108, 96, 132, 156, 132, 156, 132, 276, 192, 240, 384, 348, 300, 372, 564, 456, 576, 516, 480, 504, 516, 432, 432, 492, 504, 564, 612, 384, 456, 480, 552, 408, 372, 600, 420, 480, 384, 708, 420, 456, 540, 396, 552, 504, 444, 360, 456, 516, 432, 480, 396, 408, 420, 312, 456, 384, 528, 408, 516, 396, 480, 456, 408, 396, 396, 300, 384, 408, 468, 492, 372, 684, 312, 288, 624, 600, 552, 480, 432, 420, 384, 348, 300, 336, 456, 300, 396, 216, 384, 336, 420, 420, 432, 396, 420, 432, 396, 492, 384, 456, 480, 492, 480, 336, 588, 384, 696, 468, 384, 528, 360, 432, 540, 552, 372, 588, 456, 780, 552, 492, 588, 480, 636, 456, 744, 744, 708, 612, 636, 684, 792, 636, 744, 576, 828, 828, 912, 804, 840, 708, 612, 828, 708, 660, 588, 840, 432, 480, 396, 708, 492, 540, 504, 540, 408, 324, 456, 468, 396, 396, 312, 372, 492, 288, 300, 504, 300, 492, 240, 216, 216, 216, 336, 264, 156, 228, 240, 240, 180, 144, 144, 132, 180, 132, 120, 228, 84, 108, 168, 72, 120, 168, 156, 96, 96, 132, 204, 108, 156, 36, 96, 72, 72, 156, 132, 132, 108, 96, 132, 84, 108, 96]",44.5146860793936,11.3896819820834,15792,10881.0
0.127 3.35 4 1,"[12, 0, 36, 36, 12, 0, 12, 0, 24, 0, 48, 24, 0, 12, 0, 0, 12, 0, 12, 0, 0, 0, 0, 0, 0, 0, 0, 24, 0, 0, 0, 0, 12, 0, 0, 0, 0, 0, 0, 12, 0, 12, 0, 0, 0, 0, 0, 0, 0, 0, 0, 12, 0, 0, 24, 12, 0, 0, 12, 24, 0, 12, 0, 12, 24, 12, 48, 36, 36, 72, 24, 24, 12, 12, 48, 60, 72, 48, 24, 72, 60, 36, 108, 36, 96, 60, 48, 60, 60, 156, 108, 156, 72, 96, 60, 60, 108, 168, 132, 36, 120, 84, 84, 60, 132, 144, 72, 96, 96, 84, 48, 60, 84, 48, 84, 84, 60, 144, 72, 132, 96, 96, 84, 60, 60, 96, 72, 84, 72, 84, 84, 60, 24, 108, 84, 96, 60, 60, 48, 72, 96, 72, 24, 0, 84, 96, 36, 84, 84, 24, 72, 48, 72, 108, 84, 36, 24, 0, 72, 60, 120, 60, 60, 60, 36, 108, 96, 84, 72, 84, 120, 48, 48, 72, 120, 96, 108, 48, 48, 24, 96, 84, 96, 72, 84, 72, 60, 48, 96, 132, 72, 96, 84, 108, 96, 84, 72, 96, 60, 72, 108, 84, 84, 96, 72, 84, 72, 48, 108, 96, 60, 144, 84, 48, 72, 84, 72, 72, 156, 48, 24, 48, 120, 60, 96, 72, 48, 96, 60, 72, 36, 24, 108, 84, 60, 48, 96, 96, 60, 144, 60, 60, 108, 120, 84, 12, 24, 36, 60, 12, 72, 24, 24, 12, 36, 36, 12, 12, 48, 60, 48, 24, 48, 24, 36, 36, 24, 12, 12, 24, 60, 24, 12, 48, 48, 0, 0, 0, 36, 12, 12, 0, 24, 12, 12, 48, 12, 12]",44.5144353084973,11.3894971043151,10861,10881.0
0.127 3.36 4 1,"[24, 36, 24, 24, 24, 0, 24, 36, 12, 36, 12, 0, 36, 24, 12, 0, 12, 12, 36, 24, 36, 0, 24, 24, 24, 24, 12, 12, 36, 0, 12, 12, 0, 12, 24, 0, 12, 0, 12, 12, 0, 0, 0, 0, 0, 36, 48, 12, 0, 84, 24, 0, 0, 12, 24, 36, 24, 0, 12, 36, 36, 24, 36, 60, 84, 36, 108, 96, 84, 36, 84, 36, 96, 60, 84, 108, 120, 96, 84, 192, 180, 72, 132, 180, 228, 180, 204, 336, 312, 456, 204, 420, 372, 312, 228, 276, 432, 396, 288, 144, 360, 456, 300, 396, 516, 252, 348, 468, 372, 396, 276, 312, 348, 432, 288, 324, 276, 348, 216, 372, 300, 408, 348, 336, 324, 372, 300, 384, 204, 300, 228, 276, 324, 420, 324, 336, 264, 324, 408, 288, 300, 372, 336, 288, 264, 336, 360, 288, 336, 216, 348, 264, 324, 348, 384, 240, 492, 168, 336, 336, 228, 288, 288, 264, 300, 252, 204, 216, 288, 312, 324, 216, 228, 408, 408, 324, 288, 288, 432, 276, 276, 324, 288, 276, 324, 240, 288, 384, 372, 300, 396, 384, 216, 348, 324, 360, 348, 288, 360, 396, 540, 300, 456, 240, 384, 264, 384, 384, 384, 408, 384, 360, 384, 432, 372, 444, 432, 372, 420, 348, 492, 348, 384, 360, 396, 324, 336, 300, 264, 372, 252, 348, 216, 276, 228, 336, 264, 372, 168, 324, 276, 288, 132, 120, 216, 168, 144, 168, 120, 120, 108, 240, 156, 132, 120, 144, 120, 156, 84, 120, 84, 96, 96, 96, 48, 36, 144, 120, 60, 108, 60, 120, 132, 84, 72, 48, 24, 108, 72, 48, 168, 84, 48, 48, 72, 72, 48, 60]",44.5124410969678,11.3866494492604,10864,10873.0
0.127 3.36 10 1,"[0, 36, 0, 24, 24, 12, 0, 0, 0, 12, 0, 0, 12, 12, 0, 0, 0, 12, 0, 0, 12, 0, 12, 0, 48, 24, 0, 0, 12, 0, 0, 0, 0, 0, 0, 12, 0, 0, 0, 12, 12, 0, 12, 0, 0, 0, 0, 0, 36, 0, 12, 0, 0, 0, 0, 0, 12, 12, 0, 12, 12, 0, 12, 12, 0, 12, 0, 0, 36, 0, 36, 36, 0, 36, 12, 0, 12, 24, 48, 24, 12, 36, 48, 96, 84, 72, 60, 84, 96, 84, 108, 156, 96, 132, 108, 84, 96, 72, 60, 192, 84, 96, 192, 84, 72, 108, 108, 108, 132, 72, 108, 144, 132, 156, 108, 96, 96, 168, 132, 108, 120, 120, 108, 48, 132, 72, 108, 48, 108, 108, 84, 120, 120, 132, 60, 108, 96, 96, 84, 48, 72, 72, 60, 168, 48, 144, 108, 156, 36, 60, 60, 132, 108, 120, 108, 96, 60, 60, 24, 60, 96, 48, 60, 84, 60, 72, 120, 96, 144, 120, 96, 48, 84, 84, 180, 96, 96, 144, 120, 108, 132, 84, 132, 84, 144, 168, 108, 72, 96, 108, 96, 132, 108, 192, 216, 120, 204, 84, 60, 108, 144, 228, 60, 120, 144, 144, 120, 180, 168, 228, 192, 204, 204, 108, 120, 180, 84, 180, 228, 84, 168, 120, 132, 72, 108, 96, 156, 144, 192, 96, 48, 72, 84, 156, 72, 72, 36, 96, 96, 48, 60, 120, 72, 72, 72, 12, 48, 48, 36, 48, 60, 60, 48, 36, 36, 12, 48, 36, 48, 36, 36, 48, 0, 12, 84, 60, 24, 60, 48, 24, 36, 36, 12, 48, 12, 0, 12, 24, 48, 12, 12, 12, 12, 12, 12, 24, 24, 48]",44.5128103373443,11.3865568303511,10881,10873.0
0.127 3.37 3 1,"[0, 0, 0, 12, 0, 0, 0, 24, 12, 12, 0, 0, 0, 0, 0, 0, 0, 12, 0, 0, 0, 0, 0, 12, 0, 0, 0, 12, 0, 0, 0, 0, 0, 36, 0, 0, 0, 0, 0, 0, 0, 0, 0, 0, 0, 0, 0, 0, 0, 12, 0, 0, 0, 0, 0, 0, 12, 12, 0, 0, 0, 0, 0, 0, 0, 0, 0, 12, 0, 0, 24, 0, 12, 12, 12, 0, 0, 12, 24, 36, 24, 24, 12, 36, 12, 36, 48, 36, 24, 60, 36, 24, 36, 96, 60, 24, 36, 60, 36, 48, 84, 72, 48, 60, 84, 36, 96, 36, 48, 36, 72, 72, 12, 60, 36, 72, 84, 12, 84, 48, 24, 48, 48, 36, 24, 36, 24, 12, 36, 60, 36, 36, 72, 216, 24, 24, 36, 12, 24, 12, 24, 48, 48, 12, 12, 24, 24, 48, 0, 60, 72, 12, 72, 60, 36, 48, 12, 12, 48, 84, 24, 12, 84, 48, 36, 36, 36, 60, 72, 24, 36, 48, 0, 12, 24, 12, 60, 48, 84, 36, 36, 12, 48, 24, 72, 12, 120, 36, 48, 24, 60, 24, 48, 108, 36, 60, 24, 96, 24, 24, 24, 48, 12, 48, 60, 48, 36, 12, 48, 72, 108, 36, 60, 12, 12, 36, 36, 48, 36, 60, 36, 60, 36, 48, 0, 96, 36, 84, 60, 60, 24, 72, 60, 48, 0, 60, 84, 48, 12, 36, 36, 24, 36, 24, 48, 24, 36, 12, 36, 12, 12, 72, 0, 12, 12, 72, 12, 12, 24, 12, 12, 12, 12, 24, 60, 24, 0, 12, 0, 36, 0, 12, 12, 60, 0, 12, 0, 12, 12, 12, 96, 48, 36, 24, 0, 24, 12, 48]",44.5103432908903,11.3832418661581,10863,10878.0
0.127 3.37 4 1,"[36, 48, 24, 36, 36, 24, 12, 36, 12, 24, 60, 0, 12, 0, 24, 0, 24, 24, 12, 48, 12, 12, 0, 0, 24, 24, 48, 24, 12, 24, 24, 12, 36, 0, 12, 0, 12, 12, 0, 0, 0, 24, 12, 12, 24, 24, 0, 0, 0, 12, 0, 12, 12, 36, 24, 0, 36, 24, 24, 12, 60, 12, 12, 48, 36, 60, 24, 24, 12, 48, 48, 48, 36, 24, 72, 84, 72, 12, 36, 36, 72, 144, 144, 96, 132, 60, 96, 180, 120, 132, 276, 252, 204, 348, 444, 348, 300, 240, 204, 408, 324, 384, 204, 324, 264, 192, 312, 144, 156, 300, 348, 240, 240, 252, 336, 216, 288, 216, 324, 228, 276, 252, 240, 252, 276, 360, 228, 192, 360, 180, 204, 360, 228, 228, 324, 252, 252, 240, 276, 288, 192, 336, 276, 264, 216, 324, 252, 288, 276, 276, 204, 396, 288, 228, 276, 300, 276, 252, 300, 300, 204, 408, 216, 204, 204, 240, 288, 300, 276, 336, 276, 276, 252, 228, 168, 384, 324, 192, 300, 324, 288, 264, 156, 276, 240, 216, 216, 192, 216, 204, 312, 192, 276, 216, 288, 192, 324, 156, 252, 312, 276, 300, 360, 276, 276, 252, 204, 336, 252, 324, 180, 204, 228, 336, 216, 324, 240, 276, 348, 300, 372, 312, 288, 240, 252, 312, 396, 360, 216, 336, 264, 216, 240, 252, 300, 348, 276, 240, 252, 252, 264, 204, 264, 168, 300, 216, 192, 276, 180, 168, 96, 132, 60, 144, 96, 96, 60, 24, 120, 84, 72, 60, 156, 180, 96, 72, 84, 72, 120, 108, 48, 96, 60, 60, 108, 84, 36, 48, 60, 24, 48, 120, 48, 36, 72, 60, 48, 36]",44.5098969391349,11.3824443773315,13426,10869.0
0.127 3.37 10 1,"[24, 24, 12, 0, 12, 12, 0, 24, 0, 12, 12, 0, 12, 12, 0, 12, 12, 0, 0, 0, 12, 0, 12, 12, 12, 24, 12, 0, 24, 0, 0, 12, 0, 0, 0, 0, 12, 12, 0, 0, 12, 12, 0, 0, 0, 0, 24, 0, 0, 24, 48, 0, 0, 0, 12, 0, 12, 24, 0, 12, 12, 12, 12, 24, 0, 0, 60, 48, 48, 12, 36, 24, 48, 24, 36, 48, 60, 36, 60, 48, 60, 60, 12, 72, 60, 72, 96, 72, 72, 72, 72, 72, 132, 72, 60, 132, 120, 36, 228, 120, 96, 144, 192, 192, 156, 108, 108, 156, 48, 120, 96, 144, 72, 240, 84, 156, 60, 48, 108, 120, 72, 72, 72, 120, 72, 96, 48, 60, 108, 96, 96, 72, 48, 96, 108, 72, 72, 108, 120, 60, 48, 108, 108, 48, 120, 36, 72, 108, 84, 12, 180, 96, 96, 144, 132, 72, 96, 84, 48, 108, 84, 36, 84, 72, 84, 60, 60, 48, 48, 72, 60, 108, 60, 84, 36, 60, 36, 108, 120, 96, 96, 96, 156, 120, 84, 60, 72, 60, 96, 132, 96, 108, 96, 120, 72, 156, 84, 84, 84, 84, 192, 144, 84, 180, 108, 168, 168, 156, 84, 132, 240, 132, 96, 156, 132, 216, 180, 120, 108, 264, 144, 168, 204, 144, 96, 120, 108, 108, 96, 144, 60, 24, 96, 96, 96, 72, 72, 48, 84, 36, 48, 60, 72, 84, 84, 12, 24, 60, 12, 60, 48, 24, 12, 24, 36, 60, 84, 12, 48, 36, 36, 36, 12, 24, 24, 12, 24, 84, 36, 24, 36, 24, 36, 0, 12, 0, 12, 12, 24, 36, 24, 0, 12, 24, 48, 0, 24, 24]",44.5107074164933,11.3830481096497,10614,10878.0
0.127 3.38 8 1,"[72, 72, 48, 96, 60, 132, 24, 84, 12, 36, 48, 48, 60, 60, 24, 48, 12, 48, 36, 36, 12, 12, 36, 12, 36, 12, 36, 24, 0, 24, 12, 12, 24, 24, 0, 24, 36, 12, 0, 24, 12, 12, 12, 12, 12, 0, 36, 24, 0, 0, 0, 12, 0, 0, 12, 0, 0, 24, 12, 0, 24, 36, 0, 48, 24, 72, 24, 84, 72, 24, 24, 96, 60, 36, 48, 24, 96, 36, 60, 48, 60, 72, 84, 96, 156, 144, 120, 120, 144, 72, 132, 156, 108, 84, 168, 108, 192, 108, 180, 264, 180, 204, 120, 180, 192, 240, 228, 168, 228, 156, 120, 168, 144, 240, 192, 240, 216, 180, 180, 192, 132, 168, 216, 156, 168, 240, 204, 144, 144, 204, 204, 180, 96, 216, 204, 228, 264, 156, 156, 228, 156, 84, 144, 216, 132, 168, 228, 240, 204, 108, 168, 192, 192, 156, 312, 324, 240, 96, 228, 156, 264, 312, 240, 276, 276, 144, 168, 192, 168, 180, 192, 216, 168, 264, 264, 228, 156, 192, 192, 144, 264, 228, 168, 264, 264, 192, 204, 144, 204, 276, 276, 216, 216, 264, 252, 240, 336, 252, 156, 228, 252, 252, 276, 252, 312, 264, 288, 168, 204, 132, 180, 252, 192, 156, 228, 156, 204, 276, 288, 132, 216, 288, 264, 252, 204, 228, 372, 288, 252, 168, 216, 156, 228, 180, 180, 240, 192, 228, 132, 228, 144, 156, 132, 288, 108, 264, 180, 276, 180, 192, 180, 156, 156, 168, 48, 144, 108, 156, 84, 36, 192, 60, 120, 60, 96, 84, 108, 72, 132, 84, 96, 48, 48, 60, 96, 96, 120, 36, 72, 48, 60, 48, 108, 48, 84, 72, 60, 60]",44.5095317381563,11.3794473964187,13427,10870.0
0.127 3.38 10 1,"[60, 24, 84, 36, 36, 60, 24, 24, 72, 24, 12, 24, 12, 0, 0, 24, 48, 24, 48, 60, 24, 24, 36, 60, 24, 12, 12, 48, 24, 60, 24, 0, 12, 0, 24, 0, 36, 0, 12, 24, 12, 12, 12, 0, 12, 12, 24, 12, 24, 12, 0, 12, 0, 12, 36, 36, 24, 12, 12, 12, 0, 12, 36, 36, 24, 60, 0, 36, 48, 24, 48, 36, 12, 12, 48, 24, 48, 24, 60, 84, 72, 84, 84, 96, 96, 96, 36, 132, 96, 132, 108, 144, 156, 228, 240, 240, 264, 144, 252, 168, 96, 144, 156, 132, 132, 132, 156, 132, 168, 156, 84, 96, 144, 48, 132, 132, 228, 132, 96, 180, 108, 156, 120, 120, 216, 120, 72, 120, 144, 216, 120, 60, 108, 108, 108, 132, 120, 84, 132, 108, 132, 72, 180, 180, 84, 132, 96, 144, 120, 168, 132, 168, 144, 120, 180, 144, 84, 108, 192, 144, 168, 72, 144, 96, 144, 156, 108, 72, 132, 108, 96, 96, 192, 108, 120, 108, 96, 96, 132, 132, 120, 156, 108, 156, 168, 60, 192, 132, 156, 108, 120, 192, 108, 120, 144, 204, 132, 156, 132, 144, 132, 240, 156, 180, 168, 108, 144, 156, 180, 168, 96, 240, 120, 264, 144, 192, 168, 144, 120, 144, 228, 132, 108, 204, 216, 96, 84, 72, 156, 132, 132, 192, 96, 168, 180, 132, 228, 120, 132, 216, 168, 84, 120, 132, 156, 132, 96, 132, 60, 96, 108, 60, 96, 36, 60, 72, 96, 96, 48, 204, 96, 108, 84, 60, 60, 36, 60, 96, 72, 36, 120, 120, 48, 36, 60, 72, 84, 24, 84, 36, 36, 72, 108, 84, 24, 48, 84, 24]",44.5091048838907,11.3795036956243,10876,16028.0
0.127 3.39 4 1,"[24, 12, 12, 0, 48, 12, 0, 24, 24, 12, 0, 12, 0, 12, 12, 24, 0, 0, 0, 0, 12, 0, 0, 0, 12, 0, 0, 0, 0, 0, 12, 36, 0, 0, 0, 0, 0, 0, 0, 0, 12, 0, 0, 0, 0, 0, 0, 0, 12, 0, 0, 0, 0, 12, 12, 24, 12, 24, 0, 0, 24, 12, 0, 0, 12, 12, 0, 12, 12, 36, 0, 12, 36, 0, 72, 36, 36, 48, 72, 84, 108, 48, 72, 24, 60, 144, 180, 96, 60, 36, 120, 192, 192, 168, 48, 180, 120, 156, 144, 108, 240, 240, 372, 156, 192, 144, 108, 180, 144, 96, 120, 84, 120, 108, 72, 48, 96, 120, 108, 120, 72, 96, 96, 96, 72, 120, 108, 120, 144, 144, 72, 84, 120, 96, 120, 96, 96, 48, 120, 48, 60, 108, 12, 84, 72, 48, 48, 108, 108, 156, 84, 108, 84, 84, 48, 60, 96, 84, 156, 108, 84, 36, 96, 72, 84, 132, 96, 36, 156, 96, 108, 48, 144, 108, 108, 84, 60, 72, 132, 60, 120, 84, 36, 156, 144, 24, 132, 84, 108, 108, 120, 120, 120, 144, 48, 96, 192, 276, 120, 228, 180, 192, 96, 132, 84, 96, 108, 120, 120, 108, 108, 108, 108, 132, 72, 84, 132, 120, 156, 132, 60, 84, 132, 180, 132, 156, 96, 132, 84, 132, 120, 96, 108, 84, 96, 132, 96, 84, 96, 120, 72, 60, 96, 108, 60, 48, 84, 12, 48, 48, 24, 24, 12, 48, 24, 36, 36, 36, 48, 24, 24, 24, 48, 12, 36, 24, 36, 24, 24, 48, 36, 36, 48, 24, 36, 36, 24, 12, 24, 36, 36, 24, 24, 60, 24, 48, 48, 12]",44.5079245293075,11.3776892402114,10571,10578.0
0.127 3.39 8 1,"[0, 48, 48, 24, 36, 12, 12, 0, 36, 0, 0, 12, 0, 0, 0, 0, 24, 12, 12, 12, 24, 0, 0, 0, 0, 0, 0, 0, 0, 0, 0, 0, 0, 0, 0, 0, 0, 0, 0, 24, 0, 0, 0, 0, 0, 0, 12, 0, 0, 0, 0, 0, 0, 0, 12, 0, 0, 24, 12, 0, 0, 0, 0, 12, 24, 12, 24, 24, 24, 12, 24, 0, 0, 36, 12, 12, 0, 12, 96, 24, 48, 24, 48, 12, 36, 108, 84, 108, 48, 84, 144, 48, 108, 144, 120, 36, 60, 96, 84, 84, 60, 60, 96, 108, 60, 84, 132, 72, 108, 60, 96, 72, 84, 96, 144, 60, 24, 96, 60, 24, 72, 60, 12, 48, 84, 84, 108, 108, 24, 72, 36, 48, 60, 48, 60, 96, 36, 72, 72, 12, 48, 36, 48, 60, 36, 60, 48, 60, 96, 60, 48, 36, 60, 12, 48, 60, 120, 72, 36, 24, 48, 36, 36, 60, 60, 24, 36, 84, 36, 60, 60, 24, 60, 48, 12, 12, 12, 72, 84, 96, 60, 84, 48, 96, 84, 36, 12, 84, 48, 48, 36, 84, 84, 84, 60, 108, 60, 36, 24, 36, 60, 84, 12, 144, 48, 84, 24, 72, 48, 72, 72, 96, 60, 96, 96, 48, 48, 96, 48, 180, 84, 60, 120, 96, 84, 36, 48, 60, 72, 24, 96, 24, 84, 48, 72, 108, 108, 60, 48, 84, 12, 60, 36, 48, 84, 36, 12, 36, 60, 48, 60, 36, 36, 12, 24, 24, 24, 12, 36, 36, 72, 60, 36, 60, 24, 12, 48, 0, 12, 12, 48, 36, 12, 12, 24, 12, 48, 12, 24, 36, 24, 24, 12, 12, 12, 24, 12, 0]",44.5086576023656,11.377774719372,10623,10625.0
0.127 3.40 4 1,"[84, 36, 48, 96, 108, 60, 12, 36, 60, 12, 36, 36, 24, 36, 12, 48, 0, 48, 12, 12, 36, 12, 24, 24, 24, 0, 24, 12, 12, 60, 0, 0, 0, 0, 12, 24, 12, 12, 0, 12, 24, 12, 0, 12, 24, 36, 36, 12, 0, 36, 12, 12, 24, 24, 36, 24, 48, 24, 36, 24, 36, 60, 24, 60, 120, 48, 0, 84, 120, 60, 120, 48, 48, 36, 84, 132, 96, 120, 144, 168, 108, 156, 204, 312, 228, 204, 348, 324, 372, 372, 324, 432, 444, 552, 540, 468, 504, 468, 648, 420, 528, 468, 708, 552, 504, 444, 456, 468, 504, 444, 384, 264, 372, 372, 240, 276, 252, 288, 408, 264, 300, 288, 324, 360, 312, 240, 204, 300, 360, 336, 480, 360, 324, 252, 348, 288, 288, 396, 264, 276, 276, 324, 288, 300, 324, 348, 288, 324, 276, 252, 300, 264, 396, 144, 252, 276, 228, 336, 324, 252, 300, 204, 288, 288, 288, 300, 288, 312, 324, 420, 408, 348, 276, 492, 288, 432, 300, 444, 456, 216, 384, 300, 312, 372, 324, 348, 168, 252, 324, 360, 372, 300, 264, 360, 540, 360, 432, 432, 372, 372, 480, 408, 372, 396, 312, 384, 324, 408, 348, 336, 444, 396, 528, 408, 276, 396, 348, 396, 372, 348, 276, 420, 420, 396, 204, 336, 432, 312, 312, 312, 336, 276, 288, 336, 300, 372, 288, 408, 348, 300, 300, 228, 216, 180, 168, 324, 264, 240, 228, 240, 156, 228, 156, 156, 84, 156, 84, 168, 156, 156, 252, 132, 204, 120, 72, 108, 108, 120, 72, 72, 120, 96, 156, 120, 96, 72, 120, 96, 36, 96, 84, 120, 180, 120, 132, 72, 72, 60]",44.5052695825924,11.3722564603448,10586,10566.0
0.127 3.40 8 1,"[0, 0, 0, 0, 0, 0, 0, 0, 0, 0, 0, 0, 0, 0, 0, 0, 0, 0, 0, 0, 0, 0, 0, 0, 0, 0, 0, 0, 0, 0, 0, 0, 0, 0, 0, 0, 0, 0, 0, 0, 0, 0, 0, 0, 0, 0, 0, 0, 0, 0, 0, 0, 0, 0, 0, 0, 0, 0, 0, 0, 0, 0, 0, 0, 0, 0, 0, 0, 0, 0, 0, 0, 0, 0, 0, 0, 0, 0, 0, 0, 0, 0, 0, 0, 0, 0, 0, 0, 0, 0, 0, 0, 0, 0, 0, 0, 0, 0, 0, 0, 0, 0, 0, 0, 0, 0, 0, 0, 0, 0, 0, 0, 0, 0, 0, 0, 0, 0, 0, 0, 0, 0, 0, 0, 0, 0, 0, 0, 0, 0, 0, 0, 0, 0, 0, 0, 0, 0, 0, 0, 0, 0, 0, 0, 0, 0, 0, 0, 0, 0, 0, 0, 0, 0, 0, 0, 0, 0, 0, 0, 0, 0, 0, 0, 0, 0, 0, 0, 0, 0, 0, 0, 0, 0, 0, 0, 0, 0, 0, 0, 0, 0, 0, 0, 0, 0, 0, 0, 0, 0, 0, 0, 0, 0, 0, 0, 0, 0, 0, 0, 0, 0, 0, 0, 0, 0, 0, 0, 0, 0, 0, 0, 0, 0, 0, 0, 0, 0, 0, 0, 0, 0, 0, 0, 0, 0, 0, 0, 0, 0, 0, 0, 0, 0, 0, 0, 0, 0, 0, 0, 0, 0, 0, 0, 0, 0, 0, 0, 0, 0, 0, 0, 0, 0, 0, 0, 0, 0, 0, 0, 0, 0, 0, 0, 0, 0, 0, 0, 0, 0, 0, 0, 0, 0, 0, 0, 0, 0, 0, 0, 0, 0, 0, 0, 0, 0, 0, 0]",44.5056786326755,11.3718137894667,10565,10566.0
0.127 3.42 8 1,"[168, 48, 84, 84, 84, 84, 72, 24, 12, 12, 72, 48, 48, 36, 72, 12, 60, 24, 24, 36, 0, 24, 0, 36, 0, 24, 12, 24, 0, 12, 12, 24, 12, 0, 0, 0, 24, 0, 12, 0, 12, 12, 0, 0, 0, 0, 0, 0, 0, 12, 0, 12, 12, 12, 36, 36, 12, 24, 12, 12, 24, 36, 60, 12, 12, 36, 36, 12, 36, 60, 120, 24, 0, 96, 60, 72, 60, 48, 60, 60, 132, 144, 120, 120, 192, 168, 204, 60, 192, 156, 312, 396, 372, 168, 540, 540, 504, 612, 408, 360, 432, 360, 444, 444, 480, 336, 372, 396, 516, 504, 492, 396, 312, 240, 336, 312, 360, 348, 204, 276, 216, 300, 336, 336, 396, 372, 312, 348, 288, 204, 216, 372, 372, 372, 396, 264, 216, 336, 348, 384, 228, 252, 396, 336, 276, 384, 288, 300, 252, 216, 216, 396, 348, 480, 420, 180, 240, 348, 420, 336, 300, 276, 216, 252, 276, 348, 240, 336, 396, 588, 468, 240, 312, 192, 252, 144, 108, 336, 264, 336, 360, 420, 312, 288, 336, 372, 312, 324, 300, 408, 348, 408, 360, 444, 420, 324, 540, 444, 384, 444, 432, 312, 528, 492, 360, 384, 336, 540, 528, 540, 624, 516, 564, 684, 492, 612, 600, 600, 516, 672, 636, 456, 480, 468, 420, 528, 516, 408, 360, 132, 420, 348, 360, 336, 240, 408, 264, 264, 312, 324, 300, 60, 312, 384, 264, 216, 204, 264, 288, 228, 192, 168, 240, 156, 108, 168, 132, 108, 108, 168, 96, 204, 192, 120, 144, 192, 60, 108, 108, 96, 132, 84, 96, 96, 60, 96, 96, 72, 132, 120, 96, 132, 96, 96, 84, 96, 60, 48]",44.5040583577683,11.3648198856497,14935,10507.0
0.127 3.44 6 1,"[0, 36, 0, 0, 0, 0, 0, 0, 24, 0, 12, 12, 0, 12, 12, 12, 0, 0, 0, 0, 0, 0, 0, 0, 0, 0, 0, 0, 0, 0, 12, 0, 0, 0, 0, 0, 0, 0, 0, 0, 0, 0, 0, 0, 0, 0, 0, 0, 0, 24, 0, 0, 0, 0, 0, 0, 0, 0, 0, 0, 0, 0, 0, 0, 0, 0, 0, 12, 0, 24, 12, 12, 0, 0, 0, 0, 24, 12, 24, 0, 24, 12, 36, 24, 12, 12, 0, 36, 24, 72, 84, 36, 120, 96, 144, 72, 72, 84, 72, 96, 84, 132, 96, 84, 36, 84, 24, 72, 84, 12, 24, 36, 84, 84, 24, 36, 84, 84, 24, 24, 48, 36, 48, 72, 60, 60, 24, 72, 84, 12, 48, 12, 48, 60, 12, 48, 36, 72, 12, 12, 48, 24, 96, 36, 36, 36, 12, 96, 12, 36, 96, 72, 60, 36, 36, 36, 48, 96, 60, 84, 60, 36, 12, 60, 36, 60, 60, 48, 48, 24, 72, 24, 60, 48, 24, 36, 60, 24, 60, 72, 96, 48, 60, 48, 60, 24, 48, 36, 48, 96, 24, 48, 84, 96, 84, 108, 144, 96, 60, 72, 96, 60, 72, 96, 84, 84, 84, 24, 108, 72, 60, 12, 108, 96, 120, 60, 60, 108, 48, 96, 84, 60, 24, 84, 108, 156, 48, 96, 84, 48, 36, 60, 48, 72, 36, 48, 48, 84, 84, 60, 60, 48, 60, 0, 24, 84, 24, 48, 12, 24, 24, 48, 24, 0, 48, 48, 12, 12, 0, 24, 24, 0, 36, 36, 24, 12, 0, 0, 36, 36, 12, 48, 24, 12, 0, 24, 12, 48, 0, 48, 12, 24, 0, 12, 24, 12, 24, 36]",44.5072507423558,11.3600795301374,16868,17406.0
0.127 3.45 4 1,"[48, 96, 36, 96, 96, 60, 48, 72, 48, 48, 12, 36, 84, 24, 24, 24, 12, 36, 36, 24, 0, 24, 36, 36, 24, 0, 0, 24, 24, 12, 36, 60, 12, 0, 24, 24, 36, 0, 24, 24, 24, 0, 0, 24, 24, 12, 12, 12, 0, 0, 24, 0, 0, 12, 48, 12, 0, 12, 36, 48, 36, 72, 12, 72, 48, 60, 36, 84, 24, 72, 36, 96, 36, 96, 108, 72, 60, 180, 84, 216, 156, 192, 168, 204, 144, 264, 384, 540, 420, 408, 624, 600, 444, 840, 636, 576, 600, 660, 516, 0, 0, 720, 648, 576, 648, 552, 564, 780, 468, 648, 492, 576, 420, 384, 384, 504, 504, 372, 360, 312, 420, 336, 300, 324, 396, 432, 420, 276, 324, 492, 468, 432, 360, 504, 468, 348, 492, 420, 252, 408, 468, 492, 444, 312, 384, 360, 384, 480, 312, 300, 408, 348, 420, 444, 396, 408, 396, 276, 360, 396, 360, 348, 264, 264, 540, 324, 432, 456, 252, 240, 432, 336, 456, 444, 348, 348, 408, 432, 216, 0, 0, 348, 396, 504, 264, 432, 288, 276, 408, 228, 228, 372, 276, 408, 396, 456, 420, 312, 468, 552, 228, 0, 96, 420, 504, 468, 480, 516, 468, 480, 420, 480, 504, 468, 540, 516, 396, 564, 588, 624, 492, 528, 396, 120, 0, 276, 384, 432, 564, 384, 432, 108, 0, 216, 384, 372, 468, 396, 336, 348, 420, 420, 336, 192, 0, 72, 264, 336, 228, 300, 156, 192, 144, 192, 120, 156, 168, 156, 108, 204, 192, 132, 180, 168, 180, 72, 156, 156, 120, 120, 132, 48, 108, 132, 72, 120, 132, 72, 192, 144, 96, 144, 108, 84, 72, 72, 84, 48]",44.5015813296143,11.3657326803408,14939,10520.0
0.127 3.46 10 1,"[72, 72, 72, 24, 36, 48, 24, 36, 12, 48, 12, 60, 84, 36, 36, 24, 24, 60, 0, 84, 24, 36, 12, 24, 24, 36, 24, 12, 24, 12, 24, 60, 12, 0, 0, 12, 60, 24, 12, 36, 12, 12, 0, 0, 24, 12, 24, 24, 24, 0, 12, 0, 0, 24, 12, 12, 12, 0, 0, 12, 48, 24, 12, 24, 24, 36, 24, 36, 48, 48, 36, 24, 12, 72, 72, 48, 60, 72, 84, 48, 72, 72, 48, 108, 96, 84, 96, 156, 180, 108, 120, 192, 108, 156, 204, 180, 204, 312, 252, 144, 156, 192, 180, 132, 312, 204, 168, 180, 216, 168, 192, 180, 240, 204, 240, 228, 180, 204, 144, 120, 168, 204, 156, 204, 276, 204, 168, 204, 180, 216, 144, 216, 168, 108, 312, 192, 168, 204, 192, 156, 132, 120, 132, 240, 144, 108, 192, 228, 132, 180, 216, 204, 144, 180, 204, 156, 204, 168, 180, 228, 144, 228, 108, 192, 192, 156, 168, 228, 108, 156, 216, 60, 144, 180, 120, 240, 108, 96, 168, 204, 192, 192, 156, 240, 168, 168, 168, 156, 120, 192, 180, 204, 120, 216, 144, 156, 216, 156, 228, 300, 240, 204, 108, 216, 192, 240, 204, 180, 180, 228, 240, 192, 132, 252, 204, 192, 384, 216, 264, 228, 216, 192, 216, 288, 192, 180, 204, 168, 180, 228, 144, 180, 204, 156, 156, 168, 156, 312, 240, 228, 192, 204, 168, 108, 204, 96, 192, 144, 84, 96, 84, 156, 132, 120, 108, 84, 84, 84, 72, 120, 96, 60, 108, 120, 120, 96, 36, 24, 84, 96, 96, 108, 72, 60, 72, 36, 72, 72, 84, 60, 72, 144, 60, 108, 60, 12, 60, 60]",44.503327968489,11.363747753325,10473,10472.0
0.127 3.47 2 1,"[48, 12, 24, 12, 24, 12, 12, 24, 0, 12, 24, 12, 12, 0, 12, 12, 12, 0, 0, 0, 12, 0, 12, 0, 0, 0, 0, 0, 0, 0, 12, 0, 0, 0, 0, 0, 0, 12, 0, 0, 0, 0, 0, 0, 0, 0, 0, 0, 12, 0, 0, 0, 12, 0, 0, 0, 12, 0, 0, 0, 0, 0, 0, 12, 0, 0, 36, 0, 0, 12, 0, 0, 12, 36, 12, 36, 24, 12, 36, 12, 48, 48, 48, 48, 96, 24, 36, 36, 72, 84, 84, 84, 132, 132, 216, 168, 276, 240, 228, 192, 144, 144, 204, 156, 216, 96, 180, 96, 180, 96, 72, 108, 96, 156, 108, 156, 96, 108, 72, 168, 108, 120, 48, 72, 108, 120, 108, 120, 96, 120, 84, 72, 168, 60, 108, 96, 96, 84, 108, 132, 60, 192, 120, 72, 72, 72, 168, 108, 96, 192, 132, 108, 144, 180, 108, 96, 120, 60, 84, 96, 120, 96, 84, 108, 180, 216, 168, 60, 192, 144, 168, 156, 180, 144, 96, 48, 108, 108, 144, 108, 144, 108, 132, 84, 96, 96, 156, 72, 72, 180, 156, 144, 96, 324, 120, 132, 144, 108, 180, 300, 144, 288, 204, 228, 120, 144, 216, 108, 120, 204, 192, 168, 168, 204, 312, 180, 156, 360, 240, 204, 180, 132, 204, 180, 216, 168, 156, 84, 156, 120, 108, 96, 48, 84, 120, 168, 72, 132, 96, 120, 36, 84, 108, 60, 132, 72, 24, 36, 60, 48, 84, 36, 48, 48, 60, 24, 72, 48, 12, 96, 60, 156, 96, 0, 24, 24, 48, 12, 12, 48, 36, 36, 60, 24, 24, 24, 36, 48, 48, 24, 0, 24, 48, 24, 36, 36, 36, 24]",44.5057078087242,11.3623794515428,10454,10452.0
0.127 3.48 6 1,"[60, 0, 24, 12, 12, 12, 36, 0, 12, 24, 0, 12, 36, 12, 12, 12, 0, 12, 0, 0, 12, 0, 12, 12, 0, 0, 0, 0, 0, 0, 0, 12, 0, 0, 24, 12, 24, 12, 12, 12, 12, 0, 12, 12, 0, 0, 0, 12, 0, 0, 0, 0, 0, 0, 0, 0, 0, 0, 0, 0, 12, 0, 0, 12, 12, 12, 0, 12, 0, 36, 36, 0, 36, 36, 0, 48, 12, 36, 24, 12, 24, 72, 72, 48, 72, 60, 84, 72, 132, 132, 156, 216, 276, 396, 312, 216, 360, 276, 312, 348, 276, 396, 192, 360, 300, 372, 300, 216, 252, 252, 204, 156, 132, 120, 108, 120, 96, 84, 120, 132, 60, 108, 60, 60, 108, 72, 84, 96, 144, 84, 120, 108, 168, 96, 48, 120, 120, 60, 132, 84, 84, 96, 120, 120, 96, 192, 108, 84, 108, 36, 120, 120, 132, 120, 108, 72, 108, 72, 72, 96, 72, 84, 84, 72, 120, 96, 144, 168, 144, 96, 120, 192, 96, 96, 168, 96, 96, 72, 72, 108, 84, 204, 156, 48, 120, 24, 156, 168, 156, 120, 240, 132, 168, 96, 144, 96, 108, 120, 180, 144, 168, 132, 120, 156, 324, 216, 144, 168, 216, 156, 60, 192, 168, 60, 240, 144, 120, 168, 108, 168, 144, 132, 132, 180, 168, 120, 132, 144, 108, 96, 60, 192, 180, 144, 108, 156, 72, 156, 120, 168, 168, 60, 120, 96, 120, 84, 120, 60, 48, 60, 48, 72, 36, 36, 36, 36, 12, 12, 48, 84, 24, 120, 24, 60, 48, 48, 60, 12, 0, 48, 72, 36, 24, 12, 24, 36, 72, 72, 72, 108, 24, 72, 24, 48, 24, 12, 72, 12]",44.504380073977,11.3598279114909,15519,10503.0
0.127 3.48 8 1,"[192, 120, 72, 96, 132, 60, 84, 72, 24, 24, 48, 60, 36, 108, 72, 36, 72, 96, 48, 48, 48, 24, 120, 48, 48, 12, 24, 60, 48, 36, 12, 0, 36, 12, 12, 36, 36, 60, 12, 60, 24, 12, 12, 24, 0, 0, 24, 0, 24, 36, 12, 0, 0, 0, 24, 24, 48, 12, 24, 36, 24, 24, 36, 48, 48, 12, 72, 60, 60, 60, 72, 84, 84, 132, 84, 96, 120, 84, 84, 84, 96, 156, 216, 120, 252, 156, 156, 0, 108, 276, 384, 396, 384, 480, 348, 0, 120, 552, 324, 336, 228, 408, 336, 408, 576, 432, 384, 552, 360, 540, 408, 312, 300, 288, 372, 372, 312, 132, 0, 204, 348, 300, 396, 420, 264, 384, 216, 324, 396, 336, 432, 216, 0, 132, 444, 360, 372, 324, 372, 300, 360, 300, 444, 456, 396, 420, 360, 348, 360, 252, 336, 408, 348, 324, 372, 264, 396, 408, 336, 336, 264, 0, 180, 456, 408, 336, 348, 384, 276, 372, 276, 480, 348, 384, 288, 0, 36, 432, 372, 480, 312, 420, 468, 384, 384, 456, 336, 456, 408, 516, 504, 372, 300, 420, 456, 552, 144, 0, 276, 516, 420, 540, 576, 648, 504, 300, 0, 288, 564, 540, 732, 660, 564, 444, 492, 504, 600, 624, 600, 720, 132, 0, 456, 540, 504, 492, 468, 492, 552, 396, 612, 396, 420, 408, 360, 384, 372, 336, 324, 360, 60, 0, 300, 420, 300, 408, 372, 288, 168, 312, 216, 240, 180, 204, 216, 168, 168, 216, 168, 192, 204, 156, 228, 204, 156, 144, 168, 132, 144, 24, 0, 156, 156, 192, 132, 204, 228, 144, 132, 192, 156, 96, 120, 120, 180, 144, 120, 108]",44.5047317055041,11.3598421054567,17183,10503.0
0.127 3.50 2 1,"[48, 132, 60, 96, 156, 24, 108, 24, 36, 48, 36, 36, 12, 12, 24, 12, 48, 48, 60, 24, 0, 12, 12, 12, 48, 12, 12, 24, 24, 60, 12, 0, 0, 24, 0, 0, 0, 12, 0, 24, 0, 24, 24, 24, 24, 12, 12, 12, 12, 24, 0, 0, 24, 0, 0, 0, 24, 12, 12, 12, 12, 0, 12, 24, 12, 36, 60, 84, 48, 72, 96, 24, 36, 72, 120, 192, 96, 84, 108, 156, 96, 168, 228, 144, 216, 144, 216, 288, 300, 288, 108, 384, 408, 468, 384, 288, 360, 336, 336, 336, 288, 288, 456, 276, 276, 336, 276, 300, 264, 324, 336, 396, 216, 300, 408, 348, 360, 324, 384, 408, 360, 360, 420, 312, 324, 348, 336, 216, 396, 384, 252, 228, 264, 360, 300, 372, 300, 288, 252, 312, 288, 252, 204, 96, 156, 168, 240, 288, 300, 276, 204, 252, 216, 204, 192, 276, 204, 276, 156, 204, 276, 252, 264, 204, 324, 276, 204, 240, 252, 120, 204, 240, 252, 264, 324, 264, 228, 384, 228, 240, 324, 276, 276, 216, 324, 276, 252, 276, 336, 372, 180, 180, 252, 384, 180, 288, 216, 264, 252, 228, 240, 252, 288, 360, 156, 252, 264, 264, 312, 372, 408, 216, 408, 432, 336, 372, 240, 312, 288, 300, 312, 360, 300, 360, 432, 216, 324, 300, 276, 264, 240, 276, 300, 276, 312, 300, 324, 252, 180, 216, 324, 168, 216, 180, 348, 264, 348, 276, 180, 276, 252, 192, 132, 168, 240, 216, 144, 156, 204, 96, 192, 192, 216, 48, 120, 84, 132, 156, 144, 48, 192, 84, 204, 96, 96, 60, 120, 120, 108, 144, 120, 120, 180, 120, 120, 48, 72, 60]",44.4982070332471,11.3569222813872,14930,16752.0
0.127 3.50 10 1,"[84, 72, 84, 84, 108, 84, 96, 72, 60, 24, 96, 60, 72, 60, 36, 12, 48, 36, 48, 48, 24, 60, 36, 36, 24, 24, 24, 12, 36, 60, 12, 24, 12, 12, 36, 36, 12, 24, 36, 24, 36, 12, 24, 24, 24, 12, 0, 0, 24, 0, 12, 24, 0, 48, 48, 36, 12, 12, 24, 12, 24, 12, 84, 84, 60, 12, 24, 60, 36, 24, 48, 36, 36, 84, 36, 48, 60, 24, 24, 72, 60, 84, 168, 156, 96, 156, 252, 156, 168, 180, 192, 288, 276, 252, 168, 168, 168, 180, 132, 204, 180, 180, 180, 168, 192, 204, 120, 168, 144, 156, 144, 132, 144, 168, 300, 192, 156, 264, 240, 252, 216, 168, 192, 216, 204, 168, 264, 216, 108, 276, 144, 192, 216, 180, 228, 216, 252, 252, 180, 120, 192, 168, 216, 180, 144, 228, 156, 144, 192, 204, 120, 180, 300, 312, 168, 300, 120, 204, 180, 288, 168, 252, 264, 96, 300, 288, 168, 192, 324, 288, 192, 264, 144, 336, 156, 336, 300, 288, 84, 288, 192, 240, 120, 240, 264, 348, 132, 156, 204, 204, 168, 240, 300, 168, 156, 228, 252, 264, 156, 264, 252, 192, 324, 252, 336, 216, 216, 312, 252, 264, 336, 252, 156, 216, 216, 324, 192, 288, 300, 264, 180, 156, 120, 252, 264, 348, 300, 264, 168, 192, 288, 324, 132, 156, 348, 144, 168, 228, 300, 180, 264, 276, 144, 156, 264, 300, 120, 264, 168, 168, 180, 96, 144, 168, 204, 120, 96, 132, 120, 132, 120, 240, 108, 204, 84, 108, 120, 132, 132, 108, 264, 72, 120, 72, 108, 72, 72, 108, 144, 144, 84, 120, 108, 96, 120, 96, 108, 120]",44.4987748052734,11.3564315384379,16750,16751.0
0.127 3.50 10 2,"[0, 0, 24, 12, 0, 0, 0, 0, 0, 0, 0, 0, 12, 12, 0, 12, 0, 0, 0, 0, 12, 12, 0, 12, 0, 12, 0, 12, 0, 0, 0, 0, 0, 0, 0, 0, 0, 0, 0, 0, 0, 0, 0, 12, 0, 0, 0, 0, 0, 0, 0, 0, 12, 24, 0, 0, 0, 12, 12, 0, 0, 12, 0, 0, 12, 0, 12, 0, 12, 0, 12, 0, 0, 0, 12, 0, 0, 0, 24, 12, 0, 48, 0, 12, 12, 24, 12, 0, 24, 0, 12, 12, 24, 84, 24, 48, 12, 24, 24, 36, 0, 72, 24, 36, 24, 60, 12, 48, 0, 36, 0, 36, 24, 72, 36, 0, 72, 12, 12, 24, 48, 0, 12, 48, 12, 24, 12, 12, 24, 12, 12, 12, 0, 24, 0, 0, 24, 24, 36, 0, 24, 12, 12, 36, 36, 36, 0, 0, 36, 0, 24, 24, 24, 12, 24, 36, 12, 72, 72, 24, 24, 36, 48, 12, 36, 0, 0, 12, 24, 48, 84, 60, 12, 36, 24, 12, 24, 12, 36, 24, 24, 12, 12, 12, 48, 0, 0, 12, 24, 12, 36, 24, 12, 36, 36, 12, 60, 36, 24, 24, 12, 12, 24, 0, 36, 36, 24, 36, 36, 24, 24, 12, 12, 48, 0, 0, 12, 12, 0, 0, 12, 24, 24, 36, 12, 12, 12, 12, 12, 12, 0, 12, 0, 0, 24, 12, 12, 12, 12, 36, 0, 12, 24, 0, 0, 24, 0, 0, 12, 12, 0, 0, 0, 0, 24, 0, 24, 0, 0, 12, 24, 0, 0, 12, 0, 0, 24, 12, 24, 12, 0, 0, 12, 12, 0, 0, 0, 12, 0, 12, 0, 0, 0, 12, 0, 36, 0, 24]",,,,
0.127 3.52 4 1,"[24, 48, 48, 24, 0, 24, 24, 12, 36, 24, 12, 24, 12, 12, 24, 36, 36, 24, 24, 0, 72, 24, 60, 0, 12, 0, 0, 12, 12, 0, 0, 0, 0, 12, 12, 12, 0, 0, 0, 0, 0, 24, 24, 0, 12, 36, 24, 36, 12, 0, 0, 12, 0, 12, 12, 0, 12, 0, 0, 0, 0, 0, 12, 12, 12, 12, 0, 24, 24, 0, 36, 12, 12, 0, 24, 12, 36, 24, 0, 24, 12, 0, 48, 36, 36, 60, 60, 60, 24, 72, 60, 36, 96, 36, 132, 84, 72, 84, 84, 60, 60, 72, 144, 192, 108, 120, 96, 132, 48, 48, 72, 108, 144, 108, 168, 192, 72, 168, 60, 168, 72, 96, 72, 72, 84, 84, 48, 84, 108, 108, 120, 96, 120, 156, 120, 168, 96, 96, 120, 84, 108, 108, 96, 84, 12, 72, 96, 60, 108, 96, 156, 48, 96, 156, 84, 48, 84, 60, 36, 156, 120, 120, 108, 60, 84, 60, 84, 72, 84, 96, 108, 48, 144, 96, 84, 120, 96, 132, 60, 96, 120, 84, 120, 84, 108, 96, 84, 120, 96, 36, 60, 120, 84, 84, 156, 108, 96, 132, 120, 84, 156, 84, 156, 72, 108, 48, 60, 108, 84, 72, 120, 96, 72, 24, 36, 72, 84, 48, 120, 132, 96, 120, 84, 108, 60, 72, 84, 84, 36, 96, 108, 72, 108, 84, 60, 24, 12, 24, 60, 60, 60, 36, 48, 48, 84, 60, 156, 60, 12, 72, 48, 96, 24, 12, 96, 48, 36, 12, 24, 60, 48, 0, 12, 36, 60, 48, 24, 60, 72, 36, 60, 96, 0, 48, 12, 48, 36, 24, 36, 24, 12, 36, 12, 36, 36, 36, 36, 24]",44.5044936353516,11.3413820511251,16816,10229.0
0.127 3.52 6 1,"[36, 84, 60, 12, 48, 84, 36, 60, 24, 12, 48, 60, 36, 24, 24, 48, 36, 36, 24, 36, 12, 12, 0, 36, 12, 24, 48, 24, 36, 12, 12, 0, 24, 36, 60, 72, 36, 0, 12, 12, 48, 24, 0, 12, 12, 0, 0, 12, 36, 12, 0, 0, 12, 24, 0, 24, 24, 12, 12, 36, 0, 36, 0, 24, 12, 24, 48, 84, 12, 24, 72, 96, 24, 36, 84, 24, 72, 36, 60, 60, 120, 48, 96, 144, 120, 120, 144, 132, 108, 96, 24, 132, 252, 144, 228, 144, 204, 192, 204, 192, 252, 216, 240, 144, 180, 192, 264, 228, 132, 96, 180, 180, 216, 204, 120, 108, 144, 156, 168, 144, 240, 240, 264, 132, 144, 144, 120, 228, 132, 144, 156, 108, 180, 120, 108, 192, 216, 132, 192, 144, 156, 204, 168, 72, 264, 168, 156, 156, 216, 204, 84, 132, 144, 144, 36, 168, 192, 144, 168, 120, 204, 120, 144, 144, 108, 144, 156, 168, 252, 192, 204, 132, 240, 120, 120, 180, 204, 120, 132, 168, 192, 216, 192, 132, 192, 180, 204, 96, 132, 120, 168, 156, 228, 168, 72, 168, 108, 216, 96, 144, 168, 120, 120, 144, 144, 120, 156, 156, 156, 252, 180, 192, 180, 228, 228, 216, 120, 192, 120, 192, 240, 156, 204, 168, 144, 120, 132, 168, 156, 132, 216, 192, 120, 72, 216, 216, 144, 120, 132, 60, 120, 60, 96, 168, 120, 168, 84, 84, 120, 96, 84, 120, 120, 60, 48, 84, 48, 36, 60, 48, 96, 24, 108, 84, 72, 48, 24, 72, 84, 60, 24, 132, 36, 24, 36, 72, 12, 48, 48, 84, 72, 36, 84, 24, 84, 36, 36, 108]",44.5042411010656,11.3409587971683,10235,10229.0
0.127 3.54 2 2,"[0, 0, 0, 0, 0, 0, 0, 0, 0, 0, 0, 0, 0, 0, 0, 0, 0, 0, 0, 0, 0, 0, 0, 0, 0, 0, 0, 0, 0, 0, 0, 0, 0, 0, 0, 0, 0, 0, 0, 0, 0, 0, 0, 0, 0, 0, 0, 0, 0, 0, 0, 0, 0, 0, 0, 0, 0, 0, 0, 0, 0, 0, 0, 0, 0, 0, 0, 0, 0, 0, 0, 0, 0, 0, 0, 0, 0, 0, 0, 0, 0, 0, 0, 0, 0, 0, 0, 0, 0, 0, 0, 0, 0, 0, 0, 0, 0, 0, 0, 0, 0, 0, 0, 0, 0, 0, 0, 0, 0, 0, 0, 0, 0, 0, 0, 0, 0, 0, 0, 0, 0, 0, 0, 0, 0, 0, 0, 0, 0, 0, 0, 0, 0, 0, 0, 0, 0, 0, 0, 0, 0, 0, 0, 0, 0, 0, 0, 0, 0, 0, 0, 0, 0, 0, 0, 0, 0, 0, 0, 0, 0, 0, 0, 0, 0, 0, 0, 0, 0, 0, 0, 0, 0, 0, 0, 0, 0, 0, 0, 0, 0, 0, 0, 0, 0, 0, 0, 0, 0, 0, 0, 0, 0, 0, 0, 0, 0, 0, 0, 0, 0, 0, 0, 0, 0, 0, 0, 0, 0, 0, 0, 0, 0, 0, 0, 0, 0, 0, 0, 0, 0, 0, 0, 0, 0, 0, 0, 0, 0, 0, 0, 0, 0, 0, 0, 0, 0, 0, 0, 0, 0, 0, 0, 0, 0, 0, 0, 0, 0, 0, 0, 0, 0, 0, 0, 0, 0, 0, 0, 0, 0, 0, 0, 0, 0, 0, 0, 0, 0, 0, 0, 0, 0, 0, 0, 0, 0, 0, 0, 0, 0, 0, 0, 0, 0, 0, 0, 0]",44.5036332912442,11.3496058526481,17008,16746.0
0.127 3.54 5 2,"[0, 0, 0, 0, 0, 0, 0, 0, 0, 0, 0, 0, 0, 0, 0, 0, 0, 0, 0, 0, 0, 0, 0, 0, 0, 0, 0, 0, 0, 0, 0, 0, 0, 0, 0, 0, 0, 0, 0, 0, 0, 0, 0, 0, 0, 0, 0, 0, 0, 0, 0, 0, 0, 0, 0, 0, 0, 0, 0, 0, 0, 0, 0, 0, 0, 0, 0, 0, 0, 0, 0, 0, 0, 0, 0, 0, 0, 0, 0, 0, 0, 0, 0, 0, 0, 0, 0, 0, 0, 0, 0, 0, 0, 0, 0, 0, 0, 0, 0, 0, 0, 0, 0, 0, 0, 0, 0, 0, 0, 0, 0, 0, 0, 0, 0, 0, 0, 0, 0, 0, 0, 0, 0, 0, 0, 0, 0, 0, 0, 0, 0, 0, 0, 0, 0, 0, 0, 0, 0, 0, 0, 0, 0, 0, 0, 0, 0, 0, 0, 0, 0, 0, 0, 0, 0, 0, 0, 0, 0, 0, 0, 0, 0, 0, 0, 0, 0, 0, 0, 0, 0, 0, 0, 0, 0, 0, 0, 0, 0, 0, 0, 0, 0, 0, 0, 0, 0, 0, 0, 0, 0, 0, 0, 0, 0, 0, 0, 0, 0, 0, 0, 0, 0, 0, 0, 0, 0, 0, 0, 0, 0, 0, 0, 0, 0, 0, 0, 0, 0, 0, 0, 0, 0, 0, 0, 0, 0, 0, 0, 0, 0, 0, 0, 0, 0, 0, 0, 0, 0, 0, 0, 0, 0, 0, 0, 0, 0, 0, 0, 0, 0, 0, 0, 0, 0, 0, 0, 0, 0, 0, 0, 0, 0, 0, 0, 0, 0, 0, 0, 0, 0, 0, 0, 0, 0, 0, 0, 0, 0, 0, 0, 0, 0, 0, 0, 0, 0, 0]",44.5035329777575,11.3492829808186,15196,16742.0
0.127 3.56 2 2,"[0, 12, 24, 12, 12, 36, 12, 0, 12, 24, 36, 12, 0, 12, 0, 24, 60, 0, 24, 0, 0, 0, 0, 12, 36, 0, 24, 0, 24, 0, 0, 0, 0, 0, 12, 0, 0, 0, 12, 0, 0, 0, 0, 0, 24, 0, 0, 0, 0, 0, 0, 0, 0, 12, 0, 0, 24, 0, 0, 0, 0, 0, 0, 0, 0, 0, 12, 0, 12, 24, 12, 24, 24, 12, 48, 12, 24, 24, 24, 48, 24, 0, 24, 12, 0, 48, 60, 96, 72, 96, 60, 132, 132, 120, 156, 216, 156, 132, 180, 120, 180, 108, 132, 132, 120, 144, 132, 144, 168, 216, 108, 120, 108, 72, 120, 12, 96, 132, 96, 204, 144, 144, 132, 156, 144, 60, 72, 156, 156, 180, 144, 120, 60, 84, 168, 60, 84, 132, 96, 24, 96, 84, 108, 120, 96, 192, 84, 60, 120, 84, 156, 144, 108, 108, 84, 60, 84, 36, 120, 1584, 108, 84, 48, 132, 180, 132, 48, 0, 48, 96, 84, 108, 156, 144, 144, 84, 156, 168, 96, 120, 168, 108, 144, 108, 96, 132, 192, 144, 108, 156, 84, 72, 72, 120, 156, 60, 120, 108, 132, 120, 168, 96, 204, 120, 108, 156, 96, 132, 96, 156, 108, 96, 120, 156, 120, 36, 84, 120, 180, 120, 132, 1560, 72, 36, 96, 36, 132, 72, 60, 60, 72, 120, 60, 84, 72, 36, 60, 132, 84, 36, 84, 108, 72, 108, 108, 72, 60, 96, 96, 24, 36, 60, 48, 60, 72, 36, 60, 60, 72, 12, 36, 36, 24, 48, 36, 60, 24, 24, 24, 60, 24, 0, 72, 48, 48, 36, 36, 48, 24, 36, 24, 12, 12, 24, 36, 12, 24, 0]",44.5089851213122,11.3403094159011,17455,10334.0
0.127 3.56 4 1,"[108, 156, 144, 156, 108, 120, 204, 120, 36, 48, 24, 120, 72, 36, 84, 108, 108, 36, 72, 48, 48, 84, 24, 60, 108, 108, 36, 0, 12, 24, 36, 12, 12, 36, 24, 24, 36, 24, 12, 0, 48, 0, 24, 12, 0, 12, 0, 24, 24, 24, 0, 24, 36, 24, 48, 12, 12, 24, 36, 36, 108, 48, 24, 36, 108, 120, 96, 108, 84, 144, 108, 156, 72, 144, 120, 132, 240, 156, 144, 336, 204, 264, 288, 240, 324, 540, 504, 528, 600, 756, 1008, 828, 876, 864, 888, 864, 984, 696, 876, 792, 1056, 660, 756, 924, 804, 756, 888, 900, 828, 828, 696, 696, 888, 636, 552, 684, 576, 720, 624, 792, 792, 516, 504, 636, 720, 648, 888, 732, 684, 576, 696, 624, 552, 576, 492, 648, 708, 420, 624, 564, 648, 672, 552, 768, 696, 600, 792, 624, 564, 660, 660, 636, 804, 576, 684, 720, 564, 732, 768, 600, 576, 744, 540, 528, 696, 660, 888, 684, 744, 648, 756, 648, 540, 552, 672, 588, 600, 684, 600, 588, 768, 624, 780, 540, 588, 660, 468, 600, 516, 576, 720, 564, 540, 756, 876, 732, 516, 768, 528, 696, 648, 588, 564, 564, 648, 744, 744, 636, 552, 720, 636, 792, 900, 756, 780, 576, 780, 816, 564, 900, 624, 804, 792, 540, 588, 852, 1008, 828, 684, 456, 564, 612, 516, 696, 636, 624, 528, 660, 600, 540, 624, 600, 492, 516, 528, 516, 408, 468, 372, 504, 504, 444, 384, 468, 264, 456, 288, 348, 240, 336, 348, 324, 480, 264, 324, 288, 216, 204, 300, 216, 288, 240, 252, 252, 168, 252, 300, 240, 324, 192, 168, 204, 240, 132, 252, 120, 216, 192]",44.5092024956841,11.3405934767054,10335,10334.0
0.127 3.59 4 1,"[84, 96, 168, 84, 96, 24, 120, 60, 72, 48, 60, 72, 36, 48, 12, 144, 96, 24, 36, 48, 12, 24, 48, 84, 36, 48, 12, 12, 0, 12, 24, 12, 12, 24, 48, 12, 24, 12, 0, 12, 0, 24, 24, 12, 12, 24, 12, 0, 12, 0, 0, 24, 24, 24, 24, 36, 12, 24, 36, 36, 12, 24, 12, 24, 60, 12, 36, 48, 48, 84, 60, 48, 84, 108, 96, 108, 156, 84, 144, 180, 120, 192, 204, 96, 252, 336, 300, 408, 372, 564, 564, 624, 588, 780, 840, 744, 792, 648, 708, 612, 636, 540, 492, 672, 732, 588, 660, 564, 708, 552, 432, 360, 456, 396, 420, 480, 324, 384, 348, 660, 468, 396, 384, 288, 504, 324, 456, 444, 444, 504, 456, 432, 372, 444, 372, 492, 444, 384, 456, 336, 348, 516, 276, 480, 444, 288, 456, 420, 324, 492, 504, 564, 540, 480, 528, 420, 348, 432, 636, 432, 360, 468, 348, 540, 636, 444, 576, 444, 492, 468, 492, 492, 360, 432, 336, 324, 456, 576, 456, 372, 492, 336, 408, 624, 504, 576, 420, 348, 348, 396, 480, 348, 384, 516, 528, 564, 360, 684, 348, 468, 396, 612, 480, 396, 408, 588, 540, 552, 516, 564, 552, 672, 492, 564, 552, 516, 456, 660, 384, 660, 528, 504, 468, 384, 432, 576, 576, 528, 624, 528, 456, 504, 456, 444, 408, 408, 396, 528, 420, 456, 276, 372, 408, 348, 384, 300, 432, 336, 180, 300, 252, 288, 144, 252, 168, 252, 204, 276, 204, 228, 192, 192, 216, 168, 156, 288, 168, 180, 156, 192, 216, 156, 228, 120, 48, 228, 156, 156, 228, 72, 96, 156, 168, 144, 180, 108, 96, 48]",44.5080725926701,11.3377666997372,14531,17891.0
0.127 3.59 6 1,"[0, 24, 24, 24, 12, 24, 0, 12, 24, 0, 24, 24, 0, 24, 0, 12, 0, 12, 0, 0, 0, 0, 24, 0, 0, 0, 0, 0, 12, 0, 0, 0, 0, 0, 12, 0, 0, 12, 0, 12, 0, 0, 12, 0, 12, 0, 0, 0, 0, 0, 0, 0, 0, 0, 0, 36, 0, 0, 0, 0, 0, 0, 0, 0, 12, 0, 0, 0, 24, 0, 0, 12, 24, 0, 12, 0, 12, 12, 36, 24, 48, 36, 12, 24, 48, 72, 60, 72, 72, 72, 96, 108, 288, 72, 180, 204, 396, 240, 300, 192, 120, 228, 240, 204, 180, 336, 156, 156, 228, 132, 60, 108, 60, 96, 108, 120, 96, 120, 96, 60, 72, 96, 72, 132, 72, 96, 84, 108, 108, 72, 96, 72, 72, 36, 24, 96, 84, 108, 120, 60, 96, 108, 84, 48, 96, 60, 108, 96, 144, 72, 72, 12, 96, 48, 96, 96, 168, 96, 96, 168, 72, 84, 72, 144, 24, 108, 48, 84, 108, 228, 108, 144, 96, 132, 84, 60, 36, 84, 144, 12, 72, 96, 36, 72, 48, 72, 84, 72, 72, 84, 96, 72, 120, 72, 180, 168, 132, 72, 108, 156, 96, 120, 96, 84, 132, 156, 132, 48, 144, 96, 96, 108, 120, 144, 84, 144, 132, 108, 108, 144, 108, 48, 120, 72, 96, 144, 48, 108, 144, 36, 132, 108, 36, 48, 96, 72, 72, 72, 96, 120, 36, 36, 72, 60, 60, 60, 60, 72, 48, 60, 48, 36, 36, 96, 72, 48, 36, 36, 60, 36, 12, 48, 24, 48, 0, 36, 0, 24, 36, 0, 12, 48, 24, 48, 24, 24, 12, 24, 48, 60, 12, 0, 36, 60, 36, 12, 24, 12]",44.5082261302936,11.3376014298106,17680,17770.0
0.127 3.64 4 1,"[0, 0, 0, 0, 0, 0, 0, 0, 0, 0, 12, 0, 0, 0, 0, 0, 0, 0, 0, 0, 0, 0, 12, 0, 0, 12, 12, 0, 0, 0, 0, 0, 0, 0, 0, 0, 0, 0, 0, 0, 0, 0, 0, 0, 0, 0, 0, 12, 0, 0, 0, 0, 0, 0, 0, 0, 0, 0, 12, 0, 0, 0, 0, 12, 0, 0, 0, 0, 0, 0, 0, 0, 12, 0, 0, 12, 0, 12, 0, 0, 12, 0, 12, 0, 0, 24, 0, 12, 0, 12, 0, 12, 24, 12, 12, 12, 12, 24, 24, 36, 168, 96, 36, 24, 60, 24, 12, 36, 12, 24, 0, 36, 36, 0, 24, 0, 12, 0, 36, 0, 0, 24, 0, 24, 12, 0, 48, 12, 0, 0, 24, 12, 0, 24, 0, 24, 0, 12, 24, 36, 12, 36, 36, 0, 36, 12, 0, 24, 12, 0, 36, 24, 0, 12, 12, 12, 12, 24, 12, 12, 24, 60, 12, 36, 0, 24, 36, 12, 0, 24, 36, 12, 12, 12, 12, 12, 12, 0, 36, 24, 36, 12, 12, 36, 12, 12, 0, 24, 12, 36, 12, 24, 36, 12, 60, 120, 24, 120, 132, 24, 36, 36, 12, 12, 0, 12, 36, 24, 24, 12, 12, 0, 12, 12, 12, 24, 36, 24, 12, 24, 12, 0, 12, 24, 12, 48, 0, 24, 12, 12, 24, 0, 12, 24, 0, 24, 0, 12, 12, 12, 0, 24, 12, 12, 24, 0, 24, 0, 0, 12, 0, 12, 0, 12, 12, 24, 12, 12, 0, 0, 12, 12, 0, 0, 0, 0, 0, 12, 0, 0, 0, 12, 0, 12, 0, 0, 0, 0, 12, 0, 0, 0, 0, 0, 12, 0, 0, 0]",44.5198488925509,11.3291142792971,10644,10643.0
0.127 3.64 6 1,"[228, 252, 216, 180, 168, 216, 204, 216, 96, 192, 228, 180, 168, 108, 108, 48, 72, 108, 96, 96, 120, 84, 96, 96, 120, 168, 72, 36, 60, 120, 36, 72, 48, 48, 24, 144, 24, 12, 72, 84, 72, 72, 60, 48, 36, 48, 12, 24, 48, 60, 36, 72, 108, 48, 84, 144, 48, 108, 96, 24, 84, 120, 180, 180, 132, 216, 168, 228, 312, 276, 204, 216, 144, 240, 252, 240, 384, 360, 324, 372, 288, 456, 468, 444, 480, 672, 696, 840, 828, 900, 960, 1188, 972, 1212, 1248, 1152, 1032, 1248, 1188, 1224, 1176, 1188, 900, 732, 1308, 1020, 1020, 1032, 924, 852, 996, 900, 744, 888, 900, 936, 924, 1116, 816, 876, 648, 852, 852, 1020, 744, 840, 948, 720, 708, 984, 888, 852, 780, 888, 996, 1104, 1020, 948, 1116, 888, 1116, 972, 984, 1128, 936, 1044, 1092, 1080, 984, 864, 840, 1140, 864, 1008, 1044, 840, 996, 996, 1248, 1140, 1176, 996, 1008, 1176, 852, 852, 1020, 1116, 1056, 1104, 1068, 984, 1212, 1224, 888, 744, 972, 948, 1020, 972, 900, 888, 1116, 828, 1044, 1308, 972, 996, 1116, 1116, 1080, 972, 1080, 1068, 1152, 1188, 1296, 972, 792, 1020, 1080, 1056, 924, 924, 828, 876, 900, 1224, 1056, 1044, 888, 1056, 996, 1056, 852, 876, 972, 936, 1140, 1452, 1188, 1008, 936, 1092, 1128, 900, 756, 996, 1128, 912, 1200, 1044, 1056, 792, 1128, 900, 924, 780, 648, 816, 864, 852, 840, 756, 840, 564, 888, 780, 528, 576, 540, 588, 636, 504, 432, 600, 384, 540, 432, 432, 408, 396, 312, 408, 492, 252, 396, 432, 300, 444, 468, 228, 276, 348, 228, 324, 468, 396, 456, 396, 348, 384, 408, 468, 228, 216, 300, 360]",44.5194807065927,11.3289690749773,14499,10643.0
0.127 3.67 2 1,"[72, 36, 36, 48, 60, 12, 12, 0, 12, 12, 24, 0, 48, 24, 12, 12, 24, 24, 0, 12, 12, 36, 0, 24, 24, 0, 36, 12, 12, 12, 36, 0, 24, 36, 0, 24, 0, 0, 0, 12, 0, 0, 12, 36, 0, 0, 12, 24, 12, 0, 12, 0, 24, 24, 0, 36, 36, 24, 36, 36, 24, 24, 48, 48, 60, 72, 120, 48, 48, 48, 96, 156, 72, 96, 120, 108, 180, 108, 84, 144, 192, 216, 144, 252, 288, 240, 444, 312, 384, 420, 504, 384, 564, 612, 624, 468, 660, 624, 492, 540, 528, 540, 552, 576, 564, 528, 576, 540, 420, 504, 384, 372, 324, 240, 372, 432, 300, 456, 372, 360, 396, 276, 264, 264, 408, 312, 396, 324, 372, 384, 240, 204, 288, 384, 252, 264, 276, 300, 336, 408, 192, 348, 252, 432, 384, 300, 324, 276, 228, 372, 252, 336, 348, 216, 228, 228, 288, 240, 156, 324, 264, 228, 288, 168, 252, 348, 300, 324, 348, 468, 312, 372, 264, 264, 228, 276, 300, 324, 264, 384, 252, 276, 312, 348, 336, 252, 420, 324, 276, 216, 408, 204, 300, 288, 384, 276, 360, 468, 384, 264, 372, 564, 348, 504, 444, 420, 420, 300, 408, 432, 336, 408, 456, 492, 288, 444, 336, 444, 408, 384, 480, 384, 264, 264, 264, 324, 384, 276, 408, 456, 276, 288, 276, 204, 252, 300, 240, 276, 264, 192, 228, 228, 252, 228, 192, 216, 156, 252, 228, 216, 108, 168, 156, 168, 156, 156, 132, 132, 96, 96, 144, 144, 96, 72, 120, 72, 144, 72, 120, 96, 96, 48, 72, 168, 60, 96, 120, 168, 96, 156, 84, 84, 84, 96, 72, 72, 48, 60]",44.541427302269,11.3561497626136,17095,14322.0
0.127 3.68 8 1,"[0, 0, 0, 12, 0, 0, 0, 0, 0, 0, 0, 0, 12, 0, 0, 0, 12, 12, 0, 0, 12, 0, 0, 24, 0, 0, 0, 0, 0, 0, 0, 0, 0, 0, 0, 0, 0, 0, 0, 0, 0, 0, 0, 0, 0, 0, 0, 0, 0, 0, 12, 0, 0, 0, 0, 0, 0, 0, 0, 0, 12, 0, 0, 0, 0, 0, 0, 0, 24, 12, 0, 0, 0, 0, 0, 24, 12, 24, 0, 0, 12, 24, 12, 36, 12, 12, 24, 24, 36, 24, 48, 48, 60, 36, 36, 24, 0, 84, 36, 108, 36, 108, 60, 60, 120, 12, 96, 48, 36, 36, 60, 60, 72, 24, 72, 48, 48, 48, 36, 12, 48, 24, 12, 48, 60, 48, 48, 36, 36, 48, 36, 24, 24, 24, 36, 48, 24, 24, 24, 36, 48, 48, 48, 72, 0, 36, 12, 36, 96, 36, 36, 60, 24, 72, 96, 48, 36, 36, 24, 48, 84, 24, 24, 60, 24, 60, 36, 36, 24, 12, 24, 96, 60, 36, 48, 24, 24, 48, 24, 36, 72, 96, 36, 96, 24, 12, 84, 24, 12, 60, 60, 36, 36, 84, 84, 84, 72, 108, 48, 96, 96, 24, 24, 72, 132, 36, 96, 84, 84, 132, 108, 120, 48, 132, 72, 96, 48, 120, 96, 84, 156, 144, 108, 72, 84, 108, 60, 60, 72, 84, 60, 36, 36, 72, 12, 24, 60, 24, 24, 24, 0, 36, 36, 48, 0, 12, 24, 24, 12, 36, 12, 0, 0, 24, 0, 12, 0, 12, 48, 12, 24, 24, 0, 24, 12, 12, 36, 36, 12, 24, 12, 0, 0, 0, 24, 0, 0, 12, 12, 12, 12, 24, 0, 0, 0, 0, 0, 12]",44.511614751714,11.3843125636287,15789,10614.0
0.127 3.68 10 1,"[48, 0, 12, 12, 12, 60, 24, 0, 12, 12, 24, 0, 0, 12, 12, 0, 12, 24, 12, 36, 24, 36, 12, 12, 12, 0, 12, 24, 24, 0, 36, 0, 0, 0, 0, 12, 12, 12, 0, 24, 0, 0, 0, 0, 0, 0, 12, 0, 12, 36, 0, 0, 0, 12, 0, 0, 12, 24, 12, 24, 0, 12, 0, 12, 0, 0, 0, 12, 48, 24, 12, 24, 36, 24, 12, 36, 36, 12, 48, 72, 36, 84, 84, 24, 84, 24, 48, 72, 84, 132, 96, 120, 96, 204, 84, 144, 180, 120, 192, 144, 180, 96, 60, 204, 144, 96, 156, 192, 108, 144, 132, 96, 48, 60, 108, 120, 180, 168, 108, 108, 72, 180, 168, 84, 204, 72, 108, 132, 60, 108, 132, 108, 192, 96, 168, 144, 144, 132, 144, 132, 144, 96, 144, 120, 84, 144, 108, 132, 132, 72, 108, 276, 108, 72, 132, 144, 60, 120, 216, 168, 60, 192, 132, 108, 132, 96, 84, 96, 132, 180, 108, 204, 216, 144, 144, 180, 84, 156, 180, 144, 156, 216, 96, 132, 192, 192, 132, 144, 168, 132, 72, 108, 180, 168, 144, 132, 120, 228, 120, 180, 120, 228, 180, 120, 228, 168, 120, 84, 132, 204, 180, 156, 144, 168, 156, 108, 144, 168, 84, 168, 216, 216, 84, 96, 84, 108, 60, 120, 72, 72, 192, 132, 96, 132, 156, 156, 48, 108, 72, 168, 48, 144, 108, 84, 96, 108, 132, 96, 72, 48, 96, 48, 36, 48, 36, 0, 36, 36, 60, 24, 24, 36, 36, 48, 60, 24, 24, 36, 36, 48, 12, 48, 0, 24, 48, 36, 84, 0, 24, 12, 24, 12, 36, 48, 0, 12, 12, 72]",44.5114223619252,11.3843517872457,10614,10878.0
0.127 3.69 2 1,"[192, 252, 156, 192, 252, 192, 180, 180, 192, 96, 204, 108, 168, 156, 108, 132, 144, 156, 96, 96, 84, 120, 36, 60, 12, 108, 48, 60, 48, 0, 36, 48, 36, 60, 12, 24, 60, 24, 36, 48, 24, 24, 36, 48, 0, 36, 84, 48, 24, 108, 24, 24, 0, 24, 60, 72, 72, 24, 72, 108, 36, 48, 84, 132, 192, 204, 132, 276, 276, 204, 144, 144, 192, 204, 180, 288, 372, 324, 612, 612, 660, 672, 660, 660, 828, 480, 744, 936, 1140, 1128, 1344, 1668, 1368, 1836, 1680, 1368, 1668, 1440, 1500, 1164, 1248, 1092, 1572, 1404, 1356, 1356, 1080, 1320, 972, 1032, 984, 1080, 972, 960, 1164, 852, 864, 840, 780, 1056, 1068, 960, 972, 1044, 936, 756, 948, 792, 1128, 1032, 1044, 972, 948, 960, 912, 996, 1032, 1008, 1224, 876, 1104, 1080, 972, 984, 912, 900, 864, 972, 852, 984, 1200, 1188, 1008, 1176, 1116, 948, 1008, 1116, 1392, 1176, 1224, 948, 924, 1020, 1308, 1224, 1392, 1224, 840, 960, 1284, 1008, 1212, 996, 1248, 960, 1068, 972, 1068, 1020, 996, 1056, 1092, 900, 1200, 1068, 1188, 1104, 1212, 996, 1344, 972, 852, 1188, 1284, 1008, 1188, 1260, 1368, 1248, 1272, 1140, 1344, 1236, 912, 780, 840, 1488, 1092, 1236, 1176, 1680, 1680, 1284, 1092, 1404, 1392, 1200, 1260, 1116, 1164, 1116, 1308, 1188, 1404, 1296, 1092, 1008, 1104, 1068, 1044, 1296, 1176, 960, 936, 1104, 924, 852, 984, 960, 660, 756, 756, 852, 996, 660, 660, 684, 600, 600, 516, 540, 348, 444, 432, 432, 432, 492, 288, 456, 324, 360, 312, 516, 312, 276, 408, 276, 456, 252, 432, 228, 384, 276, 240, 336, 312, 300, 408, 384, 408, 372, 396, 348, 348, 276, 300, 276]",44.51464848274652,11.319441798749056,16940,17315.0
0.127 3.69 4 1,"[240, 216, 108, 132, 168, 168, 120, 84, 96, 72, 108, 96, 60, 108, 60, 48, 84, 60, 60, 36, 72, 72, 36, 48, 72, 36, 48, 96, 48, 36, 24, 72, 24, 24, 48, 48, 24, 48, 24, 24, 84, 36, 12, 36, 12, 48, 60, 36, 36, 72, 36, 60, 36, 120, 48, 108, 108, 144, 60, 96, 144, 156, 72, 204, 120, 240, 192, 168, 204, 324, 168, 168, 372, 384, 288, 408, 408, 744, 468, 660, 756, 588, 732, 636, 1044, 972, 1368, 1548, 1644, 1692, 1968, 1728, 1752, 1764, 1548, 1848, 1908, 1200, 1128, 1464, 1656, 1668, 1032, 1272, 1368, 1428, 1308, 1308, 1080, 1344, 984, 1260, 912, 1152, 1260, 1224, 1320, 1116, 1068, 1200, 1164, 1008, 1128, 1020, 948, 1260, 1044, 1032, 1284, 1284, 1008, 1164, 1188, 1128, 1128, 1284, 1080, 960, 1152, 1128, 1008, 1164, 816, 1164, 1056, 1164, 1272, 1068, 1092, 1008, 1044, 1128, 1344, 1284, 1056, 1308, 1116, 1284, 1380, 1140, 984, 960, 1056, 1128, 1224, 1104, 1176, 1188, 1140, 1212, 1188, 1428, 1344, 1296, 1224, 1236, 1296, 1200, 1368, 1284, 1260, 1116, 1032, 696, 1428, 996, 1332, 1308, 1332, 1044, 1464, 1512, 1308, 1284, 1440, 1368, 1440, 1176, 1140, 1368, 1416, 1392, 1140, 1320, 1500, 1632, 1464, 1476, 1452, 1488, 1416, 1404, 1248, 1272, 1260, 1188, 1200, 1548, 1476, 1596, 1260, 1080, 1152, 1164, 1080, 1236, 1188, 1032, 912, 1128, 1140, 1140, 1284, 1008, 996, 1080, 1392, 1344, 1008, 960, 972, 1188, 1236, 1320, 888, 984, 768, 816, 996, 840, 636, 576, 768, 636, 804, 612, 564, 612, 408, 276, 468, 336, 516, 408, 528, 468, 432, 312, 576, 408, 360, 408, 456, 384, 384, 300, 324, 408, 456, 348, 432, 588, 408, 492, 432, 384, 396, 516]",44.51443355041675,11.31926615315844,16940,17315.0
0.127 3.81 8 1,"[12, 36, 60, 24, 12, 24, 12, 24, 48, 0, 24, 0, 36, 0, 12, 12, 48, 0, 0, 24, 12, 0, 0, 12, 0, 12, 0, 12, 0, 0, 0, 0, 12, 0, 0, 0, 0, 0, 0, 0, 12, 24, 0, 12, 0, 0, 12, 24, 0, 0, 12, 0, 0, 0, 0, 0, 0, 0, 12, 0, 12, 12, 36, 12, 12, 0, 48, 12, 12, 12, 24, 24, 24, 36, 24, 48, 24, 60, 12, 60, 96, 84, 120, 84, 108, 108, 192, 108, 204, 204, 264, 312, 204, 348, 276, 276, 288, 216, 204, 240, 252, 204, 144, 240, 192, 276, 132, 192, 192, 156, 108, 72, 192, 72, 72, 84, 156, 180, 156, 156, 240, 180, 132, 96, 156, 204, 144, 132, 144, 168, 156, 84, 192, 132, 108, 108, 108, 24, 72, 156, 204, 132, 48, 168, 144, 180, 132, 96, 204, 72, 96, 84, 132, 120, 108, 144, 120, 96, 60, 96, 180, 108, 216, 120, 180, 204, 240, 180, 192, 96, 216, 96, 216, 144, 168, 168, 192, 84, 108, 120, 216, 108, 156, 96, 168, 132, 168, 180, 192, 84, 180, 144, 108, 96, 168, 144, 192, 216, 156, 156, 132, 216, 216, 108, 204, 228, 240, 204, 156, 204, 132, 252, 216, 96, 168, 156, 108, 132, 132, 204, 192, 216, 96, 204, 180, 108, 96, 60, 132, 60, 132, 168, 120, 108, 120, 156, 132, 192, 108, 96, 108, 156, 216, 168, 72, 48, 132, 72, 12, 84, 60, 108, 36, 36, 36, -1, -1, 60, 60, 36, 60, 72, 48, 12, 36, 72, 36, 12, 24, 72, 24, 72, 48, 60, -1, -1, -1, -1, 120, 108, 36, 72, 36, 72, 72, 36, 24, 48]",44.5215720381255,11.3290670740572,8949,8939.0
0.127 3.81 10 1,"[156, 168, 168, 156, 180, 216, 156, 168, 120, 156, 120, 72, 84, 96, 84, 132, 144, 96, 144, 96, 96, 108, 72, 36, 12, 72, 24, 24, 48, 48, 12, 12, 36, 12, 24, 36, 24, 0, 12, 36, 36, 60, 24, 24, 12, 48, 0, 24, 48, 36, 36, 60, 48, 12, 24, 48, 72, 72, 120, 108, 36, 84, 120, 120, 132, 144, 132, 120, 132, 132, 168, 132, 132, 168, 132, 108, 228, 204, 240, 288, 360, 408, 312, 456, 348, 324, 372, 480, 456, 576, 552, 468, 492, 504, 348, 480, 540, 552, 528, 504, 480, 648, 468, 480, 612, 648, 564, 612, 636, 624, 588, 564, 600, 648, 540, 468, 672, 516, 480, 696, 600, 456, 588, 684, 600, 492, 576, 468, 636, 600, 624, 600, 528, 636, 564, 612, 504, 660, 552, 384, 588, 624, 564, 444, 492, 444, 348, 624, 576, 636, 696, 576, 600, 636, 600, 492, 504, 408, 456, 420, 696, 552, 600, 624, 540, 540, 624, 504, 432, 552, 744, 564, 564, 600, 576, 492, 636, 564, 660, 480, 636, 444, 732, 696, 468, 612, 648, 600, 492, 600, 576, 612, 600, 588, 624, 588, 576, 672, 564, 624, 756, 540, 600, 660, 588, 588, 636, 576, 636, 492, 732, 756, 588, 756, 684, 612, 528, 612, 504, 624, 672, 588, 612, 576, 492, 504, 408, 504, 624, 600, 660, 516, 564, 456, 456, 576, 420, 444, 516, 516, 384, 444, 528, 468, 432, 516, 384, 540, 492, 408, 408, 336, 264, 252, 276, -1, -1, 276, 300, 312, 312, 324, 228, 252, 216, 144, 288, 240, 300, 168, 180, 204, 204, 276, -1, -1, -1, -1, 276, 264, 204, 228, 192, 168, 192, 156, 216, 252]",44.5243545195269,11.3303668431129,17230,8939.0
0.127 3.83 2 1,"[120, 60, 60, 84, 60, 72, 60, 60, 108, 60, 48, 24, 36, 12, 24, 36, 0, 24, 24, 72, 12, 24, 24, 0, 12, 36, 0, 24, 24, 24, 0, 12, 36, 12, 12, 0, 12, 36, 0, 12, 0, 12, 12, 0, 24, 0, 12, 0, 24, 24, 60, 0, 24, 12, 24, 24, 12, 48, 0, 36, 60, 60, 60, 60, 120, 48, 120, 84, 72, 48, 108, 108, 144, 168, 144, 144, 192, 300, 204, 228, 252, 240, 408, 480, 144, 612, 564, 480, 636, 636, 744, 684, 816, 540, 288, 12, 672, 84, 624, 36, 432, 696, 660, 480, 456, 420, 240, 228, 336, 156, 336, 156, 360, 600, 324, 540, 240, 216, 432, 552, 336, 420, 552, 480, 384, 444, 408, 432, 360, 252, 492, 552, 252, 408, 264, 300, 444, 432, 420, 300, 336, 348, 300, 372, 360, 408, 420, 324, 372, 264, 348, 360, 336, 432, 300, 444, 300, 312, 276, 288, 372, 372, 324, 360, 468, 444, 528, 324, 348, 228, 336, 420, 384, 396, 348, 276, 420, 336, 492, 396, 276, 396, 396, 420, 420, 408, 420, 360, 324, 384, 384, 408, 468, 420, 408, 384, 528, 624, 444, 420, 432, 588, 360, 444, 492, 432, 372, 540, 444, 504, 552, 372, 348, 468, 456, 432, 432, 540, 384, 564, 492, 444, 192, 468, 432, 360, 420, 360, 384, 300, 348, 384, 300, 420, 300, 324, 396, 444, 360, 336, 312, 60, 228, 276, 180, 228, 168, 216, 240, 240, 252, 168, 156, 288, 180, 168, 168, 168, 192, 84, 84, 144, 216, 156, 132, 168, 48, 156, 156, 180, 84, 120, 96, 120, 108, 120, 216, 72, 132, 72, 180, 120, 120, 108, 132, 72, 60, 72]",44.523491159581326,11.3191150049104,8933,14294.0
0.127 3.83 4 1,"[0, 0, 0, 0, 0, 0, 0, 0, 0, 0, 0, 0, 0, 0, 0, 0, 0, 0, 0, 0, 0, 0, 0, 0, 0, 0, 0, 0, 0, 0, 0, 0, 0, 0, 0, 0, 0, 0, 0, 0, 0, 0, 0, 0, 0, 0, 0, 0, 0, 0, 0, 0, 0, 0, 0, 0, 0, 0, 0, 0, 0, 0, 0, 0, 0, 0, 0, 0, 0, 0, 0, 0, 0, 0, 0, 0, 0, 0, 0, 0, 0, 0, 0, 0, 0, 0, 0, 0, 0, 0, 0, 0, 0, 0, 0, 0, 0, 0, 0, 0, 0, 0, 0, 0, 0, 0, 0, 0, 0, 0, 0, 0, 0, 0, 0, 0, 0, 0, 0, 0, 0, 0, 0, 0, 0, 0, 0, 0, 0, 0, 0, 0, 0, 0, 0, 0, 0, 0, 0, 0, 0, 0, 0, 0, 0, 0, 0, 0, 0, 0, 0, 0, 0, 0, 0, 0, 0, 0, 0, 0, 0, 0, 0, 0, 0, 0, 0, 0, 0, 0, 0, 0, 0, 0, 0, 0, 0, 0, 0, 0, 0, 0, 0, 0, 0, 0, 0, 0, 0, 0, 0, 0, 0, 0, 0, 0, 0, 0, 0, 0, 0, 0, 0, 0, 0, 0, 0, 0, 0, 0, 0, 0, 0, 0, 0, 0, 0, 0, 0, 0, 0, 0, 0, 0, 0, 0, 0, 0, 0, 0, 0, 0, 0, 0, 0, 0, 0, 0, 0, 0, 0, 0, 0, 0, 0, 0, 0, 0, 0, 0, 0, 0, 0, 0, 0, 0, 0, 0, 0, 0, 0, 0, 0, 0, 0, 0, 0, 0, 0, 0, 0, 0, 0, 0, 0, 0, 0, 0, 0, 0, 0, 0, 0, 0, 0, 0, 0, 0]",44.522988037178486,11.320000166568722,8948,13762.0
0.127 3.83 6 1,"[120, 72, 60, 132, 0, 24, 84, 36, 108, 48, 12, 36, 36, 72, 48, 36, 48, 24, 12, 36, 48, 48, 12, 24, 24, 12, 24, 24, 24, 24, 12, 24, 0, 0, 0, 12, 24, 0, 48, 0, 24, 0, 36, 0, 12, 0, 12, 12, 12, 24, 0, 0, 24, 12, 12, 24, 24, 12, 24, 36, 12, 12, 12, 0, 24, 36, 48, 24, 60, 84, 60, 96, 60, 72, 48, 156, 60, 180, 132, 120, 132, 132, 192, 132, 96, 132, 132, 144, 108, 144, 168, 156, 216, 216, 240, 264, 216, 156, 144, 348, 216, 192, 252, 204, 252, 324, 276, 120, 144, 204, 336, 252, 276, 216, 156, 168, 228, 264, 432, 216, 180, 264, 300, 228, 288, 324, 396, 276, 168, 288, 384, 228, 360, 276, 228, 396, 360, 228, 360, 444, 372, 336, 216, 252, 348, 288, 312, 348, 240, 396, 276, 300, 240, 216, 408, 336, 228, 420, 336, 252, 480, 276, 216, 432, 252, 288, 276, 240, 276, 504, 300, 372, 264, 324, 372, 384, 324, 480, 396, 288, 288, 300, 288, 276, 264, 288, 96, 312, 240, 396, 264, 312, 408, 420, 288, 312, 288, 324, 480, 420, 444, 444, 336, 348, 252, 516, 372, 432, 360, 468, 384, 276, 408, 408, 360, 264, 456, 408, 564, 468, 348, 444, 408, 444, 396, 264, 432, 300, 264, 372, 384, 180, 372, 420, 384, 228, 396, 348, 444, 300, 276, 420, 276, 300, 324, 180, 204, 264, 228, 168, 336, 84, 156, 144, 168, 180, 228, 192, 204, 120, 180, 132, 180, 132, 204, 108, 168, 120, 108, 60, 84, 96, 84, 96, 60, 132, 120, 168, 108, 48, 96, 120, 120, 144, 108, 120, 156, 108]",44.522613111533786,11.320009691202626,8948,13784.0
0.127 3.83 8 1,"[24, 0, 12, 12, 0, 12, 12, 12, 12, 48, 0, 12, 24, 12, 0, 0, 0, 0, 12, 0, 12, 24, 0, 12, 12, 0, 0, 0, 0, 0, 0, 12, 0, 0, 12, 0, 24, 0, 0, 0, 0, 0, 0, 0, 0, 0, 0, 0, 0, 0, 0, 12, 0, 12, 12, 0, 0, 12, 0, 12, 0, 12, 0, 12, 12, 12, 0, 60, 24, 0, 24, 0, 12, 12, 12, 12, 0, 0, 24, 48, 12, 48, 36, 60, 72, 60, 72, 60, 108, 120, 156, 204, 192, 252, 324, 216, 228, 336, 252, 228, 300, 228, 204, 264, 264, 216, 216, 204, 120, 132, 144, 132, 144, 96, 96, 108, 228, 120, 96, 96, 120, 96, 48, 96, 72, 60, 108, 84, 132, 48, 48, 48, 72, 48, 72, 132, 60, 48, 108, 84, 120, 96, 108, 108, 48, 48, 12, 72, 108, 132, 132, 132, 108, 60, 84, 60, 72, 60, 108, 48, 36, 96, 60, 96, 84, 60, 60, 36, 84, 132, 144, 96, 48, 36, 60, 132, 156, 36, 36, 84, 84, 84, 96, 84, 84, 96, 132, 48, 60, 60, 84, 180, 84, 192, 216, 96, 120, 108, 120, 84, 168, 120, 144, 288, 252, 108, 168, 144, 120, 144, 204, 216, 84, 156, 216, 132, 192, 108, 96, 192, 144, 156, 156, 144, 96, 132, 120, 144, 120, 60, 156, 72, 96, 144, 108, 108, 84, 72, 48, 24, 144, 84, 60, 108, 60, 60, 24, 36, 48, 108, 24, 60, 132, 72, 36, 60, 12, 36, 48, 24, 84, 12, 24, 12, 36, 36, 24, 24, 36, 0, 24, 12, 24, 12, 24, 36, 24, 12, 0, 36, 48, 24, 36, 0, 12, 24, 36, 12]",44.5228216458155,11.319067499201044,8946,14290.0
0.127 3.84 2 1,"[96, 60, 84, 60, 72, 72, 60, 48, 36, 36, 48, 60, 36, 36, 12, 12, 24, 24, 48, 24, 48, 48, 60, 84, 72, 48, 0, 0, 0, 12, 36, 12, 36, 12, 12, 0, 0, 36, 0, 24, 0, 36, 12, 12, 0, 12, 12, 12, 12, 0, 24, 12, 12, 48, 0, 0, 0, 0, 24, 36, 72, 24, 12, 60, 36, 60, 36, 36, 84, 24, 48, 84, 24, 60, 72, 156, 120, 72, 168, 192, 96, 132, 180, 108, 192, 276, 240, 372, 372, 396, 480, 552, 492, 432, 492, 480, 420, 384, 468, 456, 408, 504, 420, 432, 468, 444, 696, 468, 540, 384, 420, 372, 420, 432, 324, 372, 192, 480, 468, 312, 324, 336, 456, 408, 252, 312, 348, 216, 180, 432, 300, 456, 312, 336, 396, 288, 468, 444, 336, 384, 336, 336, 360, 324, 348, 300, 420, 372, 456, 288, 324, 360, 492, 480, 480, 480, 408, 432, 564, 252, 336, 480, 360, 504, 516, 432, 360, 432, 336, 468, 420, 360, 372, 300, 348, 312, 384, 348, 288, 396, 396, 384, 324, 360, 432, 396, 432, 336, 252, 432, 276, 324, 312, 360, 420, 408, 348, 324, 324, 408, 456, 456, 384, 480, 408, 468, 576, 348, 396, 444, 504, 492, 492, 588, 444, 384, 468, 336, 540, 468, 408, 324, 504, 360, 420, 348, 408, 372, 408, 276, 372, 372, 372, 384, 372, 384, 360, 372, 312, 312, 156, 288, 336, 324, 336, 252, 240, 276, 252, 252, 288, 192, 288, 252, 120, 180, 192, 156, 192, 180, 108, 180, 108, 168, 60, 108, 144, 204, 72, 168, 120, 132, 132, 132, 84, 120, 36, 168, 108, 132, 180, 132, 108, 156, 156, 132, 132, 168]",44.5169386740545,11.3421320424681,10675,10673.0
0.127 3.84 6 1,"[0, 0, 0, 0, 0, 0, 0, 0, 0, 0, 0, 0, 0, 0, 0, 0, 0, 0, 0, 0, 0, 0, 0, 0, 0, 0, 0, 0, 0, 0, 0, 0, 0, 0, 0, 0, 0, 0, 0, 0, 0, 0, 0, 0, 0, 0, 0, 0, 0, 0, 0, 0, 0, 0, 0, 0, 0, 0, 0, 0, 0, 0, 0, 0, 0, 0, 0, 0, 0, 0, 0, 0, 0, 0, 0, 0, 0, 0, 0, 0, 0, 0, 0, 0, 0, 0, 0, 0, 0, 0, 0, 0, 0, 0, 0, 0, 0, 0, 0, 0, 0, 0, 0, 0, 0, 0, 0, 0, 0, 0, 0, 0, 0, 0, 0, 0, 0, 0, 0, 0, 0, 0, 0, 0, 0, 0, 0, 0, 0, 0, 0, 0, 0, 0, 0, 0, 0, 0, 0, 0, 0, 0, 0, 0, 0, 0, 0, 0, 0, 0, 0, 0, 0, 0, 0, 0, 0, 0, 0, 0, 0, 0, 0, 0, 0, 0, 0, 0, 0, 0, 0, 0, 0, 0, 0, 0, 0, 0, 0, 0, 0, 0, 0, 0, 0, 0, 0, 0, 0, 0, 0, 0, 0, 0, 0, 0, 0, 0, 0, 0, 0, 0, 0, 0, 0, 0, 0, 0, 0, 0, 0, 0, 0, 0, 0, 0, 0, 0, 0, 0, 0, 0, 0, 0, 0, 0, 0, 0, 0, 0, 0, 0, 0, 0, 0, 0, 0, 0, 0, 0, 0, 0, 0, 0, 0, 0, 0, 0, 0, 0, 0, 0, 0, 0, 0, 0, 0, 0, 0, 0, 0, 0, 0, 0, 0, 0, 0, 0, 0, 0, 0, 0, 0, 0, 0, 0, 0, 0, 0, 0, 0, 0, 0, 0, 0, 0, 0, 0]",44.5165805261076,11.3423249815095,10419,10673.0
0.127 3.84 7 1,"[-1, -1, -1, -1, -1, -1, -1, -1, -1, -1, -1, -1, -1, -1, -1, -1, -1, -1, -1, -1, -1, -1, -1, -1, -1, -1, -1, -1, -1, -1, -1, -1, -1, -1, -1, -1, -1, -1, -1, -1, -1, -1, -1, -1, -1, -1, -1, -1, -1, -1, -1, -1, -1, -1, -1, -1, -1, -1, -1, -1, -1, -1, -1, -1, -1, -1, -1, -1, -1, -1, -1, -1, -1, -1, -1, -1, -1, -1, -1, -1, -1, -1, -1, -1, -1, -1, -1, -1, -1, -1, -1, -1, -1, -1, -1, -1, -1, -1, -1, -1, -1, -1, -1, -1, -1, -1, -1, -1, -1, -1, -1, -1, -1, -1, -1, -1, -1, -1, -1, -1, -1, -1, -1, -1, -1, -1, -1, -1, -1, -1, -1, -1, -1, -1, -1, -1, -1, -1, -1, -1, -1, -1, -1, -1, -1, -1, -1, -1, -1, -1, -1, -1, -1, -1, -1, -1, -1, -1, -1, -1, -1, -1, -1, -1, -1, -1, -1, -1, -1, -1, -1, -1, -1, -1, -1, -1, -1, -1, -1, -1, -1, -1, -1, -1, -1, -1, -1, -1, -1, -1, -1, -1, -1, -1, -1, -1, -1, -1, -1, -1, -1, -1, -1, -1, -1, -1, -1, -1, -1, -1, -1, -1, -1, -1, -1, -1, -1, -1, -1, -1, -1, -1, -1, -1, -1, -1, -1, -1, -1, -1, -1, -1, -1, -1, -1, -1, -1, -1, -1, -1, -1, -1, -1, -1, -1, -1, -1, -1, -1, -1, -1, -1, -1, -1, -1, -1, -1, -1, -1, -1, -1, -1, -1, -1, -1, -1, -1, -1, -1, -1, -1, -1, -1, -1, -1, -1, -1, -1, -1, -1, -1, -1, -1, -1, -1, -1, -1, -1]",,,,
0.127 3.84 8 1,"[0, 0, 0, 0, 0, 0, 0, 0, 0, 0, 0, 0, 0, 0, 0, 0, 0, 0, 0, 0, 0, 0, 0, 0, 0, 0, 0, 0, 0, 0, 0, 0, 0, 0, 0, 0, 0, 0, 0, 0, 0, 0, 0, 0, 0, 0, 0, 0, 0, 0, 0, 0, 0, 0, 0, 0, 0, 0, 0, 0, 0, 0, 0, 0, 0, 0, 0, 0, 0, 0, 0, 0, 0, 0, 0, 0, 0, 0, 0, 0, 0, 0, 0, 0, 0, 0, 0, 0, 0, 0, 0, 0, 0, 0, 0, 0, 0, 0, 0, 0, 0, 0, 0, 0, 0, 0, 0, 0, 0, 0, 0, 0, 0, 0, 0, 0, 0, 0, 0, 0, 0, 0, 0, 0, 0, 0, 0, 0, 0, 0, 0, 0, 0, 0, 0, 0, 0, 0, 0, 0, 0, 0, 0, 0, 0, 0, 0, 0, 0, 0, 0, 0, 0, 0, 0, 0, 0, 0, 0, 0, 0, 0, 0, 0, 0, 0, 0, 0, 0, 0, 0, 0, 0, 0, 0, 0, 0, 0, 0, 0, 0, 0, 0, 0, 0, 0, 0, 0, 0, 0, 0, 0, 0, 0, 0, 0, 0, 0, 0, 0, 0, 0, 0, 0, 0, 0, 0, 0, 0, 0, 0, 0, 0, 0, 0, 0, 0, 0, 0, 0, 0, 0, 0, 0, 0, 0, 0, 0, 0, 0, 0, 0, 0, 0, 0, 0, 0, 0, 0, 0, 0, 0, 0, 0, 0, 0, 0, 0, 0, 0, 0, 0, 0, 0, 0, 0, 0, 0, 0, 0, 0, 0, 0, 0, 0, 0, 0, 0, 0, 0, 0, 0, 0, 0, 0, 0, 0, 0, 0, 0, 0, 0, 0, 0, 0, 0, 0, 0]",44.5167722296285,11.3419366407781,13771,10673.0
0.127 3.86 2 1,"[24, 24, 60, 12, 24, 36, 24, 12, 24, 48, 36, 12, 48, 12, 36, 48, 0, 12, 0, 0, 48, 24, 0, 12, 0, 12, 12, 12, 12, 0, 0, 24, 0, 0, 24, 12, 0, 0, 24, 0, 0, 0, 12, 0, 0, 0, 24, 12, 0, 0, 12, 12, 12, 12, 12, 0, 12, 24, 24, 24, 84, 12, 12, 36, 36, 36, 60, 0, 24, 72, 36, 72, 60, 12, 12, 12, 60, 48, 96, 12, 72, 132, 96, 96, 48, 108, 84, 108, 96, 168, 36, 156, 204, 156, 204, 156, 180, 96, 192, 204, 144, 144, 180, 144, 144, 132, 132, 192, 120, 108, 132, 180, 84, 168, 96, 84, 120, 36, 96, 132, 156, 120, 72, 96, 96, 84, 144, 168, 132, 108, 132, 72, 84, 36, 60, 96, 72, 156, 108, 108, 48, 108, 72, 48, 120, 120, 96, 144, 72, 120, 180, 96, 72, 132, 216, 132, 156, 108, 84, 108, 144, 168, 24, 96, 132, 84, 120, 240, 60, 132, 108, 120, 120, 60, 96, 60, 120, 120, 72, 132, 132, 144, 84, 96, 144, 132, 84, 48, 48, 132, 84, 60, 96, 120, 144, 132, 204, 132, 156, 120, 120, 108, 168, 72, 132, 144, 72, 120, 204, 132, 168, 120, 216, 84, 144, 192, 120, 144, 120, 84, 120, 108, 108, 72, 84, 132, 72, 108, 120, 120, 132, 60, 84, 108, 48, 72, 108, 48, 96, 108, 96, 48, 36, 108, 48, 12, 60, 48, 60, 60, 60, 60, 48, 24, 12, 96, 84, 24, 36, 72, 72, 24, 72, 72, 84, 0, 12, 60, 48, 36, 84, 72, 108, 24, 48, 96, 12, 36, 24, 72, 24, 72, 24, 24, 24, 0, 0, 84]",44.518650463753,11.3564470154479,10152,10776.0
0.127 3.86 3 1,"[72, 72, 96, 84, 48, 84, 36, 60, 72, 36, 72, 60, 36, 24, 24, 60, 12, 24, 36, 36, 12, 48, 36, 24, 24, 0, 0, 36, 12, 0, 12, 24, 0, 0, 24, 24, 0, 12, 0, 0, 12, 0, 0, 0, 0, 0, 36, 60, 0, 12, 0, 24, 24, 48, 0, 12, 12, 24, 60, 12, 84, 12, 36, 12, 48, 48, 72, 36, 24, 96, 48, 108, 48, 72, 60, 48, 60, 48, 156, 48, 132, 144, 60, 108, 96, 132, 84, 96, 216, 156, 216, 192, 252, 192, 180, 216, 216, 240, 252, 276, 204, 240, 204, 252, 180, 120, 420, 132, 276, 240, 264, 204, 144, 312, 276, 192, 156, 132, 120, 228, 156, 252, 240, 180, 180, 240, 132, 216, 144, 216, 108, 156, 168, 120, 156, 108, 180, 288, 168, 156, 192, 180, 132, 180, 132, 180, 144, 240, 192, 204, 252, 168, 144, 216, 240, 192, 132, 276, 288, 252, 192, 204, 168, 132, 180, 192, 144, 216, 168, 144, 96, 192, 96, 360, 180, 192, 216, 204, 276, 144, 228, 216, 264, 156, 228, 204, 264, 252, 252, 168, 180, 204, 252, 180, 288, 180, 252, 252, 276, 240, 168, 156, 384, 348, 300, 264, 276, 336, 300, 372, 288, 192, 264, 264, 324, 240, 240, 300, 264, 228, 228, 384, 192, 324, 264, 240, 192, 216, 204, 240, 132, 264, 108, 192, 240, 144, 168, 156, 192, 204, 168, 132, 276, 144, 180, 228, 132, 108, 132, 72, 144, 120, 120, 72, 108, 192, 108, 132, 108, 96, 48, 144, 132, 96, 168, 96, 72, 84, 96, 108, 72, 144, 132, 156, 108, 108, 108, 48, 168, 108, 72, 108, 72, 36, 60, 96, 60, 108]",44.5184343889742,11.3566935508876,10776,10767.0
0.127 3.86 6 1,"[108, 96, 60, 72, 108, 96, 72, 108, 48, 120, 72, 12, 72, 72, 84, 48, 60, 48, 24, 36, 84, 48, 48, 48, 60, 12, 48, 48, 48, 12, 12, 12, 0, 36, 0, 12, 0, 48, 60, 0, 24, 0, 24, 0, 12, 12, 24, 36, 0, 24, 36, 12, 24, 36, 48, 12, 12, 24, 36, 60, 108, 36, 60, 36, 60, 84, 108, 156, 108, 156, 72, 204, 120, 60, 120, 132, 204, 204, 144, 252, 156, 216, 312, 252, 336, 348, 324, 432, 396, 588, 504, 552, 720, 612, 612, 660, 648, 720, 612, 648, 504, 468, 780, 468, 660, 708, 588, 624, 444, 480, 600, 588, 372, 552, 468, 468, 468, 432, 420, 480, 384, 468, 480, 516, 468, 384, 396, 588, 444, 492, 540, 444, 468, 408, 492, 480, 432, 516, 372, 372, 408, 672, 432, 408, 552, 528, 396, 564, 468, 468, 552, 480, 372, 492, 504, 552, 492, 552, 396, 516, 576, 552, 396, 540, 576, 552, 396, 456, 420, 588, 636, 516, 540, 492, 492, 348, 480, 540, 396, 624, 384, 408, 636, 480, 672, 456, 564, 492, 444, 648, 492, 396, 588, 504, 540, 552, 516, 528, 516, 720, 528, 708, 564, 492, 552, 540, 468, 540, 708, 420, 744, 672, 552, 612, 492, 684, 600, 576, 576, 696, 684, 636, 540, 552, 648, 636, 468, 552, 504, 480, 588, 552, 600, 552, 528, 384, 516, 324, 456, 420, 552, 300, 420, 360, 372, 336, 384, 432, 384, 288, 360, 336, 264, 276, 216, 360, 360, 300, 240, 324, 168, 192, 300, 276, 180, 120, 216, 180, 240, 192, 300, 180, 288, 204, 300, 132, 144, 252, 156, 168, 168, 108, 144, 72, 168, 132, 132, 168]",44.5182700605139,11.356192271576,10775,10772.0
0.127 3.87 2 1,"[24, 84, 12, 48, 24, 36, 48, 24, 48, 36, 60, 12, 0, 0, 12, 0, 36, 24, 12, 0, 0, 12, 0, 12, 0, 0, 0, 12, 12, 12, 0, 12, 0, 12, 0, 0, 0, 12, 12, 12, 0, 0, 0, 0, 0, 0, 12, 0, 0, 12, 0, 0, 0, 0, 12, 24, 24, 12, 0, 0, 0, 12, 0, 12, 12, 12, 24, 24, 24, 24, 0, 0, 24, 48, 0, 24, 60, 24, 24, 60, 48, 48, 108, 72, 36, 84, 120, 204, 156, 408, 444, 456, 612, 600, 360, 540, 360, 180, 264, 204, 192, 252, 180, 300, 252, 276, 240, 288, 288, 252, 228, 180, 84, 180, 144, 228, 228, 96, 144, 180, 156, 192, 192, 120, 168, 96, 84, 180, 96, 156, 168, 108, 168, 156, 120, 192, 132, 264, 84, 168, 252, 192, 228, 132, 144, 120, 132, 240, 156, 156, 180, 96, 216, 36, 276, 192, 180, 204, 348, 216, 276, 228, 300, 252, 276, 252, 168, 252, 144, 240, 156, 192, 180, 192, 216, 228, 240, 204, 108, 132, 168, 180, 216, 168, 252, 300, 300, 312, 204, 264, 360, 216, 144, 264, 228, 264, 336, 336, 168, 192, 300, 204, 216, 120, 360, 312, 372, 324, 288, 240, 240, 252, 228, 240, 288, 204, 168, 168, 156, 360, 300, 288, 276, 228, 300, 288, 180, 144, 228, 168, 180, 192, 144, 156, 168, 144, 276, 156, 156, 216, 120, 192, 132, 132, 252, 240, 96, 96, 72, 192, 180, 96, 72, 108, 144, 48, 108, 120, 48, 84, 72, 132, 96, 84, 60, 120, 48, 132, 132, 60, 96, 72, 48, 60, 108, 48, 72, 48, 132, 24, 36, 36, 12, 36, 72, 84, 72, 36]",44.508560104800296,11.350739242428771,10392,10322.0
0.127 3.87 8 1,"[84, 72, 48, 48, 36, 24, 60, 36, 60, 12, 12, 36, 0, 60, 24, 24, 12, 48, 12, 24, 36, 12, 24, 48, 0, 24, 0, 48, 0, 24, 12, 12, 0, 12, 0, 24, 0, 24, 12, 12, 0, 12, 0, 12, 0, 12, 0, 0, 12, 0, 12, 0, 0, 0, 12, 12, 0, 0, 12, 24, 36, 0, 24, 24, 12, 0, 36, 120, 0, 12, 24, 0, 24, 24, 12, 36, 12, 24, 48, 12, 60, 48, 24, 60, 84, 72, 84, 120, 72, 228, 336, 336, 240, 264, 204, 336, 240, 252, 216, 192, 84, 132, 216, 228, 240, 240, 216, 300, 144, 276, 144, 180, 252, 252, 180, 60, 96, 156, 96, 144, 120, 84, 144, 72, 108, 120, 108, 120, 180, 264, 252, 144, 192, 108, 180, 156, 96, 84, 36, 192, 132, 168, 132, 192, 192, 192, 96, 120, 132, 192, 204, 84, 156, 192, 132, 96, 192, 312, 348, 264, 180, 228, 168, 252, 180, 132, 276, 192, 180, 204, 192, 156, 180, 192, 192, 216, 240, 72, 180, 252, 180, 180, 36, 240, 168, 60, 240, 288, 276, 192, 192, 300, 108, 300, 276, 360, 252, 228, 252, 240, 204, 372, 276, 204, 228, 264, 324, 228, 252, 240, 300, 216, 168, 300, 228, 252, 216, 216, 240, 300, 252, 264, 324, 264, 228, 36, 276, 156, 240, 228, 144, 180, 132, 144, 132, 192, 204, 156, 132, 156, 96, 204, 192, 84, 180, 12, 204, 120, 108, 72, 132, 48, 48, 96, 108, 72, 60, 96, 48, 48, 48, 84, 48, 108, 72, 72, 72, 108, 96, 120, 96, 144, 48, 48, 60, 60, 84, 108, 60, 60, 84, 24, 48, 48, 36, 84, 120, 96]",44.508393245937,11.35047699537373,10322,10388.0
0.127 3.88 4 1,"[84, 36, 60, 84, 48, 36, 0, 60, 24, 24, 60, 24, 36, 60, 48, 36, 36, 24, 24, 12, 24, 0, 48, 24, 12, 0, 12, 24, 0, 0, 12, 12, 0, 12, 12, 24, 12, 12, 0, 0, 24, 12, 0, 0, 12, 12, 24, 0, 36, 0, 24, 12, 12, 48, 60, 36, 24, 48, 12, 48, 72, 48, 72, 24, 108, 72, 72, 84, 72, 72, 60, 60, 96, 96, 96, 108, 156, 180, 168, 204, 132, 204, 216, 252, 432, 432, 420, 432, 456, 648, 588, 552, 648, 480, 684, 600, 696, 612, 708, 456, 540, 516, 588, 648, 432, 624, 588, 408, 492, 420, 432, 396, 348, 348, 288, 300, 300, 276, 324, 360, 288, 360, 288, 324, 252, 312, 300, 276, 336, 336, 300, 312, 360, 192, 312, 216, 252, 300, 276, 228, 276, 240, 168, 276, 312, 300, 240, 300, 132, 0, 204, 240, 264, 348, 300, 336, 456, 492, 480, 432, 384, 396, 372, 276, 480, 372, 324, 240, 396, 420, 552, 420, 336, 636, 504, 372, 384, 360, 480, 324, 336, 300, 432, 300, 372, 276, 324, 336, 324, 252, 408, 396, 432, 492, 456, 624, 396, 648, 456, 396, 372, 456, 444, 408, 348, 372, 432, 504, 420, 300, 384, 396, 600, 396, 432, 492, 396, 336, 540, 456, 108, 0, 240, 288, 456, 324, 480, 384, 324, 192, 312, 348, 288, 324, 324, 408, 372, 516, 372, 300, 336, 204, 336, 276, 228, 264, 312, 252, 264, 204, 240, 144, 180, 120, 96, 180, 132, 156, 168, 180, 120, 144, 156, 216, 144, 168, 132, 108, 132, 48, 132, 96, 132, 168, 60, 120, 72, 120, 108, 96, 144, 156, 108, 144, 84, 36, 108, 36]",44.5091367043883,11.3702339463537,14563,15108.0
0.127 3.88 8 2,"[0, 0, 0, 0, 0, 0, 0, 0, 0, 0, 0, 0, 0, 0, 0, 0, 0, 0, 0, 0, 0, 0, 0, 0, 0, 0, 0, 0, 0, 0, 0, 0, 0, 0, 0, 0, 0, 0, 0, 0, 0, 0, 0, 0, 0, 0, 0, 0, 0, 0, 0, 0, 0, 0, 0, 0, 0, 0, 0, 0, 0, 0, 0, 0, 0, 0, 0, 0, 0, 0, 0, 0, 0, 0, 0, 0, 0, 0, 0, 12, 0, 12, 0, 0, 12, 0, 0, 0, 12, 0, 0, 12, 0, 0, 0, 0, 0, 12, 0, 0, 0, 0, 0, 0, 0, 0, 0, 0, 0, 0, 0, 0, 0, 0, 0, 0, 0, 0, 0, 0, 0, 0, 0, 0, 0, 0, 12, 0, 0, 0, 0, 0, 12, 0, 0, 0, 12, 0, 0, 0, 0, 0, 0, 0, 0, 0, 0, 0, 0, 0, 0, 0, 0, 0, 0, 0, 0, 0, 0, 0, 0, 0, 0, 0, 0, 0, 12, 0, 12, 0, 0, 0, 0, 0, 0, 0, 0, 0, 0, 12, 0, 0, 0, 12, 0, 0, 0, 0, 0, 0, 0, 0, 0, 0, 0, 0, 0, 0, 0, 0, 0, 0, 0, 0, 0, 0, 0, 0, 0, 0, 0, 0, 0, 0, 0, 0, 0, 0, 0, 0, 0, 0, 0, 0, 0, 0, 0, 0, 0, 12, 0, 24, 24, 12, 12, 0, 0, 0, 0, 0, 0, 12, 0, 12, 0, 0, 0, 0, 0, 0, 0, 0, 0, 0, 0, 0, 0, 0, 0, 0, 0, 0, 0, 0, 0, 0, 0, 0, 0, 0, 0, 0, 0, 0, 0, 0, 0, 12, 0, 0, 0, 0, 0, 0, 0, 0, 0, 0]",44.5094943118922,11.3699275621472,15108,17048.0
0.127 3.88 10 1,"[84, 72, 96, 36, 48, 60, 60, 12, 24, 24, 36, 48, 0, 36, 24, 12, 48, 36, 12, 36, 24, 48, 36, 12, 12, 24, 24, 24, 0, 12, 0, 36, 36, 0, 0, 0, 0, 12, 0, 36, 36, 12, 0, 0, 0, 12, 0, 0, 24, 24, 12, 12, 24, 12, 0, 0, 0, 24, 12, 0, 24, 12, 0, 48, 12, 24, 12, 24, 12, 12, 36, 12, 84, 36, 36, 36, 72, 72, 96, 72, 12, 60, 60, 72, 132, 192, 120, 144, 168, 108, 240, 360, 276, 444, 336, 240, 288, 312, 216, 216, 240, 180, 288, 168, 336, 168, 240, 264, 240, 216, 240, 192, 192, 252, 108, 144, 192, 156, 288, 144, 144, 180, 72, 120, 228, 72, 168, 132, 204, 96, 144, 108, 228, 192, 168, 180, 240, 204, 132, 156, 216, 144, 156, 144, 252, 204, 180, 132, 192, 204, 204, 336, 240, 156, 180, 204, 168, 192, 144, 216, 192, 240, 156, 228, 264, 264, 204, 144, 240, 144, 300, 216, 252, 180, 216, 192, 156, 216, 144, 180, 108, 144, 240, 168, 180, 180, 228, 264, 156, 192, 300, 108, 204, 108, 276, 240, 264, 156, 216, 168, 192, 192, 204, 324, 192, 252, 468, 300, 300, 252, 276, 252, 264, 408, 204, 336, 420, 264, 216, 396, 456, 144, 324, 228, 288, 264, 312, 276, 240, 216, 276, 204, 216, 288, 192, 228, 156, 180, 216, 180, 288, 132, 180, 180, 252, 120, 240, 144, 228, 120, 216, 240, 84, 156, 180, 216, 120, 132, 120, 204, 108, 216, 156, 108, 156, 132, 72, 228, 96, 156, 108, 24, 72, 96, 60, 132, 108, 120, 84, 72, 60, 84, 72, 84, 72, 84, 36, 108]",44.5097545007963,11.3702196342924,13181,15108.0
0.127 3.89 2 1,"[0, 0, 0, 0, 0, 0, 0, 0, 0, 0, 0, 0, 0, 0, 0, 0, 0, 0, 0, 0, 0, 0, 0, 0, 0, 0, 0, 0, 0, 0, 0, 0, 0, 0, 0, 0, 0, 0, 0, 0, 0, 0, 0, 0, 0, 0, 0, 0, 0, 0, 0, 0, 0, 0, 0, 0, 0, 0, 0, 0, 0, 0, 0, 0, 0, 0, 0, 0, 0, 0, 0, 0, 0, 0, 0, 0, 0, 0, 0, 0, 0, 0, 0, 0, 0, 0, 0, 0, 0, 0, 0, 0, 0, 0, 0, 0, 0, 0, 0, 0, 0, 0, 0, 0, 0, 0, 0, 0, 0, 0, 0, 0, 0, 0, 0, 0, 0, 0, 0, 0, 0, 0, 0, 0, 0, 0, 0, 0, 0, 0, 0, 0, 0, 0, 0, 0, 0, 0, 0, 0, 0, 0, 0, 0, 0, 0, 0, 0, 0, 0, 0, 0, 0, 0, 0, 0, 0, 0, 0, 0, 0, 0, 0, 0, 0, 0, 0, 0, 0, 0, 0, 0, 0, 0, 0, 0, 0, 0, 0, 0, 0, 0, 0, 0, 0, 0, 0, 0, 0, 0, 0, 0, 0, 0, 0, 0, 0, 0, 0, 0, 0, 0, 0, 0, 0, 0, 0, 0, 0, 0, 0, 0, 0, 0, 0, 0, 0, 0, 0, 0, 0, 0, 0, 0, 0, 0, 0, 0, 0, 0, 0, 0, 0, 0, 0, 0, 0, 0, 0, 0, 0, 0, 0, 0, 0, 0, 0, 0, 0, 0, 0, 0, 0, 0, 0, 0, 0, 0, 0, 0, 0, 0, 0, 0, 0, 0, 0, 0, 0, 0, 0, 0, 0, 0, 0, 0, 0, 0, 0, 0, 0, 0, 0, 0, 0, 0, 0, 0]",44.5000712671199,11.3732762693682,10544,10539.0
0.127 3.89 4 1,"[48, 12, 36, 24, 24, 12, 48, 36, 36, 12, 24, 12, 48, 12, 24, 24, 24, 12, 0, 0, 36, 12, 24, 12, 12, 24, 0, 12, 12, 0, 0, 0, 24, 12, 12, 0, 0, 12, 0, 0, 0, 12, 24, 0, 12, 12, 0, 0, 12, 12, 0, 0, 12, 0, 0, 36, 24, 0, 12, 0, 36, 12, 24, 12, 36, 0, 48, 0, 36, 48, 12, 96, 48, 24, 72, 48, 72, 108, 48, 84, 84, 60, 60, 132, 168, 120, 144, 168, 156, 120, 288, 228, 312, 204, 372, 348, 300, 336, 288, 300, 252, 300, 300, 252, 384, 324, 276, 360, 240, 264, 300, 132, 240, 144, 132, 276, 216, 132, 132, 168, 240, 120, 192, 132, 168, 288, 192, 252, 204, 252, 240, 144, 168, 216, 348, 204, 240, 264, 216, 204, 252, 264, 216, 192, 240, 300, 192, 216, 240, 216, 228, 348, 216, 216, 180, 228, 216, 324, 300, 228, 300, 228, 168, 228, 312, 324, 264, 336, 204, 168, 288, 192, 240, 240, 204, 264, 288, 156, 228, 156, 192, 300, 132, 348, 264, 252, 252, 180, 204, 240, 240, 192, 252, 276, 324, 408, 396, 288, 252, 264, 372, 240, 360, 324, 228, 300, 456, 372, 336, 324, 312, 372, 420, 444, 288, 420, 432, 312, 348, 396, 336, 240, 240, 264, 384, 312, 300, 432, 252, 228, 300, 252, 276, 216, 264, 300, 300, 144, 312, 180, 252, 204, 132, 240, 252, 180, 192, 120, 84, 84, 120, 144, 84, 96, 96, 84, 120, 132, 72, 48, 96, 96, 144, 72, 156, 96, 36, 144, 60, 60, 36, 36, 60, 72, 60, 48, 48, 72, 48, 72, 84, 96, 36, 72, 60, 48, 36, 60]",44.4996807974347,11.373605357169,13041,10539.0
0.127 3.89 6 1,"[84, 84, 84, 96, 60, 84, 72, 24, 72, 72, 12, 60, 36, 36, 36, 96, 12, 36, 12, 12, 48, 36, 12, 0, 12, 12, 24, 0, 0, 24, 12, 12, 0, 0, 12, 36, 12, 0, 36, 0, 0, 12, 12, 0, 12, 0, 12, 0, 0, 12, 12, 12, 24, 12, 12, 24, 0, 24, 36, 24, 24, 48, 36, 72, 0, 24, 60, 60, 36, 72, 60, 48, 72, 60, 120, 36, 36, 180, 192, 132, 168, 204, 240, 252, 228, 372, 432, 408, 528, 600, 828, 648, 912, 912, 876, 744, 804, 624, 684, 732, 936, 924, 756, 720, 708, 852, 672, 684, 684, 600, 492, 504, 588, 432, 480, 600, 444, 552, 444, 492, 444, 432, 348, 456, 432, 420, 372, 408, 504, 456, 492, 540, 384, 456, 336, 504, 456, 420, 372, 516, 504, 648, 396, 468, 396, 528, 684, 708, 480, 432, 552, 564, 636, 468, 516, 516, 576, 492, 492, 420, 408, 384, 444, 480, 480, 528, 516, 492, 492, 504, 516, 492, 612, 516, 480, 516, 396, 516, 336, 420, 468, 432, 456, 456, 504, 396, 360, 408, 468, 492, 492, 540, 456, 624, 636, 492, 564, 576, 732, 528, 432, 720, 576, 684, 504, 624, 888, 744, 780, 708, 636, 816, 600, 744, 780, 588, 708, 624, 744, 792, 756, 732, 744, 552, 516, 588, 480, 552, 540, 576, 564, 528, 516, 468, 324, 420, 492, 612, 576, 456, 528, 564, 588, 504, 456, 348, 432, 516, 360, 324, 204, 288, 132, 276, 216, 216, 180, 192, 168, 252, 228, 180, 252, 168, 240, 132, 132, 168, 72, 192, 144, 204, 180, 120, 132, 132, 108, 96, 120, 192, 120, 156, 264, 72, 60, 132, 48, 72]",44.4995320603747,11.3732419756135,10516,10539.0
0.127 3.89 8 1,"[24, 72, 0, 12, 60, 12, 24, 12, 60, 12, 24, 24, 24, 24, 0, 0, 0, 36, 0, 0, 36, 12, 12, 0, 0, 0, 0, 12, 12, 12, 0, 0, 0, 0, 0, 12, 12, 0, 0, 0, 0, 0, 0, 0, 0, 12, 12, 12, 0, 0, 12, 12, 12, 12, 36, 0, 0, 24, 12, 24, 12, 24, 0, 12, 12, 12, 12, 72, 0, 0, 12, 12, 36, 12, 24, 60, 24, 48, 48, 36, 60, 84, 72, 132, 84, 72, 72, 252, 132, 180, 204, 84, 156, 276, 312, 264, 300, 312, 264, 300, 240, 324, 276, 300, 228, 204, 252, 216, 228, 144, 216, 108, 156, 156, 120, 108, 180, 192, 204, 192, 120, 132, 144, 168, 168, 120, 180, 216, 120, 228, 180, 144, 204, 156, 144, 120, 192, 72, 120, 144, 144, 120, 108, 72, 180, 132, 48, 156, 132, 168, 180, 180, 120, 48, 72, 132, 192, 144, 132, 96, 264, 144, 156, 156, 108, 132, 132, 204, 96, 228, 180, 180, 240, 288, 144, 156, 120, 204, 216, 120, 156, 72, 204, 132, 156, 108, 48, 156, 168, 108, 144, 96, 168, 180, 204, 228, 204, 108, 108, 204, 120, 264, 192, 168, 264, 132, 180, 96, 168, 156, 216, 240, 216, 204, 216, 240, 156, 120, 156, 192, 216, 192, 180, 168, 168, 168, 144, 120, 288, 120, 156, 180, 120, 144, 132, 192, 180, 180, 192, 120, 120, 120, 132, 60, 144, 120, 144, 96, 84, 108, 84, 84, 60, 12, 60, 72, 12, 36, 84, 132, 132, 60, 60, 12, 12, 96, 36, 72, 24, 60, 108, 84, 36, 60, 12, 72, 60, 60, 36, 108, 60, 144, 144, 84, 84, 36, 60, 96]",44.4998932893995,11.3728670312021,10535,10539.0
0.127 3.90 2 1,"[72, 96, 60, 48, 72, 48, 36, 12, 12, 0, 24, 24, 60, 12, 36, 36, 60, 48, 0, 12, 24, 12, 24, 0, 12, 0, 48, 12, 24, 24, 24, 12, 12, 36, 24, 36, 0, 12, 12, 36, 24, 12, 12, 0, 36, 0, 48, 24, 24, 0, 36, 24, 60, 48, 48, 60, 48, 96, 60, 48, 84, 108, 108, 96, 168, 180, 216, 192, 168, 156, 144, 144, 192, 276, 192, 204, 240, 264, 276, 324, 360, 312, 336, 576, 648, 480, 636, 672, 624, 768, 684, 732, 696, 660, 672, 636, 600, 612, 624, 552, 636, 684, 732, 720, 636, 624, 528, 624, 576, 672, 528, 552, 540, 516, 624, 588, 552, 468, 528, 384, 492, 384, 468, 540, 504, 420, 564, 468, 504, 276, 456, 396, 372, 372, 528, 372, 528, 336, 540, 504, 300, 420, 396, 396, 444, 348, 408, 480, 384, 336, 564, 576, 516, 588, 372, 480, 420, 372, 348, 492, 324, 420, 372, 360, 348, 396, 564, 312, 516, 384, 480, 420, 564, 420, 468, 360, 444, 336, 480, 456, 540, 564, 552, 564, 456, 468, 432, 600, 540, 252, 420, 408, 360, 576, 396, 348, 468, 456, 396, 636, 516, 516, 444, 480, 636, 600, 612, 648, 684, 636, 564, 588, 540, 720, 600, 600, 420, 492, 480, 444, 444, 432, 432, 348, 444, 384, 480, 432, 420, 300, 408, 528, 420, 288, 336, 336, 408, 408, 456, 312, 264, 432, 360, 192, 252, 180, 276, 252, 228, 228, 228, 180, 120, 180, 240, 144, 48, 192, 228, 132, 132, 192, 96, 96, 168, 96, 144, 216, 168, 96, 156, 108, 132, 108, 144, 72, 192, 72, 108, 72, 192, 180, 72, 84, 108, 96, 192, 120]",44.52426826666227,11.410765190552794,10991,16138.0
0.127 3.90 4 1,"[12, 12, 0, 0, 12, 0, 0, 12, 0, 0, 0, 12, 0, 0, 0, 12, 0, 0, 0, 0, 0, 0, 0, 12, 12, 12, 0, 0, 0, 0, 0, 0, 24, 0, 12, 0, 0, 0, 0, 0, 12, 0, 0, 0, 0, 0, 0, 12, 0, 0, 0, 0, 0, 0, 0, 0, 0, 12, 12, 0, 0, 0, 12, 12, 24, 12, 12, 12, 12, 0, 0, 0, 24, 24, 24, 24, 12, 36, 24, 48, 48, 48, 36, 24, 36, 12, 84, 72, 192, 180, 108, 96, 216, 204, 120, 192, 144, 180, 120, 168, 120, 156, 72, 180, 108, 168, 156, 84, 72, 120, 108, 48, 96, 24, 108, 60, 24, 48, 60, 96, 72, 192, 48, 60, 48, 84, 72, 72, 48, 108, 36, 72, 72, 156, 60, 156, 84, 60, 108, 96, 36, 156, 60, 24, 60, 132, 84, 72, 48, 72, 108, 36, 84, 60, 84, 96, 36, 108, 48, 96, 36, 36, 60, 48, 36, 84, 36, 60, 48, 60, 96, 84, 84, 72, 72, 120, 96, 84, 48, 48, 48, 144, 168, 60, 72, 72, 72, 96, 96, 168, 72, 36, 48, 144, 36, 60, 144, 144, 72, 96, 132, 84, 120, 84, 96, 132, 132, 60, 156, 156, 96, 228, 144, 108, 144, 168, 96, 168, 144, 144, 72, 72, 60, 48, 60, 60, 144, 84, 24, 60, 48, 60, 60, 156, 36, 48, 48, 60, 24, 36, 60, 24, 48, 48, 48, 0, 12, 12, 36, 0, 12, 36, 36, 12, 24, 24, 24, 24, 36, 36, 36, 0, 60, 36, 36, 12, 12, 36, 60, 24, 0, 36, 60, 24, 0, 36, 36, 12, 0, 0, 24, 12, 24, 24, 48, 36, 36, 60]",44.52410940013124,11.410578972327496,10991,11010.0
0.127 3.90 6 1,"[132, 156, 108, 48, 96, 96, 156, 48, 108, 96, 36, 96, 84, 36, 84, 24, 48, 36, 84, 60, 48, 60, 36, 60, 12, 24, 48, 48, 48, 36, 24, 0, 24, 24, 0, 24, 0, 36, 12, 36, 24, 12, 12, 0, 0, 12, 24, 12, 0, 12, 24, 36, 24, 48, 84, 24, 0, 72, 72, 60, 24, 36, 72, 72, 72, 72, 48, 84, 72, 84, 60, 60, 72, 156, 96, 180, 108, 120, 84, 204, 168, 228, 216, 264, 216, 372, 192, 312, 312, 276, 300, 240, 312, 468, 492, 540, 468, 456, 456, 468, 504, 396, 480, 444, 552, 324, 372, 372, 396, 300, 432, 396, 324, 336, 444, 312, 492, 384, 396, 420, 420, 360, 324, 408, 444, 396, 456, 384, 468, 576, 336, 408, 456, 432, 468, 456, 480, 360, 384, 348, 384, 384, 492, 492, 336, 360, 348, 396, 420, 420, 420, 528, 672, 396, 552, 444, 516, 516, 408, 540, 684, 492, 348, 432, 276, 408, 588, 348, 372, 396, 480, 612, 432, 600, 432, 408, 600, 528, 528, 312, 480, 576, 672, 432, 456, 552, 420, 492, 372, 480, 480, 432, 456, 552, 552, 408, 516, 588, 576, 648, 456, 444, 696, 504, 468, 552, 504, 480, 420, 456, 624, 576, 696, 576, 396, 588, 432, 504, 552, 648, 456, 576, 516, 408, 660, 492, 588, 576, 432, 576, 384, 552, 708, 432, 456, 492, 372, 360, 468, 360, 480, 408, 396, 372, 324, 420, 288, 336, 348, 264, 312, 372, 180, 204, 276, 180, 204, 156, 156, 132, 144, 156, 120, 156, 180, 96, 120, 228, 108, 228, 168, 120, 180, 144, 96, 108, 96, 84, 108, 96, 156, 192, 216, 228, 132, 156, 108, 180]",44.52403243227343,11.410369186317224,10991,10992.0
0.127 3.90 8 1,"[0, 0, 0, 0, 0, 0, 0, 0, 0, 0, 0, 0, 0, 0, 0, 0, 0, 0, 0, 0, 0, 0, 0, 0, 0, 0, 0, 0, 0, 0, 0, 0, 0, 0, 0, 0, 0, 0, 0, 0, 0, 0, 0, 0, 0, 0, 0, 0, 0, 0, 0, 0, 0, 0, 0, 0, 0, 0, 0, 0, 0, 0, 0, 0, 0, 0, 0, 0, 0, 0, 0, 0, 0, 0, 0, 0, 0, 0, 0, 0, 0, 0, 0, 0, 0, 0, 0, 0, 0, 0, 0, 0, 0, 0, 0, 0, 0, 0, 0, 0, 0, 0, 0, 0, 0, 0, 0, 0, 0, 0, 0, 0, 0, 0, 0, 0, 0, 0, 0, 0, 0, 0, 0, 0, 0, 0, 0, 0, 0, 0, 0, 0, 0, 0, 0, 0, 0, 0, 0, 0, 0, 0, 0, 0, 0, 0, 0, 0, 0, 0, 0, 0, 0, 0, 0, 0, 0, 0, 0, 0, 0, 0, 0, 0, 0, 0, 0, 0, 0, 0, 0, 0, 0, 0, 0, 0, 0, 0, 0, 0, 0, 0, 0, 0, 0, 0, 0, 0, 0, 0, 0, 0, 0, 0, 0, 0, 0, 0, 0, 0, 0, 0, 0, 0, 0, 0, 0, 0, 0, 0, 0, 0, 0, 0, 0, 0, 0, 0, 0, 0, 0, 0, 0, 0, 0, 0, 0, 0, 0, 0, 0, 0, 0, 0, 0, 0, 0, 0, 0, 0, 0, 0, 0, 0, 0, 0, 0, 0, 0, 0, 0, 0, 0, 0, 0, 0, 0, 0, 0, 0, 0, 0, 0, 0, 0, 0, 0, 0, 0, 0, 0, 0, 0, 0, 0, 0, 0, 0, 0, 0, 0, 0, 0, 0, 0, 0, 0, 0]",44.524141955894045,11.410457548192957,13561,10991.0
0.127 3.91 4 1,"[156, 228, 168, 120, 108, 204, 96, 84, 24, 36, 60, 48, 48, 120, 84, 72, 60, 60, 108, 60, 0, 36, 72, 60, 12, 36, 72, 120, 12, 24, 36, 0, 24, 24, 36, 36, 12, 36, 0, 0, 12, 12, 0, 24, 12, 24, 24, 36, 24, 24, 12, 0, 12, 24, 24, 36, 108, 48, 96, 48, 84, 24, 120, 60, 72, 156, 96, 120, 120, 96, 120, 108, 132, 276, 228, 192, 240, 276, 204, 252, 240, 324, 300, 408, 480, 516, 588, 660, 636, 1164, 1056, 912, 1188, 1032, 1212, 1272, 1428, 1152, 924, 960, 924, 984, 840, 1092, 1032, 1224, 864, 972, 744, 636, 648, 936, 720, 648, 564, 660, 708, 552, 468, 480, 444, 660, 456, 528, 660, 384, 672, 516, 576, 588, 444, 336, 696, 588, 420, 432, 600, 564, 420, 528, 660, 480, 480, 348, 468, 528, 492, 504, 516, 396, 636, 540, 672, 504, 588, 480, 588, 1020, 528, 516, 564, 480, 540, 516, 636, 672, 552, 540, 540, 720, 636, 696, 588, 636, 564, 696, 684, 588, 636, 408, 624, 432, 636, 672, 516, 576, 420, 588, 480, 792, 792, 576, 744, 564, 804, 636, 708, 648, 576, 648, 696, 660, 648, 540, 468, 744, 732, 720, 744, 708, 840, 696, 672, 852, 600, 708, 720, 768, 720, 756, 804, 636, 756, 792, 780, 720, 468, 720, 624, 372, 480, 456, 480, 600, 492, 576, 504, 588, 528, 468, 456, 312, 396, 444, 384, 444, 360, 324, 420, 384, 348, 240, 300, 240, 336, 216, 288, 336, 192, 264, 204, 204, 168, 192, 180, 132, 264, 156, 192, 204, 216, 156, 252, 228, 120, 192, 168, 168, 204, 144, 84, 204, 180, 120, 168, 180, 180, 132]",44.5071286928842,11.3644494581845,17518,16625.0
0.127 3.92 2 1,"[168, 96, 84, 156, 72, 72, 48, 72, 60, 48, 24, 72, 84, 84, 96, 24, 84, 36, 60, 108, 72, 72, 108, 36, 48, 12, 48, 60, 60, 48, 60, 48, 96, 36, 72, 108, 60, 60, 12, 60, 84, 24, 60, 72, 84, 72, 108, 132, 108, 60, 96, 108, 60, 96, 60, 36, 132, 120, 144, 84, 72, 144, 180, 120, 252, 180, 156, 324, 252, 204, 204, 216, 240, 396, 372, 264, 372, 384, 324, 348, 384, 396, 516, 588, 660, 624, 528, 636, 780, 840, 840, 900, 960, 888, 816, 1056, 852, 876, 984, 1032, 876, 876, 1080, 888, 1080, 936, 924, 720, 660, 756, 708, 636, 684, 492, 516, 636, 588, 552, 600, 552, 540, 576, 600, 636, 732, 660, 648, 624, 540, 540, 432, 576, 492, 528, 612, 660, 588, 576, 396, 684, 576, 444, 540, 480, 504, 576, 456, 504, 540, 732, 516, 576, 756, 696, 564, 780, 600, 696, 480, 504, 612, 732, 612, 600, 708, 612, 528, 516, 672, 792, 744, 552, 552, 612, 720, 780, 528, 540, 516, 492, 600, 672, 684, 648, 552, 612, 432, 732, 756, 720, 540, 624, 648, 588, 708, 696, 672, 684, 588, 600, 792, 840, 792, 720, 768, 852, 864, 996, 756, 804, 828, 900, 804, 804, 876, 840, 780, 744, 912, 804, 792, 756, 780, 456, 804, 660, 564, 672, 540, 636, 552, 672, 624, 864, 672, 516, 540, 468, 576, 528, 372, 348, 456, 408, 480, 348, 264, 492, 276, 384, 228, 288, 348, 492, 324, 348, 276, 96, 240, 168, 264, 96, 336, 132, 168, 216, 252, 204, 276, 228, 240, 216, 180, 108, 192, 144, 216, 108, 72, 144, 228, 204, 228, 72, 180, 156, 216, 96]",44.517957266652,11.3897853137123,16904,15791.0
0.127 3.92 4 1,"[0, 0, 12, 0, 48, 12, 36, 12, 12, 0, 0, 12, 0, 0, 24, 0, 0, 0, 0, 0, 0, 0, 12, 12, 0, 0, 0, 0, 0, 0, 0, 0, 12, 0, 12, 12, 0, 0, 0, 12, 0, 12, 0, 0, 0, 0, 0, 0, 0, 0, 0, 0, 0, 0, 0, 0, 0, 0, 0, 0, 0, 0, 0, 0, 0, 12, 0, 12, 0, 12, 0, 48, 0, 0, 0, 0, 0, 24, 0, 12, 0, 0, 12, 12, 24, 48, 0, 24, 48, 24, 60, 96, 36, 60, 24, 48, 72, 36, 60, 36, 36, 36, 36, 36, 60, 48, 24, 36, 12, 60, 0, 12, 24, 24, 0, 24, 24, 12, 0, 24, 12, 0, 0, 0, 24, 48, 0, 0, 24, 0, 60, 24, 36, 12, 12, 0, 12, 24, 0, 24, 48, 0, 0, 12, 0, 12, 24, 24, 24, 0, 12, 12, 12, 12, 12, 12, 12, 12, 12, 12, 0, 24, 0, 12, 36, 12, 0, 24, 12, 24, 36, 24, 12, 12, 36, 0, 12, 24, 12, 0, 12, 0, 36, 72, 36, 24, 12, 24, 12, 12, 12, 12, 0, 36, 12, 12, 12, 12, 36, 24, 60, 36, 36, 0, 48, 0, 12, 12, 0, 36, 12, 24, 36, 24, 36, 48, 12, 24, 24, 24, 24, 36, 24, 24, 0, 0, 36, 12, 0, 0, 0, 0, 0, 24, 0, 12, 12, 12, 0, 12, 12, 0, 12, 0, 0, 12, 12, 0, 0, 0, 0, 0, 0, 24, 0, 12, 36, 24, 0, 12, 12, 12, 0, 0, 0, 12, 0, 0, 0, 12, 0, 12, 12, 12, 12, 0, 0, 0, 12, 0, 0, 0, 12, 0, 12, 12, 0, 0]",44.5176960007123,11.3892392160731,15792,15791.0
0.127 3.92 8 1,"[36, 0, 12, 36, 24, 24, 24, 12, 12, 12, 12, 12, 12, 12, 12, 0, 0, 0, 12, 24, 0, 0, 12, 24, 0, 0, 0, 24, 12, 12, 0, 0, 0, 0, 0, 12, 12, 12, 12, 24, 0, 12, 24, 24, 0, 24, 0, 0, 0, 0, 0, 0, 0, 0, 0, 0, 36, 12, 12, 0, 12, 24, 48, 48, 48, 48, 48, 24, 48, 48, 60, 0, 36, 36, 12, 12, 60, 96, 48, 72, 96, 72, 96, 168, 132, 192, 204, 168, 252, 288, 288, 360, 432, 372, 384, 348, 384, 372, 420, 408, 384, 456, 312, 336, 324, 264, 240, 240, 204, 288, 228, 204, 204, 168, 168, 240, 228, 132, 180, 132, 144, 168, 84, 192, 204, 156, 144, 168, 216, 156, 192, 192, 144, 144, 84, 228, 192, 120, 168, 192, 180, 156, 144, 180, 96, 228, 192, 168, 168, 180, 204, 240, 228, 156, 228, 228, 156, 108, 168, 168, 180, 108, 96, 132, 180, 144, 192, 120, 180, 156, 72, 132, 84, 180, 192, 204, 216, 192, 120, 168, 60, 204, 228, 204, 204, 192, 228, 156, 192, 132, 240, 180, 144, 288, 168, 264, 120, 240, 264, 216, 324, 240, 156, 240, 372, 396, 420, 336, 372, 264, 276, 348, 276, 252, 240, 312, 252, 396, 396, 396, 228, 240, 288, 264, 216, 192, 300, 144, 192, 228, 144, 96, 108, 156, 192, 96, 72, 84, 96, 108, 60, 132, 120, 48, 84, 72, 72, 48, 96, 84, 36, 60, 36, 24, 48, 60, 48, 96, 72, 48, 96, 24, 12, 24, 24, 24, 36, 36, 60, 0, 12, 24, 48, 36, 48, 48, 48, 48, 48, 12, 60, 60, 60, 24, 24, 12, 24, 12]",44.5183654552317,11.3895161490067,10985,15791.0
0.127 3.93 4 1,"[0, 0, 0, 0, 0, 12, 0, 0, 0, 0, 12, 0, 0, 0, 0, 0, 0, 0, 0, 0, 0, 0, 0, 0, 0, 0, 12, 0, 0, 0, 0, 0, 0, 0, 0, 0, 0, 0, 0, 0, 0, 0, 0, 0, 0, 12, 0, 0, 0, 0, 12, 0, 0, 0, 0, 0, 0, 12, 0, 0, 0, 0, 0, 0, 0, 24, 12, 0, 36, 24, 12, 0, 12, 24, 0, 24, 12, 24, 12, 36, 36, 96, 24, 0, 72, 108, 24, 108, 168, 180, 180, 192, 156, 252, 216, 168, 240, 204, 144, 312, 288, 168, 156, 204, 288, 216, 300, 48, 132, 60, 96, 48, 48, 96, 108, 48, 36, 84, 72, 48, 24, 36, 48, 36, 48, 36, 24, 60, 24, 84, 24, 24, 24, 60, 24, 48, 60, 12, 12, 36, 48, 60, 48, 60, 36, 60, 36, 24, 12, 48, 60, 24, 24, 60, 36, 60, 48, 72, 48, 60, 48, 24, 0, 48, 60, 72, 36, 36, 72, 60, 96, 60, 12, 24, 72, 48, 48, 36, 36, 60, 36, 48, 24, 48, 12, 24, 48, 36, 96, 48, 36, 96, 36, 60, 48, 48, 96, 24, 84, 36, 48, 72, 60, 96, 72, 24, 48, 84, 48, 120, 24, 36, 72, 48, 60, 96, 60, 48, 84, 108, 60, 36, 60, 36, 96, 36, 60, 60, 72, 96, 24, 12, 24, 72, 24, 60, 36, 36, 72, 12, 36, 24, 36, 0, 36, 0, 24, 12, 24, 24, 12, 24, 12, 24, 0, 0, 12, 48, 36, 24, 0, 12, 12, 24, 0, 0, 24, 12, 24, 12, 0, 12, 12, 24, 12, 12, 0, 0, 0, 24, 12, 12, 12, 0, 0, 0, 0, 0]",44.5181320170998,11.381752851058,17349,15789.0
0.127 3.93 6 1,"[276, 300, 192, 204, 240, 156, 240, 144, 180, 216, 156, 288, 204, 168, 180, 216, 156, 120, 168, 144, 180, 156, 156, 144, 180, 132, 132, 108, 120, 132, 60, 144, 108, 96, 144, 144, 108, 36, 84, 60, 144, 60, 48, 60, 48, 84, 108, 120, 84, 60, 84, 36, 84, 60, 156, 144, 120, 120, 156, 156, 84, 96, 168, 168, 204, 168, 228, 264, 180, 300, 288, 228, 132, 144, 240, 132, 228, 252, 288, 372, 408, 384, 504, 504, 732, 540, 516, 744, 852, 612, 720, 840, 876, 624, 1212, 912, 936, 1116, 1080, 1008, 864, 804, 936, 864, 900, 612, 852, 696, 648, 708, 720, 684, 708, 528, 576, 600, 528, 612, 660, 744, 528, 360, 660, 552, 564, 552, 600, 552, 876, 588, 576, 480, 528, 612, 696, 576, 456, 648, 600, 504, 636, 756, 492, 528, 564, 636, 552, 672, 480, 624, 804, 804, 624, 864, 828, 588, 732, 828, 816, 924, 720, 696, 900, 552, 576, 612, 756, 540, 672, 732, 684, 900, 792, 816, 720, 780, 876, 684, 552, 636, 720, 768, 624, 708, 744, 720, 636, 696, 696, 804, 708, 732, 840, 852, 696, 984, 876, 960, 780, 732, 948, 816, 828, 780, 828, 972, 876, 888, 804, 996, 756, 828, 540, 876, 696, 768, 708, 684, 804, 816, 744, 864, 840, 732, 852, 756, 912, 804, 516, 612, 444, 588, 708, 624, 756, 600, 636, 552, 492, 444, 492, 420, 576, 420, 636, 348, 444, 348, 408, 288, 360, 228, 324, 252, 312, 264, 264, 108, 288, 228, 180, 336, 300, 312, 216, 216, 168, 288, 252, 264, 216, 192, 228, 228, 228, 204, 216, 288, 168, 156, 312, 240, 180, 192, 276, 180, 192, 336]",44.5176422952597,11.3816808772175,13395,15789.0
0.127 3.93 8 1,"[12, 24, 24, 36, 24, 36, 24, 24, 0, 0, 12, 0, 24, 12, 0, 24, 24, 24, 0, 0, 0, 0, 0, 12, 0, 0, 0, 0, 0, 24, 0, 12, 12, 0, 0, 12, 0, 0, 0, 12, 12, 0, 0, 0, 12, 0, 12, 0, 24, 0, 12, 12, 0, 24, 12, 0, 48, 0, 12, 24, 12, 12, 24, 0, 24, 12, 24, 36, 48, 24, 60, 12, 0, 12, 24, 48, 24, 48, 60, 36, 72, 108, 72, 120, 156, 96, 156, 180, 72, 216, 216, 300, 372, 372, 276, 144, 348, 264, 228, 264, 300, 252, 276, 216, 156, 276, 240, 240, 120, 108, 252, 120, 180, 156, 180, 252, 96, 84, 180, 108, 120, 36, 84, 144, 108, 84, 96, 108, 84, 132, 60, 84, 144, 84, 120, 120, 120, 96, 84, 132, 96, 84, 180, 120, 132, 144, 96, 156, 144, 144, 180, 276, 204, 216, 192, 192, 132, 204, 168, 132, 108, 96, 108, 156, 108, 216, 84, 144, 48, 168, 132, 132, 132, 60, 48, 120, 108, 132, 144, 156, 96, 96, 180, 132, 132, 132, 264, 120, 204, 192, 132, 84, 108, 168, 396, 312, 180, 156, 168, 264, 216, 288, 192, 204, 288, 324, 324, 264, 336, 228, 252, 276, 396, 168, 420, 240, 228, 216, 360, 324, 336, 216, 276, 312, 144, 288, 120, 156, 192, 120, 144, 156, 132, 84, 96, 72, 132, 60, 96, 72, 36, 144, 144, 48, 48, 60, 84, 60, 60, 48, 48, 48, 36, 24, 12, 84, 48, 60, 48, 48, 36, 48, 36, 12, 24, 72, 84, 24, 12, 48, 12, 0, 48, 36, 36, 24, 48, 24, 24, 72, 12, 36, 12, 24, 12, 36, 12, 12]",44.5176521492238,11.3821597954981,10614,15789.0
0.127 3.94 2 1,"[72, 84, 48, 48, 60, 24, 48, 24, 36, 0, 24, 0, 12, 0, 0, 12, 24, 24, 12, 0, 0, 12, 12, 0, 48, 12, 24, 0, 0, 0, 0, 0, 0, 0, 12, 0, 0, 0, 0, 24, 0, 12, 12, 0, 12, 0, 0, 12, 0, 0, 0, 24, 12, 12, 0, 12, 12, 0, 12, 0, 0, 48, 0, 12, 0, 12, 24, 12, 24, 0, 0, 12, 60, 36, 48, 48, 36, 84, 84, 12, 48, 48, 60, 84, 108, 72, 36, 228, 72, 144, 228, 324, 204, 228, 324, 384, 360, 420, 348, 264, 252, 324, 360, 180, 276, 180, 264, 288, 180, 120, 252, 264, 132, 192, 252, 264, 204, 228, 216, 240, 156, 228, 276, 120, 240, 264, 108, 84, 144, 216, 156, 192, 84, 132, 132, 240, 240, 168, 180, 228, 144, 132, 204, 192, 204, 300, 84, 252, 216, 396, 276, 180, 252, 168, 384, 300, 156, 396, 240, 216, 348, 276, 228, 240, 348, 324, 132, 120, 216, 240, 180, 324, 156, 264, 216, 156, 348, 372, 240, 432, 168, 168, 252, 300, 240, 336, 228, 300, 240, 264, 228, 156, 144, 252, 180, 312, 264, 276, 300, 360, 192, 264, 276, 360, 300, 240, 408, 336, 228, 408, 348, 456, 456, 432, 432, 264, 372, 204, 420, 324, 384, 288, 348, 288, 288, 264, 132, 276, 204, 192, 192, 156, 156, 156, 192, 384, 348, 72, 192, 192, 192, 108, 240, 132, 84, 156, 132, 96, 108, 156, 36, 120, 168, 144, 72, 96, 72, 108, 72, 48, 48, 60, 132, 60, 156, 108, 96, 96, 60, 24, 48, 60, 12, 0, 60, 48, 36, 72, 84, 108, 36, 0, 48, 240, 48, 108, 60, 72]",44.5373123872789,11.3513144551183,11057,16569.0
0.127 3.94 6 1,"[36, 24, 24, 84, 12, 24, 36, 12, 36, 24, 0, 0, 12, 12, 12, 24, 36, 0, 24, 36, 0, 12, 12, 12, 12, 24, 24, 0, 0, 0, 12, 24, 12, 0, 0, 24, 12, 0, 24, 0, 12, 0, 12, 12, 12, 12, 12, 24, 0, 0, 0, 24, 0, 12, 12, 0, 24, 0, 0, 0, 24, 0, 0, 24, 12, 12, 36, 24, 36, 12, 48, 24, 48, 0, 24, 12, 72, 72, 84, 48, 84, 24, 36, 72, 132, 132, 108, 132, 144, 168, 204, 228, 156, 144, 264, 192, 288, 216, 372, 300, 216, 324, 252, 324, 288, 168, 252, 300, 276, 300, 312, 180, 240, 240, 228, 168, 240, 252, 192, 180, 180, 168, 192, 240, 312, 216, 240, 228, 252, 132, 180, 264, 168, 264, 300, 240, 264, 168, 252, 228, 300, 228, 372, 228, 288, 252, 360, 252, 288, 264, 252, 372, 300, 300, 324, 432, 324, 396, 360, 324, 348, 324, 240, 384, 312, 372, 276, 252, 276, 384, 252, 216, 228, 228, 264, 324, 228, 216, 204, 156, 204, 252, 228, 252, 180, 228, 180, 180, 300, 240, 252, 300, 360, 216, 276, 276, 384, 204, 228, 396, 336, 396, 288, 456, 312, 396, 384, 228, 348, 252, 360, 336, 384, 408, 312, 348, 384, 228, 360, 180, 348, 432, 264, 432, 204, 240, 264, 360, 240, 264, 216, 216, 144, 204, 276, 96, 240, 276, 252, 216, 132, 144, 204, 192, 132, 144, 204, 120, 252, 72, 132, 156, 144, 84, 108, 120, 132, 84, 108, 36, 96, 72, 60, 132, 48, 48, 48, 96, 48, 60, 72, 60, 108, 84, 36, 96, 60, 36, 60, 60, 36, 96, 96, 96, 36, 12, 108, 84]",44.536707546577,11.3506540768714,10737,11057.0
0.127 3.95 2 1,"[24, 36, 0, 24, 12, 36, 12, 12, 0, 0, 24, 12, 0, 12, 0, 0, 12, 0, 0, 12, 24, 0, 24, 0, 0, 12, 0, 12, 12, 24, 0, 0, 24, 0, 12, 0, 12, 0, 0, 0, 24, 0, 24, 0, 12, 12, 12, 0, 0, 0, 0, 12, 0, 12, 0, 48, 24, 24, 24, 12, 24, 12, 36, 24, 0, 24, 36, 36, 36, 60, 72, 36, 0, 60, 24, 24, 48, 36, 84, 72, 156, 96, 72, 132, 132, 180, 132, 144, 264, 252, 300, 396, 432, 444, 468, 372, 504, 336, 360, 468, 420, 468, 396, 228, 456, 348, 360, 324, 288, 180, 336, 168, 216, 156, 144, 216, 180, 96, 120, 108, 132, 60, 120, 144, 156, 108, 108, 132, 132, 216, 108, 60, 132, 84, 144, 108, 60, 96, 144, 48, 96, 120, 96, 84, 216, 72, 168, 72, 156, 120, 216, 132, 180, 144, 96, 192, 84, 180, 156, 180, 228, 156, 180, 144, 168, 72, 132, 204, 108, 228, 168, 180, 120, 156, 120, 156, 144, 96, 132, 108, 192, 120, 96, 108, 108, 132, 84, 48, 204, 156, 144, 180, 48, 84, 192, 156, 228, 108, 168, 192, 216, 192, 192, 168, 144, 192, 204, 156, 144, 120, 312, 96, 96, 156, 120, 120, 168, 120, 144, 120, 180, 144, 192, 84, 120, 120, 180, 60, 168, 120, 120, 108, 120, 120, 216, 108, 84, 108, 48, 72, 84, 84, 96, 84, 96, 72, 84, 108, 60, 132, 36, 24, 72, 72, 24, 48, 60, 0, 84, 24, 36, 24, 24, 36, 24, 0, 0, 0, 36, 48, 0, 36, 12, 60, 36, 60, 24, 12, 48, 60, 48, 24, 12, 24, 60, 12, 12, 72]",44.52906048056146,11.384043344665631,10758,10754.0
0.127 3.95 4 1,"[36, 12, 36, 48, 24, 48, 72, 36, 24, 12, 24, 24, 12, 12, 12, 0, 0, 0, 0, 12, 0, 0, 0, 24, 12, 12, 12, 48, 12, 0, 0, 0, 24, 12, 0, 12, 0, 0, 12, 12, 12, 12, 0, 0, 0, 0, 0, 0, 0, 12, 24, 0, 12, 24, 12, 36, 0, 24, 12, 24, 0, 12, 48, 36, 84, 72, 48, 60, 84, 36, 60, 24, 96, 132, 144, 72, 96, 108, 120, 156, 132, 144, 120, 120, 228, 252, 252, 252, 528, 552, 480, 468, 564, 552, 492, 540, 576, 456, 480, 528, 504, 492, 552, 552, 492, 624, 612, 408, 360, 336, 432, 372, 264, 252, 300, 240, 264, 192, 192, 324, 264, 264, 276, 276, 180, 348, 360, 264, 288, 192, 372, 300, 252, 204, 384, 300, 240, 228, 204, 324, 180, 240, 360, 192, 192, 252, 312, 240, 408, 288, 336, 240, 216, 180, 288, 228, 288, 228, 384, 240, 240, 228, 156, 156, 180, 252, 264, 216, 204, 300, 156, 396, 360, 252, 276, 288, 252, 252, 384, 324, 276, 324, 408, 312, 264, 240, 240, 384, 204, 372, 408, 324, 180, 360, 372, 312, 312, 348, 456, 348, 480, 504, 336, 264, 384, 492, 456, 420, 336, 540, 336, 384, 504, 360, 360, 396, 408, 324, 384, 444, 300, 444, 312, 240, 288, 240, 240, 324, 252, 252, 300, 288, 216, 204, 264, 228, 132, 204, 204, 180, 216, 144, 252, 144, 108, 108, 120, 144, 96, 108, 84, 96, 72, 72, 168, 24, 24, 96, 48, 84, 48, 36, 72, 36, 36, 60, 24, 24, 72, 72, 60, 24, 48, 72, 48, 12, 72, 60, 24, 24, 60, 72, 36, 0, 36, 60, 48, 48]",44.52883581370783,11.3846568364099,10754,10983.0
0.127 3.95 6 1,"[60, 24, 12, 48, 36, 12, 12, 12, 12, 12, 24, 24, 24, 0, 24, 24, 36, 12, 0, 12, 0, 0, 12, 0, 0, 0, 0, 24, 24, 0, 12, 12, 0, 12, 12, 24, 0, 12, 12, 36, 0, 0, 0, 0, 36, 0, 24, 36, 24, 12, 24, 0, 12, 12, 12, 12, 48, 24, 0, 12, 60, 36, 24, 36, 36, 48, 96, 84, 72, 24, 24, 36, 12, 36, 60, 48, 60, 72, 36, 60, 228, 180, 96, 156, 72, 168, 264, 252, 204, 396, 348, 540, 528, 480, 492, 396, 408, 576, 540, 456, 528, 384, 372, 408, 312, 468, 240, 300, 336, 264, 276, 288, 156, 264, 276, 324, 360, 216, 204, 180, 132, 180, 192, 336, 156, 168, 264, 228, 240, 156, 168, 240, 276, 156, 288, 228, 144, 168, 264, 192, 228, 144, 216, 156, 192, 252, 312, 168, 276, 192, 240, 372, 372, 300, 288, 336, 180, 348, 180, 180, 168, 216, 204, 312, 288, 180, 228, 192, 132, 300, 156, 180, 264, 180, 192, 168, 228, 192, 180, 180, 108, 168, 396, 216, 192, 276, 324, 204, 288, 240, 204, 240, 192, 216, 696, 420, 324, 300, 300, 444, 516, 408, 360, 288, 372, 576, 720, 672, 540, 468, 264, 528, 576, 600, 432, 576, 288, 384, 432, 444, 312, 348, 348, 336, 288, 276, 216, 192, 168, 180, 192, 228, 108, 108, 144, 144, 120, 96, 108, 120, 84, 180, 168, 60, 84, 84, 96, 84, 72, 72, 72, 60, 120, 60, 96, 84, 60, 60, 72, 36, 60, 12, 36, 24, 48, 96, 48, 0, 72, 36, 48, 24, 24, 84, 12, 48, 60, 36, 60, 36, 12, 12, 48, 60, 12, 36, 12, 12]",44.52896574153405,11.384028086390003,10754,10984.0
0.127 3.95 8 1,"[96, 12, 24, 72, 24, 24, 24, 48, 48, 36, 12, 36, 24, 0, 36, 24, 0, 48, 0, 12, 12, 0, 12, 24, 12, 12, 36, 36, 12, 0, 0, 12, 12, 0, 36, 0, 12, 36, 12, 12, 12, 12, 12, 0, 24, 24, 36, 12, 0, 12, 0, 12, 12, 24, 48, 48, 24, 24, 36, 12, 48, 24, 36, 36, 48, 60, 84, 108, 60, 156, 48, 12, 36, 96, 96, 108, 132, 132, 120, 132, 132, 204, 204, 204, 192, 216, 276, 276, 348, 312, 504, 444, 468, 528, 420, 432, 456, 444, 456, 564, 360, 264, 384, 420, 348, 504, 444, 348, 300, 372, 324, 336, 432, 264, 372, 336, 300, 360, 420, 276, 348, 444, 264, 456, 300, 336, 348, 348, 204, 132, 444, 372, 240, 180, 312, 264, 276, 252, 384, 456, 264, 276, 324, 348, 264, 336, 252, 384, 372, 396, 288, 240, 408, 156, 336, 420, 384, 372, 408, 384, 348, 288, 288, 360, 384, 300, 252, 276, 324, 348, 360, 252, 408, 312, 300, 468, 444, 384, 336, 288, 252, 360, 384, 396, 348, 348, 228, 384, 456, 348, 384, 360, 288, 264, 348, 348, 384, 288, 336, 468, 444, 480, 588, 516, 348, 504, 492, 456, 456, 564, 552, 480, 504, 504, 576, 504, 468, 516, 708, 600, 384, 480, 576, 420, 492, 432, 324, 384, 324, 252, 252, 216, 192, 360, 252, 252, 264, 192, 180, 228, 192, 156, 168, 192, 156, 144, 96, 132, 144, 72, 96, 120, 84, 120, 48, 72, 96, 120, 60, 156, 120, 60, 120, 72, 96, 84, 48, 108, 96, 60, 72, 36, 48, 60, 96, 48, 48, 60, 132, 60, 60, 120, 72, 36, 0, 60, 36, 24]",44.52923412132316,11.383272098340198,10754,14348.0
0.127 4.1 2 1,"[120, 132, 108, 96, 72, 36, 60, 72, 12, 12, 60, 0, 36, 24, 36, 48, 36, 12, 36, 24, 0, 12, 24, 48, 0, 36, 24, 24, 12, 36, 24, 12, 0, 12, 12, 0, 12, 0, 0, 24, 24, 48, 12, 0, 48, 24, 36, 24, 48, 48, 12, 24, 12, 0, 36, 120, 60, 84, 72, 60, 72, 72, 132, 60, 72, 120, 180, 156, 84, 144, 132, 96, 120, 408, 216, 168, 228, 216, 312, 276, 336, 396, 252, 360, 384, 444, 516, 420, 468, 456, 432, 528, 648, 564, 612, 444, 492, 552, 492, 588, 480, 516, 588, 492, 420, 648, 528, 564, 552, 384, 420, 480, 432, 336, 564, 420, 348, 516, 420, 444, 408, 444, 408, 408, 336, 492, 468, 516, 336, 384, 504, 480, 492, 480, 420, 504, 612, 444, 540, 528, 408, 576, 384, 504, 360, 444, 564, 516, 516, 588, 444, 612, 516, 492, 528, 444, 504, 348, 612, 384, 408, 432, 492, 300, 408, 492, 540, 396, 396, 348, 384, 372, 708, 456, 492, 576, 540, 396, 504, 588, 420, 516, 384, 456, 564, 552, 360, 456, 588, 468, 456, 552, 408, 432, 396, 528, 504, 492, 408, 696, 612, 696, 732, 444, 492, 516, 624, 744, 516, 600, 756, 636, 720, 648, 816, 708, 552, 588, 804, 696, 660, 660, 552, 588, 540, 420, 528, 504, 528, 504, 672, 504, 420, 396, 468, 516, 384, 288, 312, 396, 312, 480, 228, 372, 324, 240, 324, 228, 348, 276, 324, 204, 276, 132, 252, 288, 240, 120, 168, 84, 288, 132, 180, 192, 96, 240, 240, 144, 180, 108, 120, 132, 132, 168, 84, 108, 72, 144, 108, 156, 84, 156, 168, 72, 120, 108, 144, 108]",44.4951237402558,11.4026326471519,16214,7014.0
0.127 4.1 8 1,"[12, 36, 12, 36, 24, 0, 48, 24, 0, 12, 24, 12, 24, 24, 24, 12, 24, 12, 24, 12, 12, 0, 0, 0, 12, 24, 24, 24, 12, 12, 24, 48, 0, 36, 24, 12, 24, 24, 24, 12, 24, 24, 0, 24, 0, 12, 24, 0, 0, 60, 12, 12, 24, 0, 0, 36, 48, 24, 0, 12, 24, 0, 48, 36, 24, 36, 36, 24, 72, 60, 72, 48, 120, 84, 48, 60, 60, 72, 96, 96, 60, 120, 144, 216, 156, 108, 168, 132, 120, 180, 216, 204, 204, 216, 288, 300, 288, 252, 240, 324, 240, 360, 288, 240, 312, 288, 324, 204, 336, 312, 264, 288, 324, 204, 192, 204, 240, 204, 312, 216, 204, 240, 264, 240, 192, 264, 228, 252, 300, 240, 288, 216, 276, 204, 216, 192, 252, 204, 276, 312, 264, 180, 228, 240, 372, 300, 276, 300, 384, 276, 348, 360, 492, 204, 228, 276, 228, 432, 324, 336, 264, 228, 216, 216, 228, 156, 192, 168, 240, 288, 228, 192, 348, 192, 216, 276, 216, 240, 180, 276, 180, 204, 288, 204, 240, 240, 144, 348, 216, 228, 216, 240, 240, 456, 192, 324, 396, 348, 264, 408, 408, 324, 396, 324, 312, 552, 444, 372, 408, 432, 468, 552, 456, 492, 456, 372, 444, 492, 516, 480, 564, 348, 360, 348, 288, 312, 324, 216, 300, 480, 276, 324, 264, 192, 252, 216, 192, 240, 288, 192, 156, 252, 204, 216, 72, 144, 204, 108, 60, 108, 156, 84, 84, 84, 96, 108, 108, 48, 72, 108, 72, 84, 72, 36, 48, 84, 48, 84, 60, 60, 96, 84, 48, 48, 72, 48, 60, 72, 60, 60, 60, 36, 120, 60, 60, 12, 12, 36]",44.4953453295626,11.4019582125835,7022,15277.0
0.127 4.4 3 1,"[48, 0, 12, 0, 12, 36, 12, 24, 0, 0, 12, 12, 0, 12, 12, 0, 0, 0, 12, 0, 0, 24, 12, 0, 0, 0, 12, 0, 0, 0, 12, 0, 0, 0, 24, 12, 0, 12, 0, 0, 0, 36, 0, 0, 0, 0, 0, 0, 0, 0, 0, 0, 0, 0, 12, 0, 0, 0, 0, 12, 0, 0, 0, 0, 0, 24, 12, 0, 0, 0, 12, 48, 12, 0, 0, 12, 24, 0, 0, 36, 12, 48, 24, 48, 12, 36, 60, 60, 60, 144, 132, 144, 156, 144, 288, 300, 192, 252, 204, 264, 180, 168, 204, 216, 156, 204, 168, 216, 60, 120, 48, 72, 120, 84, 132, 60, 84, 72, 144, 60, 132, 48, 72, 72, 60, 36, 60, 108, 132, 24, 120, 84, 60, 108, 60, 120, 60, 60, 60, 120, 60, 72, 36, 72, 60, 48, 84, 84, 120, 84, 60, 60, 72, 48, 192, 156, 96, 84, 84, 108, 60, 120, 36, 60, 84, 192, 108, 72, 108, 72, 60, 72, 96, 84, 120, 84, 60, 96, 48, 72, 120, 108, 156, 60, 108, 132, 36, 156, 72, 48, 24, 24, 72, 84, 156, 252, 84, 84, 120, 132, 204, 180, 60, 60, 84, 180, 132, 96, 36, 24, 192, 144, 72, 96, 132, 144, 156, 60, 108, 108, 144, 84, 120, 72, 84, 84, 96, 144, 120, 72, 108, 84, 48, 96, 108, 156, 108, 84, 108, 156, 84, 132, 72, 108, 108, 96, 72, 72, 72, 36, 36, 48, 72, 24, 48, 36, 60, 36, 24, 24, 24, 12, 48, 60, 24, 24, 72, 72, 60, 48, 48, 60, 84, 24, 72, 48, 24, 12, 12, 60, 36, 36, 36, 36, 24, 36, 36, 36]",44.4927612958129,11.3780980583658,6584,6583.0
0.127 4.5 4 1,"[96, 192, 84, 132, 168, 96, 132, 36, 84, 60, 36, 72, 60, 24, 36, 84, 72, 36, 48, 72, 24, 24, 24, 12, 12, 24, 36, 24, 0, 0, 12, 36, 12, 0, 12, 12, 12, 48, 0, 0, 24, 24, 0, 12, 12, 36, 12, 0, 12, 12, 12, 24, 12, 12, 24, 0, 24, 24, 24, 0, 24, 12, 24, 48, 48, 36, 84, 120, 60, 48, 48, 72, 60, 144, 72, 84, 132, 108, 228, 120, 132, 264, 324, 204, 204, 360, 360, 432, 600, 456, 636, 756, 624, 756, 828, 720, 492, 804, 888, 744, 720, 744, 648, 720, 732, 492, 768, 828, 672, 768, 612, 564, 576, 540, 504, 588, 504, 456, 624, 504, 516, 588, 420, 540, 528, 396, 420, 516, 360, 468, 528, 528, 492, 504, 444, 444, 528, 492, 504, 504, 372, 588, 504, 468, 564, 504, 336, 384, 420, 576, 564, 588, 432, 480, 468, 408, 396, 468, 528, 444, 624, 528, 480, 456, 312, 480, 516, 444, 492, 480, 576, 468, 492, 672, 612, 588, 528, 492, 528, 456, 564, 552, 564, 504, 444, 576, 372, 468, 408, 504, 564, 444, 456, 636, 384, 456, 408, 552, 516, 588, 756, 816, 624, 576, 648, 648, 648, 708, 648, 744, 552, 564, 660, 660, 540, 648, 576, 672, 636, 744, 552, 576, 480, 708, 648, 588, 624, 492, 504, 588, 768, 564, 408, 456, 432, 732, 708, 480, 588, 504, 552, 468, 456, 576, 516, 540, 360, 432, 540, 480, 360, 468, 396, 324, 360, 288, 216, 288, 372, 228, 360, 324, 276, 228, 192, 132, 168, 192, 228, 276, 120, 192, 156, 168, 120, 204, 156, 180, 240, 216, 156, 120, 216, 180, 108, 156, 156, 192]",44.4931377999186,11.3740995757403,6554,6555.0
0.127 4.5 10 1,"[72, 84, 108, 84, 60, 60, 60, 192, 60, 60, 24, 48, 60, 12, 48, 24, 72, 60, 36, 60, 60, 48, 12, 48, 48, 24, 48, 12, 36, 48, 24, 12, 36, 24, 0, 12, 48, 36, 12, 12, 0, 12, 60, 12, 0, 0, 0, 12, 24, 0, 12, 0, 0, 12, 24, 12, 12, 36, 12, 12, 0, 0, 12, 48, 84, 36, 36, 24, 24, 24, 60, 60, 12, 48, 72, 48, 84, 72, 108, 108, 132, 120, 24, 108, 108, 156, 72, 216, 96, 216, 192, 252, 372, 396, 348, 420, 276, 432, 396, 456, 204, 396, 216, 408, 360, 384, 276, 384, 336, 300, 168, 288, 132, 252, 264, 324, 372, 252, 204, 336, 444, 360, 300, 324, 192, 324, 240, 192, 324, 288, 108, 300, 348, 276, 204, 276, 348, 312, 288, 360, 300, 204, 276, 348, 276, 312, 504, 288, 288, 480, 216, 420, 216, 228, 300, 216, 420, 408, 552, 384, 540, 408, 24, 204, 156, 420, 420, 360, 348, 528, 372, 396, 300, 492, 156, 324, 396, 372, 384, 324, 420, 288, 264, 396, 444, 240, 336, 228, 264, 336, 96, 372, 360, 324, 468, 432, 456, 444, 276, 540, 228, 420, 432, 468, 444, 516, 336, 432, 420, 456, 492, 528, 504, 516, 180, 456, 492, 444, 456, 492, 396, 420, 432, 432, 516, 456, 528, 420, 360, 468, 276, 456, 108, 444, 360, 408, 456, 588, 120, 396, 456, 468, 336, 264, 324, 504, 408, 216, 372, 192, 180, 144, 192, 192, 156, 108, 228, 156, 228, 216, 180, 156, 156, 240, 156, 132, 192, 144, 204, 168, 108, 72, 144, 168, 120, 144, 168, 132, 204, 144, 156, 252, 156, 108, 108, 156, 132, 108]",44.4935274718283,11.3730411641982,6615,6601.0
0.127 4.6 8 1,"[120, 60, 48, 60, 48, 60, 72, 48, 84, 12, 0, 24, 120, 24, 0, 12, 36, 36, 36, 48, 24, 0, 0, 24, 24, 12, 24, 12, 24, 24, 12, 12, 12, 0, 24, 0, 0, 0, 24, 0, 36, 0, 0, 0, 12, 12, 0, 0, 24, 24, 12, 0, 12, 12, 24, 24, 24, 12, 24, 24, 36, 36, 24, 48, 60, 24, 24, 96, 60, 84, 60, 24, 60, 84, 156, 96, 84, 120, 168, 108, 192, 108, 156, 168, 180, 288, 300, 336, 420, 396, 456, 588, 444, 456, 528, 492, 528, 588, 528, 324, 552, 480, 396, 444, 540, 396, 408, 336, 384, 288, 468, 384, 468, 408, 420, 504, 456, 396, 492, 420, 384, 444, 348, 348, 432, 504, 348, 360, 456, 492, 396, 384, 372, 336, 444, 396, 336, 468, 276, 420, 492, 360, 552, 348, 444, 336, 480, 360, 264, 396, 324, 432, 456, 468, 456, 360, 396, 408, 420, 468, 372, 348, 396, 408, 336, 444, 300, 312, 240, 504, 408, 444, 276, 396, 360, 312, 468, 372, 396, 348, 516, 432, 396, 204, 324, 324, 360, 420, 420, 396, 504, 480, 516, 312, 372, 420, 324, 336, 336, 420, 468, 348, 468, 396, 444, 468, 504, 408, 468, 372, 408, 420, 564, 408, 468, 528, 408, 492, 492, 576, 396, 456, 468, 492, 372, 492, 540, 444, 372, 492, 480, 324, 456, 348, 552, 408, 348, 348, 312, 336, 480, 336, 264, 372, 324, 324, 372, 204, 252, 336, 276, 372, 228, 204, 276, 216, 84, 132, 132, 120, 156, 132, 108, 120, 120, 156, 72, 156, 84, 84, 132, 144, 84, 240, 132, 108, 108, 144, 132, 120, 180, 252, 216, 132, 60, 132, 96, 84]",44.4924784259872,11.3648976215547,6492,6493.0
0.127 4.7 2 1,"[108, 84, 36, 84, 60, 36, 48, 12, 48, 24, 48, 24, 36, 12, 24, 12, 24, 24, 0, 36, 36, 0, 0, 12, 12, 0, 0, 0, 24, 24, 12, 0, 24, 12, 0, 0, 0, 0, 0, 12, 0, 12, 24, 12, 12, 12, 12, 0, 0, 0, 0, 0, 0, 0, 0, 0, 12, 0, 24, 36, 48, 12, 24, 12, 24, 12, 48, 24, 48, 24, 0, 72, 60, 60, 84, 60, 84, 96, 84, 108, 48, 96, 156, 144, 120, 240, 204, 192, 324, 372, 492, 444, 480, 528, 480, 468, 576, 624, 504, 612, 420, 420, 516, 540, 624, 384, 504, 504, 504, 564, 384, 540, 348, 336, 372, 336, 360, 216, 336, 276, 192, 0, 336, 156, 456, 276, 252, 396, 216, 252, 384, 324, 264, 324, 252, 312, 336, 216, 336, 300, 300, 336, 276, 132, 288, 444, 324, 384, 336, 300, 300, 372, 444, 252, 336, 480, 528, 432, 504, 372, 228, 252, 240, 264, 276, 348, 300, 348, 480, 372, 432, 360, 312, 252, 324, 432, 372, 228, 228, 264, 252, 348, 228, 264, 324, 420, 312, 156, 312, 312, 240, 264, 216, 228, 240, 408, 336, 300, 348, 516, 372, 372, 384, 336, 456, 360, 360, 408, 480, 396, 420, 540, 432, 372, 408, 360, 408, 384, 660, 492, 468, 480, 276, 336, 456, 420, 360, 324, 432, 444, 396, 384, 396, 420, 312, 240, 360, 456, 240, 348, 384, 348, 420, 408, 348, 264, 264, 288, 360, 324, 204, 180, 132, 156, 144, 192, 168, 96, 120, 156, 156, 84, 120, 96, 84, 72, 36, 132, 84, 36, 156, 96, 156, 36, 48, 96, 48, 72, 84, 48, 240, 420, 144, 48, 144, 36, 48, 36]",44.4962568364728,11.3659484700695,16003,16002.0
0.127 4.7 4 1,"[60, 36, 36, 36, 0, 12, 12, 12, 12, 12, 24, 0, 12, 0, 0, 0, 0, 0, 0, 0, 12, 0, 12, 0, 12, 0, 0, 0, 0, 12, 0, 0, 0, 0, 0, 0, 0, 0, 12, 0, 0, 12, 0, 0, 0, 0, 0, 0, 0, 0, 0, 0, 0, 0, 0, 0, 0, 12, 12, 12, 0, 12, 0, 0, 0, 0, 12, 0, 36, 12, 0, 0, 24, 48, 24, 24, 48, 12, 48, 12, 12, 24, 72, 72, 12, 108, 24, 84, 84, 96, 108, 84, 132, 48, 132, 144, 192, 168, 120, 168, 156, 168, 216, 144, 288, 156, 216, 216, 240, 72, 108, 132, 96, 108, 120, 144, 156, 120, 84, 120, 156, 120, 168, 84, 60, 72, 60, 144, 48, 144, 132, 156, 96, 48, 108, 168, 120, 96, 84, 120, 24, 36, 168, 96, 60, 132, 132, 60, 96, 120, 132, 72, 96, 36, 108, 84, 144, 108, 84, 84, 72, 108, 72, 84, 108, 72, 24, 48, 84, 96, 108, 84, 96, 108, 108, 108, 108, 72, 132, 108, 84, 84, 96, 48, 84, 60, 120, 36, 132, 84, 108, 84, 120, 36, 132, 72, 144, 108, 120, 156, 132, 84, 132, 72, 120, 84, 48, 192, 120, 120, 144, 156, 96, 24, 204, 120, 96, 132, 108, 96, 192, 264, 168, 192, 144, 120, 156, 108, 144, 156, 132, 144, 156, 120, 96, 132, 132, 144, 108, 60, 132, 96, 132, 84, 96, 168, 168, 168, 156, 96, 120, 108, 72, 60, 84, 36, 24, 72, 24, 48, 60, 36, 72, 36, 48, 48, 12, 36, 48, 36, 72, 60, 48, 36, 36, 72, 48, 60, 36, 36, 36, 84, 36, 12, 36, 24, 24, 24]",44.4971209607436,11.3642360557224,16000,6547.0
0.127 4.7 6 1,"[12, 48, 24, 12, 24, 72, 0, 0, 60, 12, 0, 0, 0, 0, 12, 0, 0, 36, 0, 0, 12, 0, 12, 0, 12, 0, 0, 0, 0, 12, 0, 12, 12, 12, 0, 0, 0, 0, 0, 0, 0, 12, 24, 0, 12, 12, 0, 0, 0, 24, 0, 0, 0, 0, 0, 0, 0, 0, 0, 0, 12, 0, 0, 12, 12, 0, 0, 24, 24, 24, 24, 12, 0, 12, 24, 36, 36, 12, 12, 24, 60, 24, 12, 48, 48, 36, 96, 120, 132, 168, 96, 156, 108, 204, 132, 36, 108, 108, 144, 180, 132, 132, 180, 204, 180, 108, 192, 180, 144, 132, 132, 120, 96, 132, 108, 132, 216, 108, 96, 96, 156, 84, 96, 144, 36, 156, 108, 156, 144, 108, 168, 204, 108, 84, 60, 132, 192, 156, 108, 120, 108, 144, 84, 48, 132, 192, 84, 24, 132, 132, 108, 72, 72, 108, 120, 72, 72, 192, 120, 132, 48, 108, 144, 120, 96, 108, 108, 96, 120, 132, 156, 168, 96, 132, 180, 132, 192, 96, 84, 84, 156, 72, 156, 156, 84, 120, 120, 72, 108, 84, 72, 84, 108, 132, 72, 204, 84, 192, 192, 132, 96, 96, 168, 96, 36, 108, 120, 144, 192, 180, 156, 168, 108, 108, 192, 96, 144, 132, 108, 204, 168, 168, 240, 144, 180, 132, 168, 144, 60, 120, 132, 144, 156, 108, 204, 144, 84, 120, 108, 72, 108, 168, 84, 108, 144, 96, 192, 96, 180, 204, 84, 60, 24, 120, 84, 96, 120, 120, 108, 108, 72, 72, 36, 36, 48, 12, 36, 132, 24, 0, 72, 24, 72, 84, 84, 36, 24, 36, 84, 48, 60, 72, 60, 12, 96, 36, 36, 84]",44.4972438606922,11.3639030753375,6549,6547.0
0.127 4.7 8 1,"[36, 60, 24, 60, 24, 48, 36, 60, 60, 12, 48, 48, 24, 24, 12, 12, 48, 12, 12, 12, 36, 0, 24, 24, 12, 0, 36, 12, 24, 24, 24, 12, 0, 0, 0, 0, 0, 0, 24, 0, 12, 0, 12, 12, 0, 0, 0, 0, 0, 24, 0, 12, 0, 12, 12, 12, 12, 12, 12, 12, 12, 0, 36, 24, 24, 24, 12, 36, 36, 48, 36, 0, 36, 48, 48, 48, 36, 24, 60, 48, 132, 72, 60, 108, 120, 72, 168, 216, 180, 180, 228, 300, 372, 312, 312, 372, 216, 264, 264, 312, 276, 360, 180, 288, 216, 276, 240, 288, 72, 276, 180, 276, 204, 408, 204, 360, 240, 264, 228, 192, 300, 204, 192, 192, 216, 264, 156, 240, 336, 276, 228, 192, 180, 204, 300, 192, 240, 144, 228, 276, 288, 204, 312, 204, 192, 192, 264, 192, 168, 144, 204, 372, 324, 336, 264, 216, 360, 216, 300, 324, 204, 192, 156, 168, 288, 240, 288, 252, 168, 228, 324, 228, 168, 216, 336, 168, 372, 252, 312, 324, 336, 192, 276, 264, 276, 168, 276, 288, 396, 288, 300, 336, 276, 264, 348, 324, 180, 180, 252, 324, 372, 216, 384, 264, 204, 288, 396, 276, 360, 264, 420, 384, 312, 300, 324, 204, 300, 312, 324, 324, 276, 264, 264, 372, 288, 252, 288, 204, 276, 372, 360, 216, 264, 240, 336, 228, 168, 252, 240, 216, 252, 228, 228, 336, 216, 300, 324, 216, 228, 180, 132, 240, 108, 132, 204, 144, 48, 72, 72, 96, 108, 96, 72, 84, 72, 96, 96, 96, 72, 96, 108, 84, 96, 84, 84, 96, 36, 60, 96, 108, 120, 84, 108, 108, 48, 84, 48, 72]",44.4974920495079,11.3640751869437,10477,6547.0
0.127 4.8 8 1,"[0, 0, 12, 12, 0, 12, 48, 24, 0, 0, 36, 12, 12, 24, 12, 12, 0, 12, 24, 0, 24, 0, 0, 12, 0, 0, 0, 12, 24, 24, 0, 12, 0, 12, 0, 0, 0, 12, 0, 0, 0, 12, 0, 0, 12, 0, 12, 0, 24, 0, 24, 0, 0, 0, 36, 0, 36, 12, 0, 0, 0, 0, 0, 12, 12, 48, 0, 12, 12, 0, 0, 0, 0, 0, 12, 48, 24, 36, 36, 0, 12, 12, 24, 36, 24, 24, 60, 24, 36, 0, 36, 60, 36, 12, 48, 84, 84, 60, 36, 84, 36, 12, 24, 48, 36, 60, 24, 72, 24, 60, 60, 108, 84, 60, 84, 48, 48, 60, 60, 72, 36, 60, 36, 84, 72, 48, 72, 24, 48, 36, 36, 36, 36, 36, 84, 48, 108, 84, 60, 48, 36, 72, 36, 12, 48, 48, 72, 24, 24, 36, 60, 36, 48, 12, 60, 12, 12, 48, 36, 60, 72, 36, 72, 48, 24, 60, 96, 24, 24, 48, 48, 48, 36, 24, 36, 12, 36, 60, 60, 24, 24, 36, 72, 48, 96, 36, 96, 132, 48, 36, 84, 36, 36, 36, 36, 48, 24, 36, 96, 36, 108, 60, 48, 24, 60, 96, 264, 264, 156, 36, 24, 36, 24, 60, 36, 0, 24, 24, 36, 24, 12, 48, 36, 24, 120, 36, 36, 0, 36, 12, 36, 60, 96, 12, 48, 24, 48, 24, 24, 24, 12, 60, 60, 24, 24, 60, 48, 48, 24, 36, 12, 36, 24, 36, 12, 36, 0, 36, 12, 48, 12, 24, 0, 0, 0, 0, 24, 24, 12, 24, 12, 12, 60, 12, 36, 12, 12, 12, 12, 12, 48, 36, 0, 0, 24, 0, 12, 24]",44.493348493034,11.3605177839404,6474,6476.0
0.127 4.9 10 1,"[60, 12, 36, 12, 24, 36, 12, 0, 36, 24, 0, 60, 36, 24, 0, 24, 24, 0, 24, 24, 12, 0, 12, 12, 36, 0, 24, 24, 12, 36, 0, 24, 0, 0, 0, 12, 12, 0, 0, 0, 12, 0, 36, 24, 0, 0, 0, 24, 12, 0, 0, 0, 0, 12, 0, 0, 0, 12, 12, 0, 0, 0, 0, 0, 0, 24, 0, 12, 12, 12, 24, 0, 12, 24, 24, 24, 12, 48, 72, 24, 36, 60, 48, 60, 60, 24, 60, 108, 36, 72, 36, 48, 60, 72, 108, 96, 120, 108, 84, 108, 108, 120, 108, 48, 84, 156, 96, 108, 156, 108, 48, 72, 168, 72, 120, 180, 48, 96, 60, 144, 72, 96, 60, 108, 156, 108, 60, 84, 108, 72, 72, 96, 84, 144, 48, 48, 132, 60, 132, 96, 96, 144, 96, 168, 108, 192, 36, 168, 108, 108, 108, 48, 108, 108, 180, 108, 84, 36, 96, 84, 72, 72, 96, 96, 48, 48, 60, 144, 96, 96, 36, 132, 60, 108, 156, 48, 60, 96, 48, 120, 60, 108, 60, 36, 132, 96, 132, 84, 72, 48, 108, 96, 168, 72, 96, 60, 120, 96, 84, 132, 108, 72, 108, 72, 108, 60, 108, 72, 60, 84, 48, 84, 48, 108, 60, 60, 108, 48, 72, 132, 72, 108, 24, 120, 96, 84, 48, 60, 72, 12, 36, 48, 24, 108, 84, 60, 48, 72, 48, 48, 96, 72, 72, 72, 60, 36, 36, 24, 48, 36, 60, 12, 24, 12, 36, 24, 36, 12, 24, 24, 12, 36, 48, 36, 24, 12, 60, 48, 12, 36, 48, 0, 36, 60, 24, 48, 12, 36, 36, 36, 12, 12, 24, 12, 24, 48, 24, 0]",44.4935843360608,11.3572791735248,16758,6475.0
0.127 4.10 2 1,"[84, 180, 156, 108, 156, 168, 96, 96, 60, 96, 24, 48, 60, 36, 60, 24, 48, 60, 60, 60, 12, 0, 36, 24, 12, 48, 0, 0, 12, 0, 36, 12, 0, 12, 12, 0, 12, 12, 0, 0, 12, 12, 12, 12, 12, 0, 0, 12, 24, 12, 24, 60, 24, 12, 48, 36, 120, 24, 72, 36, 48, 24, 48, 60, 60, 72, 204, 108, 84, 60, 216, 192, 144, 156, 312, 300, 132, 228, 384, 336, 300, 396, 324, 384, 540, 504, 612, 540, 732, 768, 684, 672, 864, 792, 996, 912, 1104, 1080, 912, 792, 708, 708, 780, 840, 816, 876, 720, 780, 660, 612, 864, 708, 672, 624, 756, 744, 588, 756, 528, 708, 576, 780, 756, 672, 576, 792, 684, 612, 672, 504, 624, 792, 768, 648, 804, 648, 612, 804, 600, 444, 684, 540, 696, 708, 672, 804, 900, 576, 684, 720, 780, 672, 900, 876, 852, 588, 672, 816, 996, 828, 816, 600, 564, 504, 660, 648, 636, 576, 540, 912, 900, 780, 648, 552, 696, 732, 576, 492, 828, 576, 648, 564, 612, 756, 684, 828, 720, 768, 708, 852, 804, 828, 732, 672, 672, 780, 756, 780, 792, 876, 972, 852, 828, 888, 780, 900, 1092, 972, 984, 1056, 960, 900, 984, 888, 1068, 888, 996, 876, 984, 984, 912, 1032, 948, 948, 924, 972, 840, 504, 816, 936, 720, 972, 648, 696, 756, 600, 564, 912, 828, 600, 588, 624, 648, 636, 516, 540, 516, 564, 552, 564, 540, 396, 396, 432, 408, 396, 396, 432, 384, 336, 372, 444, 432, 336, 372, 276, 312, 336, 324, 348, 384, 348, 216, 324, 216, 264, 300, 240, 288, 216, 216, 204, 348, 240, 228, 240, 300, 168]",44.4736049194063,11.4006667410476,6826,6825.0
0.127 4.10 4 1,"[24, 12, 0, 12, 12, 12, 12, 0, 12, 0, 0, 0, 12, 0, 24, 0, 12, 36, 0, 36, 12, 0, 0, 0, 12, 0, 0, 0, 0, 0, 0, 12, 0, 12, 0, 0, 0, 0, 0, 0, 0, 0, 0, 0, 0, 0, 12, 12, 0, 0, 0, 0, 0, 12, 0, 0, 24, 0, 0, 0, 0, 0, 24, 0, 12, 0, 12, 12, 0, 12, 0, 60, 0, 0, 0, 12, 24, 24, 24, 12, 12, 36, 24, 12, 0, 36, 96, 12, 48, 60, 72, 96, 120, 84, 180, 96, 84, 84, 156, 36, 60, 60, 108, 132, 108, 168, 96, 132, 120, 156, 120, 96, 84, 0, 24, 132, 96, 144, 96, 132, 156, 96, 120, 84, 48, 72, 120, 60, 108, 108, 84, 156, 120, 72, 132, 60, 84, 144, 132, 96, 84, 84, 120, 96, 120, 84, 84, 120, 72, 96, 144, 96, 120, 156, 156, 204, 96, 120, 144, 48, 72, 72, 84, 48, 72, 72, 84, 72, 24, 84, 72, 72, 60, 72, 84, 72, 72, 72, 132, 132, 108, 132, 120, 96, 108, 36, 108, 72, 84, 144, 108, 108, 132, 108, 96, 156, 48, 144, 72, 108, 84, 96, 96, 156, 120, 108, 108, 108, 48, 156, 120, 108, 84, 120, 96, 156, 180, 108, 108, 108, 108, 144, 96, 48, 48, 72, 180, 120, 120, 24, 108, 96, 132, 48, 72, 120, 36, 108, 132, 12, 24, 120, 84, 36, 36, 84, 48, 48, 72, 36, 24, 24, 24, 0, 36, 24, 60, 48, 36, 48, 24, 60, 0, 24, 36, 12, 36, 0, 36, 0, 12, 24, 36, 36, 12, 12, 0, 36, 24, 24, 36, 24, 24, 0, 24, 36, 0, 12]",44.4735719625381,11.399907850073,6812,6825.0
0.127 4.10 5 1,"[180, 132, 132, 96, 72, 84, 132, 84, 144, 144, 60, 48, 60, 96, 84, 72, 144, 108, 60, 60, 24, 60, 84, 36, 12, 84, 36, 48, 36, 0, 24, 12, 0, 36, 12, 0, 0, 0, 12, 0, 36, 24, 0, 36, 12, 0, 12, 12, 12, 12, 12, 12, 0, 24, 12, 0, 48, 48, 24, 24, 24, 24, 36, 36, 48, 24, 36, 96, 36, 48, 60, 108, 48, 48, 120, 120, 120, 240, 120, 168, 132, 144, 156, 288, 276, 276, 312, 336, 348, 492, 372, 648, 684, 696, 600, 684, 768, 624, 732, 708, 708, 612, 636, 732, 744, 780, 624, 648, 588, 768, 528, 672, 552, 684, 552, 468, 612, 636, 780, 660, 504, 540, 468, 540, 636, 528, 624, 600, 552, 564, 744, 588, 732, 552, 600, 600, 648, 540, 576, 636, 696, 432, 684, 576, 528, 516, 600, 672, 720, 684, 936, 552, 756, 876, 672, 780, 624, 672, 732, 648, 756, 528, 612, 612, 672, 648, 732, 636, 648, 468, 612, 732, 804, 612, 780, 768, 636, 660, 576, 804, 648, 468, 732, 624, 672, 612, 720, 588, 684, 504, 708, 552, 756, 624, 864, 792, 732, 660, 636, 732, 840, 768, 684, 636, 756, 756, 744, 684, 720, 756, 600, 648, 600, 840, 648, 828, 768, 588, 636, 780, 840, 624, 636, 792, 780, 696, 780, 648, 696, 684, 624, 768, 756, 780, 648, 756, 708, 624, 804, 588, 648, 588, 552, 552, 600, 408, 432, 444, 624, 516, 444, 504, 408, 336, 468, 360, 384, 324, 336, 348, 324, 312, 252, 288, 300, 252, 348, 240, 192, 264, 252, 264, 252, 300, 192, 156, 276, 240, 252, 156, 240, 240, 192, 252, 144, 192, 264, 144]",44.4739465895938,11.3995457072359,6817,6825.0
0.127 4.11 2 1,"[216, 168, 216, 132, 144, 144, 168, 84, 72, 72, 108, 48, 72, 96, 48, 96, 72, 96, 60, 96, 24, 36, 36, 72, 36, 48, 36, 36, 36, 12, 36, 0, 0, 48, 0, 0, 12, 24, 0, 24, 12, 0, 0, 12, 0, 12, 0, 12, 0, 48, 12, 12, 12, 0, 48, 48, 48, 60, 48, 24, 12, 24, 48, 72, 24, 60, 72, 108, 144, 108, 120, 276, 96, 120, 204, 336, 204, 144, 252, 228, 180, 228, 264, 252, 276, 456, 408, 528, 708, 744, 708, 792, 732, 804, 732, 744, 768, 924, 876, 864, 840, 612, 660, 744, 768, 816, 792, 696, 744, 660, 828, 852, 672, 696, 660, 612, 600, 600, 744, 744, 624, 576, 744, 612, 540, 744, 624, 756, 600, 756, 768, 696, 780, 804, 744, 720, 828, 768, 636, 564, 756, 732, 828, 660, 684, 708, 804, 732, 768, 696, 792, 828, 816, 888, 636, 840, 624, 612, 828, 924, 732, 624, 528, 540, 672, 732, 540, 708, 516, 768, 744, 780, 840, 768, 864, 840, 624, 684, 696, 732, 696, 600, 588, 660, 516, 708, 756, 780, 840, 720, 900, 672, 696, 696, 864, 996, 912, 840, 732, 948, 840, 1068, 1008, 840, 996, 1092, 900, 1020, 1020, 912, 960, 1068, 972, 1104, 1140, 996, 1068, 1068, 1008, 1032, 1200, 1104, 1080, 876, 972, 1068, 1164, 708, 816, 876, 840, 744, 1200, 840, 768, 888, 648, 732, 960, 900, 696, 552, 528, 744, 684, 576, 660, 612, 612, 516, 564, 252, 432, 504, 240, 360, 276, 384, 372, 276, 264, 312, 432, 288, 300, 264, 408, 264, 288, 396, 324, 216, 120, 240, 216, 216, 300, 216, 384, 192, 336, 168, 252, 216, 312, 120, 324, 324]",44.4754010453487,11.3960943700341,6840,6816.0
0.127 4.11 8 1,"[96, 0, 36, 36, 12, 72, 12, 0, 24, 60, 0, 0, 0, 24, 12, 24, 24, 0, 12, 24, 24, 36, 0, 24, 24, 0, 12, 24, 0, 0, 0, 0, 0, 0, 0, 12, 0, 0, 0, 24, 12, 12, 0, 0, 0, 0, 0, 0, 24, 12, 0, 0, 0, 0, 0, 12, 0, 24, 0, 12, 0, 12, 36, 36, 24, 24, 84, 0, 24, 60, 12, 24, 24, 60, 84, 60, 60, 48, 108, 132, 156, 84, 168, 108, 192, 108, 312, 300, 264, 288, 204, 264, 432, 540, 372, 252, 276, 288, 360, 384, 384, 336, 360, 456, 516, 360, 312, 384, 300, 408, 156, 216, 252, 276, 192, 168, 300, 240, 324, 216, 156, 120, 216, 156, 240, 180, 144, 192, 240, 228, 180, 276, 204, 192, 252, 240, 192, 300, 264, 192, 228, 204, 264, 300, 204, 252, 288, 168, 192, 264, 240, 336, 348, 192, 252, 180, 264, 156, 204, 348, 168, 132, 192, 180, 204, 156, 192, 60, 168, 132, 120, 228, 204, 156, 192, 240, 144, 228, 252, 168, 168, 108, 216, 192, 192, 192, 216, 156, 264, 240, 252, 216, 168, 204, 276, 264, 360, 204, 204, 264, 408, 264, 204, 264, 180, 396, 300, 312, 288, 240, 288, 312, 288, 252, 396, 228, 288, 312, 300, 396, 252, 300, 348, 252, 396, 216, 216, 228, 240, 216, 312, 264, 360, 408, 252, 204, 324, 288, 192, 180, 168, 96, 228, 156, 120, 180, 144, 204, 228, 180, 84, 120, 48, 156, 156, 84, 60, 144, 48, 96, 24, 60, 84, 48, 84, 120, 60, 60, 48, 48, 132, 60, 84, 72, 24, 24, 48, 48, 24, 12, 36, 24, 96, 24, 36, 36, 84, 48]",44.4756317797799,11.395951420875,15843,6816.0
0.127 4.13 5 1,"[36, 24, 12, 24, 0, 48, 12, 24, 0, 12, 36, 0, 0, 0, 0, 12, 24, 12, 0, 24, 0, 0, 0, 0, 12, 0, 0, 0, 12, 36, 0, 0, 12, 0, 0, 0, 0, 0, 0, 12, 0, 0, 0, 0, 0, 0, 0, 12, 0, 12, 0, 24, 0, 0, 12, 12, 12, 36, 36, 24, 12, 12, 24, 0, 0, 12, 12, 24, 12, 12, 12, 0, 36, 24, 12, 24, 36, 108, 60, 60, 48, 72, 84, 60, 84, 96, 84, 180, 180, 204, 144, 228, 264, 252, 240, 264, 168, 156, 264, 252, 216, 192, 192, 180, 192, 156, 240, 180, 156, 168, 144, 144, 144, 168, 132, 108, 96, 96, 216, 132, 132, 72, 96, 72, 144, 156, 156, 120, 144, 144, 132, 72, 96, 108, 132, 108, 144, 96, 84, 108, 120, 108, 108, 120, 108, 180, 156, 24, 168, 120, 96, 120, 156, 156, 144, 144, 108, 144, 168, 108, 168, 156, 120, 60, 96, 72, 36, 192, 96, 120, 156, 132, 144, 144, 96, 132, 168, 108, 168, 72, 96, 108, 108, 96, 108, 132, 168, 108, 132, 156, 72, 24, 168, 192, 156, 180, 156, 180, 132, 132, 132, 156, 192, 192, 144, 156, 180, 156, 180, 156, 240, 132, 168, 84, 228, 108, 168, 228, 180, 228, 144, 168, 168, 156, 96, 108, 84, 192, 192, 120, 216, 168, 168, 144, 132, 156, 180, 132, 108, 108, 96, 144, 96, 96, 84, 120, 48, 144, 120, 84, 72, 72, 60, 36, 84, 84, 48, 36, 48, 48, 60, 24, 24, 60, 48, 12, 60, 36, 120, 24, 36, 48, 36, 36, 96, 36, 24, 24, 48, 12, 60, 36, 24, 60, 60, 12, 0, 12]",44.4811450836152,11.3808082353699,6903,6902.0
0.127 4.13 8 1,"[120, 84, 108, 96, 96, 120, 72, 96, 108, 84, 108, 108, 96, 108, 108, 108, 120, 108, 96, 108, 96, 84, 120, 108, 84, 120, 84, 144, 72, 84, 96, 108, 96, 108, 84, 96, 84, 84, 84, 84, 108, 60, 84, 132, 96, 84, 108, 96, 108, 96, 60, 84, 96, 72, 96, 96, 60, 96, 84, 84, 96, 96, 60, 72, 120, 84, 108, 120, 60, 108, 84, 72, 156, 72, 84, 108, 108, 120, 36, 120, 84, 132, 132, 180, 192, 84, 108, 156, 156, 120, 156, 180, 204, 36, 0, 0, 0, 0, 0, 0, 0, 0, 0, 0, 0, 0, 0, 0, 0, 0, 0, 0, 0, 0, 0, 0, 0, 0, 0, 0, 0, 0, 0, 0, 0, 0, 0, 0, 0, 0, 0, 0, 0, 0, 0, 0, 0, 0, 0, 0, 0, 0, 0, 0, 0, 0, 0, 0, 0, 0, 0, 180, 168, 144, 144, 156, 168, 168, 156, 120, 96, 216, 156, 72, 156, 108, 96, 120, 180, 120, 132, 192, 132, 108, 96, 96, 192, 180, 132, 108, 156, 120, 132, 168, 156, 180, 180, 132, 144, 168, 228, 168, 132, 132, 168, 132, 120, 180, 264, 228, 228, 132, 192, 132, 216, 168, 96, 192, 228, 192, 156, 156, 144, 144, 180, 276, 192, 192, 240, 240, 132, 264, 168, 216, 216, 192, 144, 180, 144, 180, 216, 192, 132, 168, 204, 132, 132, 204, 144, 240, 144, 120, 144, 144, 156, 168, 156, 168, 144, 180, 156, 216, 180, 168, 156, 192, 120, 192, 108, 204, 120, 108, 144, 96, 168, 108, 48, 12, 24, 0, 12, 24, 24, 24, 0, 0, 12, 24, 84, 12, 36, 0, 24, 12, 12, 36, 0, 0]",44.4802804399291,11.3842257285333,6886,6885.0
0.127 4.14 2 1,"[0, 48, 36, 12, 24, 12, 0, 12, 60, 12, 0, 0, 24, 12, 0, 0, 0, 12, 48, 0, 0, 0, 0, 12, 12, 24, 12, 12, 12, 24, 24, 0, 12, 0, 0, 0, 0, 0, 12, 0, 24, 0, 0, 12, 24, 0, 0, 0, 0, 0, 0, 0, 12, 0, 0, 12, 0, 0, 12, 24, 0, 12, 24, 12, 24, 0, 12, 12, 24, 12, 48, 12, 0, 36, 12, 48, 36, 12, 48, 24, 48, 60, 36, 36, 48, 84, 108, 216, 120, 156, 252, 204, 192, 228, 264, 168, 96, 228, 216, 240, 168, 216, 192, 132, 276, 252, 264, 216, 156, 156, 156, 192, 192, 132, 192, 192, 156, 156, 108, 216, 180, 192, 120, 84, 144, 216, 228, 180, 180, 132, 132, 144, 216, 132, 204, 228, 216, 216, 192, 96, 168, 120, 192, 120, 180, 132, 144, 96, 120, 180, 180, 180, 84, 72, 96, 108, 84, 120, 36, 132, 120, 144, 108, 96, 156, 120, 60, 108, 120, 108, 180, 84, 180, 168, 120, 108, 192, 108, 192, 144, 132, 144, 120, 156, 144, 132, 144, 168, 120, 180, 180, 84, 144, 132, 120, 216, 180, 228, 156, 168, 192, 132, 252, 108, 216, 168, 264, 156, 180, 168, 264, 144, 108, 180, 192, 156, 120, 264, 180, -1, -1, -1, -1, -1, -1, -1, -1, -1, -1, -1, -1, -1, -1, -1, -1, -1, -1, -1, -1, -1, -1, -1, -1, -1, -1, -1, -1, -1, -1, -1, -1, -1, -1, -1, -1, -1, -1, -1, -1, -1, -1, -1, -1, -1, -1, -1, -1, -1, -1, -1, -1, -1, -1, -1, -1, -1, -1, -1, -1, -1, -1, -1, -1, -1, -1, -1, -1, -1]",44.4749457962775,11.3891894067767,6836,6714.0
0.127 4.18 8 1,"[12, 12, 12, 12, 48, 12, 48, 24, 12, 0, 12, 24, 12, 12, 24, 12, 0, 24, 24, 12, 0, 0, 0, 0, 12, 0, 12, 12, 0, 12, 12, 12, 0, 0, 12, 0, 0, 0, 0, 12, 0, 24, 12, 12, 0, 0, 12, 12, 24, 12, 0, 0, 0, 0, 0, 12, 0, 12, 24, 12, 12, 24, 0, 48, 0, 0, 0, 12, 12, 36, 12, 24, 12, 36, 12, 48, 12, 48, 48, 72, 24, 72, 24, 72, 12, 72, 60, 60, 108, 132, 132, 96, 120, 192, 168, 168, 132, 168, 156, 240, 120, 120, 228, 168, 192, 240, 204, 144, 180, 180, 240, 276, 312, 132, 180, 144, 192, 240, 144, 180, 228, 240, 192, 276, 324, 216, 252, 144, 288, 168, 336, 180, 204, 264, 204, 216, 192, 348, 324, 216, 300, 252, 192, 252, 264, 348, 288, 360, 288, 288, 300, 324, 312, 288, 420, 312, 264, 168, 276, 228, 252, 312, 312, 300, 264, 252, 288, 252, 252, 288, 312, 180, 348, 276, 252, 192, 192, 168, 204, 156, 156, 180, 168, 132, 252, 144, 144, 192, 156, 132, 180, 240, 216, 204, 192, 168, 204, 204, 120, 120, 204, 144, 120, 120, 144, 156, 96, 108, 144, 192, 144, 96, 168, 96, 108, 72, 108, 144, 132, 120, 72, 72, 84, 180, 204, 168, 144, 60, 108, 132, 132, 84, 132, 108, 120, 132, 96, 144, 60, 84, 168, 156, 120, 108, 108, 108, 120, 60, 48, 48, 96, 60, 36, 120, 60, 12, 24, 36, 60, 36, 36, 60, 60, 36, 12, 36, 12, 60, 72, 60, 36, 24, 24, 0, 24, 24, 12, 0, 24, 36, 24, 0, 24, 24, 12, 24, 0, 36]",44.4883262335036,11.3625691774304,6297,6374.0
0.127 4.22 10 1,"[0, 0, 12, 0, 0, 0, 0, 0, 12, 12, 12, 12, 12, 0, 0, 0, 0, 0, 0, 0, 0, 12, 0, 12, 12, 0, 0, 0, 0, 0, 0, 0, 0, 0, 0, 0, 12, 0, 0, 0, 0, 0, 0, 0, 0, 0, 0, 0, 0, 12, 0, 0, 0, 12, 0, 0, 0, 0, 0, 0, 0, 0, 0, 0, 0, 0, 0, 12, 0, 0, 24, 12, 24, 24, 0, 12, 12, 0, 36, 24, 24, 36, 24, 24, 48, 48, 72, 84, 132, 48, 72, 132, 108, 168, 168, 204, 204, 144, 108, 144, 108, 192, 144, 72, 132, 96, 60, 120, 72, 84, 108, 132, 120, 60, 96, 48, 60, 192, 96, 48, 108, 132, 108, 48, 108, 72, 48, 120, 60, 120, 96, 72, 48, 48, 72, 72, 72, 108, 96, 84, 96, 72, 72, 120, 84, 84, 72, 108, 60, 60, 144, 132, 96, 84, 84, 96, 48, 24, 84, 36, 72, 60, 96, 60, 84, 60, 84, 48, 108, 180, 192, 72, 96, 144, 60, 48, 72, 60, 96, 60, 60, 48, 84, 144, 108, 60, 48, 72, 84, 180, 144, 72, 36, 60, 24, 60, 120, 72, 156, 120, 132, 72, 72, 84, 96, 60, 72, 108, 48, 60, 72, 84, 144, 84, 96, 72, 60, 48, 84, 96, 96, 48, 84, 60, 36, 60, 84, 96, 48, 84, 48, 48, 72, 84, 48, 96, 96, 84, 72, 84, 60, 48, 24, 48, 72, 60, 36, 48, 72, 24, 36, 96, 12, 36, 24, 24, 0, 24, 0, 12, 12, 12, 0, 12, 36, 36, 12, 24, 12, 48, 24, 12, 48, 24, 12, 12, 24, 24, 0, 24, 0, 36, 24, 12, 0, 24, 0, 12]",44.459603892991,11.3700203650975,5580,5575.0
0.127 4.25 4 1,"[0, 48, 0, 12, 0, 24, 48, 12, 0, 12, 0, 0, 24, 12, 0, 0, 12, 0, 0, 12, 12, 12, 0, 12, 0, 0, 0, 0, 0, 0, 0, 12, 12, 0, 0, 0, 0, 0, 0, 0, 0, 0, 0, 0, 12, 0, 0, 0, 12, 0, 0, 0, 0, 0, 0, 0, 0, 0, 0, 0, 0, 0, 0, 12, 0, 0, 0, 12, 0, 0, 0, 0, 12, 12, 24, 0, 24, 12, 48, 0, 48, 12, 72, 36, 84, 84, 72, 60, 96, 96, 144, 120, 120, 336, 276, 300, 312, 468, 264, 288, 348, 228, 216, 288, 264, 168, 192, 228, 216, 144, 132, 168, 156, 168, 144, 192, 180, 108, 168, 96, 108, 120, 180, 132, 84, 240, 156, 192, 132, 144, 144, 144, 156, 132, 120, 144, 108, 36, 132, 168, 72, 156, 156, 192, 180, 192, 144, 144, 132, 108, 156, 144, 192, 156, 204, 84, 144, 144, 108, 252, 216, 168, 132, 132, 168, 156, 384, 288, 192, 120, 264, 276, 108, 72, 240, 108, 156, 144, 120, 156, 228, 180, 120, 180, 192, 144, 72, 240, 204, 120, 132, 144, 240, 192, 180, 228, 264, 180, 204, 192, 156, 156, 216, 168, 108, 240, 216, 168, 204, 204, 192, 240, 180, 168, 132, 216, 120, 288, 264, 144, 156, 132, 72, 216, 156, 180, 156, 216, 108, 228, 204, 252, 204, 96, 144, 192, 132, 108, 156, 156, 192, 132, 180, 168, 84, 72, 84, 72, 84, 96, 60, 48, 72, 84, 96, 24, 36, 36, 48, 48, 24, 12, 24, 60, 36, 36, 24, 0, 24, 12, 0, 60, 60, 24, 36, 36, 0, 72, 12, 0, 24, 24, 24, 24, 36, 48, 48, 12]",44.4725591203819,11.3693625953334,5821,5814.0
0.127 4.25 8 1,"[108, 84, 24, 36, 24, 72, 108, 48, 36, 36, 36, 36, 48, 24, 72, 24, 60, 0, 24, 48, 24, 0, 12, 0, 0, 12, 0, 0, 12, 0, 0, 36, 24, 0, 0, 0, 0, 12, 0, 0, 0, 0, 0, 12, 0, 0, 0, 0, 0, 0, 0, 0, 0, 24, 12, 12, 0, 0, 0, 0, 0, 0, 12, 0, 12, 0, 12, 0, 36, 60, 72, 12, 48, 48, 48, 48, 60, 96, 132, 120, 144, 204, 96, 132, 72, 240, 204, 348, 300, 288, 228, 360, 348, 324, 324, 264, 312, 468, 312, 312, 384, 360, 288, 396, 324, 360, 240, 300, 264, 252, 216, 216, 276, 276, 204, 360, 228, 264, 276, 216, 264, 240, 180, 300, 228, 252, 192, 240, 348, 360, 288, 300, 300, 156, 240, 312, 264, 204, 228, 276, 240, 288, 144, 336, 288, 228, 252, 288, 276, 384, 312, 264, 264, 276, 336, 240, 240, 324, 312, 324, 324, 276, 288, 300, 324, 300, 324, 240, 252, 384, 264, 312, 264, 168, 168, 216, 300, 252, 300, 240, 228, 288, 204, 264, 300, 276, 204, 252, 216, 408, 228, 264, 132, 324, 240, 324, 240, 228, 408, 372, 288, 252, 216, 168, 264, 240, 240, 216, 360, 264, 312, 348, 324, 372, 300, 324, 420, 276, 336, 372, 372, 276, 300, 252, 324, 264, 240, 300, 264, 300, 300, 324, 348, 276, 408, 300, 240, 264, 384, 288, 360, 276, 204, 240, 240, 288, 192, 252, 240, 240, 276, 204, 132, 180, 132, 144, 144, 216, 84, 156, 132, 132, 48, 96, 144, 156, 84, 144, 96, 84, 48, 60, 72, 72, 132, 168, 24, 84, 120, 48, 60, 60, 144, 120, 60, 0, 84, 84]",44.4726660556511,11.3698246268197,5827,5814.0
0.127 4.26 1 1,"[36, 48, 60, 108, 96, 36, 108, 36, 36, 48, 60, 36, 0, 24, 24, 60, 12, 36, 60, 36, 24, 12, 36, 48, 36, 36, 12, 12, 36, 0, 24, 24, 24, 48, 0, 12, 0, 0, 24, 0, 0, 12, 0, 0, 0, 12, 12, 0, 12, 0, 72, 36, 12, 24, 48, 12, 0, 36, 48, 12, 12, 12, 12, 48, 48, 48, 12, 60, 36, 12, 72, 24, 96, 84, 36, 96, 108, 144, 24, 72, 108, 96, 108, 252, 156, 168, 216, 264, 252, 204, 264, 336, 360, 300, 336, 420, 480, 276, 384, 336, 468, 252, 336, 384, 300, 216, 288, 336, 336, 312, 360, 372, 252, 336, 324, 336, 180, 156, 216, 204, 264, 216, 216, 252, 288, 264, 336, 228, 348, 372, 228, 192, 324, 216, 240, 264, 300, 384, 276, 240, 192, 276, 228, 240, 252, 372, 276, 432, 228, 276, 192, 360, 348, 264, 396, 324, 228, 252, 264, 312, 276, 264, 240, 324, 300, 228, 324, 336, 240, 132, 336, 336, 336, 312, 288, 264, 312, 348, 348, 204, 372, 240, 312, 360, 264, 336, 180, 228, 276, 504, 504, 384, 360, 240, 312, 348, 348, 288, 324, 396, 480, 360, 336, 276, 372, 456, 312, 396, 384, 300, 492, 636, 468, 408, 420, 636, 288, 348, 444, 528, 432, 468, 252, 288, 432, 384, 276, 420, 312, 384, 396, 480, 432, 288, 264, 288, 300, 192, 360, 252, 324, 264, 348, 384, 216, 204, 252, 156, 144, 204, 156, 180, 192, 120, 108, 144, 108, 132, 180, 120, 96, 132, 132, 84, 168, 120, 84, 24, 24, 84, 132, 144, 108, 60, 72, 84, 72, 48, 96, 84, 156, 96, 60, 144, 48, 96, 84, 108]",44.4664605718051,11.3765553941676,6662,5693.0
0.127 4.26 2 1,"[12, 0, 0, 12, 0, 0, 12, 12, 0, 0, 0, 0, 0, 0, 0, 12, 0, 12, 12, 0, 0, 0, 0, 12, 0, 0, 0, 0, 0, 0, 0, 0, 0, 12, 0, 0, 0, 0, 0, 0, 0, 0, 0, 0, 0, 12, 0, 0, 0, 0, 0, 0, 0, 0, 12, 12, 0, 36, 0, 12, 0, 0, 0, 24, 0, 12, 0, 0, 12, 12, 0, 12, 0, 24, 12, 24, 24, 48, 0, 24, 12, 0, 0, 24, 0, 12, 12, 12, 24, 60, 36, 36, 12, 48, 108, 36, 72, 168, 156, 72, 72, 96, 36, 72, 24, 48, 84, 72, 24, 72, 36, 84, 48, 72, 108, 48, 60, 48, 12, 24, 24, 108, 48, 120, 48, 36, 72, 60, 24, 60, 36, 60, 60, 36, 84, 24, 24, 84, 60, 60, 60, 12, 36, 36, 48, 72, 36, 48, 48, 48, 48, 36, 24, 60, 120, 72, 36, 12, 48, 48, 96, 24, 96, 96, 24, 36, 48, 36, 12, 60, 96, 36, 12, 60, 84, 12, 12, 36, 36, 24, 72, 0, 36, 24, 24, 12, 48, 108, 48, 48, 96, 36, 24, 48, 84, 48, 48, 72, 72, 72, 108, 84, 60, 36, 36, 48, 24, 84, 36, 24, 24, 60, 48, 12, 60, 36, 0, 12, 48, 48, 48, 36, 96, 84, 24, 96, 60, 84, 36, 48, 60, 24, 96, 24, 48, 96, 0, 60, 48, 48, 24, 24, 36, 72, 0, 12, 24, 48, 60, 24, 12, 24, 36, 36, 36, 24, 0, 36, 0, 0, 0, 0, 24, 12, 24, 0, 12, 12, 24, 36, 24, 12, 24, 0, 0, 0, 12, 0, 0, 0, 12, 0, 12, 24, 0, 12, 0, 12]",44.4676300663639,11.3769822415871,6659,5736.0
0.127 4.26 6 1,"[36, 60, 108, 60, 36, 72, 48, 48, 60, 12, 60, 60, 48, 12, 36, 60, 36, 12, 12, 24, 36, 0, 36, 12, 0, 24, 0, 12, 24, 12, 0, 12, 12, 36, 24, 12, 0, 12, 0, 12, 0, 0, 36, 12, 24, 12, 24, 24, 12, 36, 24, 24, 24, 36, 60, 24, 48, 36, 24, 48, 24, 60, 24, 36, 108, 60, 72, 120, 72, 72, 48, 132, 108, 132, 84, 84, 108, 108, 288, 108, 288, 180, 192, 204, 336, 348, 408, 384, 384, 420, 660, 456, 696, 660, 888, 756, 900, 732, 720, 696, 588, 732, 516, 648, 684, 600, 564, 744, 648, 612, 504, 636, 528, 564, 564, 528, 528, 504, 456, 564, 540, 672, 516, 528, 564, 468, 468, 552, 480, 480, 672, 576, 504, 492, 396, 576, 540, 468, 432, 468, 396, 540, 612, 372, 408, 528, 516, 660, 576, 552, 444, 552, 528, 492, 564, 612, 516, 456, 432, 432, 552, 480, 384, 528, 624, 384, 456, 588, 528, 408, 696, 612, 480, 660, 408, 456, 468, 612, 468, 432, 504, 456, 528, 468, 600, 492, 492, 516, 492, 480, 540, 528, 552, 456, 696, 576, 732, 468, 504, 792, 660, 588, 612, 672, 636, 624, 708, 600, 408, 576, 768, 492, 732, 552, 672, 468, 468, 648, 564, 552, 516, 564, 444, 564, 612, 720, 564, 396, 480, 492, 600, 540, 456, 372, 480, 432, 552, 600, 444, 516, 396, 516, 432, 420, 300, 252, 336, 384, 324, 384, 180, 288, 216, 252, 288, 276, 180, 156, 180, 180, 156, 120, 168, 168, 156, 240, 252, 108, 156, 144, 60, 204, 144, 144, 132, 84, 204, 156, 120, 84, 156, 84, 96, 84, 276, 84, 96, 72]",44.4677712779438,11.3761307035169,5735,5736.0
0.127 4.27 2 1,"[48, 0, 84, 60, 24, 12, 36, 36, 60, 24, 24, 36, 12, 12, 0, 12, 12, 0, 12, 24, 12, 24, 0, 0, 0, 24, 12, 12, 12, 12, 12, 0, 0, 12, 0, 0, 12, 0, 0, 36, 0, 0, 12, 12, 12, 0, 12, 0, 24, 0, 12, 0, 0, 12, 36, 0, 24, 24, 0, 0, 0, 12, 48, 12, 24, 36, 12, 24, 36, 24, 36, 72, 60, 24, 60, 60, 72, 84, 72, 132, 72, 36, 96, 156, 132, 180, 168, 240, 192, 168, 204, 312, 312, 420, 360, 384, 360, 348, 372, 300, 336, 288, 348, 420, 300, 324, 348, 300, 300, 348, 276, 276, 336, 216, 204, 108, 252, 168, 180, 252, 264, 168, 312, 192, 240, 132, 216, 168, 228, 264, 276, 240, 300, 324, 384, 468, 540, 456, 384, 420, 420, 228, 228, 240, 180, 240, 264, 204, 276, 324, 216, 192, 276, 216, 180, 168, 132, 276, 312, 144, 192, 192, 180, 324, 204, 144, 276, 192, 300, 228, 216, 276, 192, 168, 276, 204, 216, 192, 180, 192, 156, 300, 216, 216, 216, 264, 132, 240, 168, 192, 360, 288, 240, 252, 360, 204, 252, 144, 336, 456, 372, 288, 204, 348, 216, 252, 276, 288, 204, 372, 252, 324, 228, 312, 324, 348, 480, 348, 396, 312, 360, 204, 300, 324, 252, 300, 312, 228, 180, 240, 348, 288, 324, 180, 228, 144, 312, 216, 204, 120, 216, 168, 180, 168, 108, 216, 180, 72, 144, 108, 96, 96, 120, 108, 156, 72, 156, 96, 84, 48, 60, 48, 96, 96, 96, 60, 84, 96, 84, 60, 108, 0, 108, 48, 84, 24, 48, 60, 24, 60, 72, 108, 0, 96, 36, 36, 120, 48]",44.4708506881801,11.3778677446782,6698,5838.0
0.127 4.27 6 1,"[12, 0, 24, 0, 12, 12, 12, 0, 0, 0, 0, 12, 0, 0, 0, 0, 0, 0, 0, 12, 0, 0, 0, 0, 0, 12, 0, 0, 0, 0, 0, 0, 0, 0, 12, 0, 0, 0, 0, 0, 0, 0, 12, 0, 0, 0, 0, 12, 0, 0, 0, 0, 0, 0, 0, 0, 0, 0, 0, 0, 12, 0, 24, 0, 0, 0, 12, 0, 12, 0, 0, 12, 0, 0, 0, 12, 0, 0, 0, 0, 12, 36, 36, 24, 12, 0, 12, 48, 0, 36, 0, 48, 12, 84, 84, 120, 12, 24, 36, 36, 24, 72, 48, 120, 48, 84, 84, 96, 48, 60, 60, 96, 60, 24, 96, 72, 120, 12, 48, 48, 60, 84, 96, 120, 48, 48, 72, 48, 36, 72, 96, 108, 132, 72, 132, 96, 96, 168, 84, 108, 108, 108, 120, 72, 132, 180, 120, 96, 96, 120, 48, 108, 96, 144, 108, 96, 36, 48, 96, 108, 108, 48, 72, 144, 84, 96, 84, 72, 84, 84, 96, 96, 48, 72, 72, 120, 60, 96, 72, 24, 36, 84, 72, 108, 24, 48, 36, 48, 48, 36, 120, 72, 120, 72, 96, 48, 60, 48, 144, 108, 144, 72, 120, 132, 108, 192, 120, 36, 180, 144, 144, 108, 132, 144, 120, 156, 120, 120, 132, 144, 84, 108, 180, 84, 240, 132, 72, 132, 204, 120, 96, 72, 132, 156, 108, 168, 192, 72, 60, 48, 108, 72, 144, 48, 96, 96, 60, 84, 60, 72, 36, 24, 36, 72, 60, 12, 36, 12, 36, 12, 0, 12, 24, 24, 24, 12, 0, 0, 0, 0, 12, 0, 24, 36, 12, 0, 12, 24, 24, 12, 24, 48, 0, 12, 12, 0, 12, 0]",44.4708716804641,11.3770252297498,5838,16953.0
0.127 4.28 10 1,"[24, 12, 12, 12, 48, 36, 12, 12, 0, 0, 12, 0, 12, 0, 0, 12, 0, 12, 12, 0, 0, 24, 0, 0, 12, 12, 0, 0, 0, 0, 0, 0, 12, 12, 0, 12, 0, 0, 0, 0, 0, 0, 0, 0, 0, 0, 0, 0, 0, 0, 0, 12, 0, 0, 0, 12, 0, 12, 12, 0, 12, 0, 12, 12, 0, 0, 0, 24, 0, 0, 24, 24, 36, 12, 12, 0, 12, 12, 36, 48, 0, 12, 12, 24, 24, 12, 0, 48, 0, 60, 120, 108, 108, 60, 120, 156, 72, 72, 60, 60, 156, 120, 72, 96, 96, 144, 96, 144, 132, 96, 144, 72, 60, 48, 60, 84, 96, 120, 48, 84, 60, 96, 108, 48, 60, 72, 108, 96, 108, 36, 84, 48, 108, 60, 120, 108, 48, 48, 108, 96, 120, 72, 96, 168, 60, 96, 36, 108, 96, 72, 84, 132, 96, 180, 60, 156, 60, 72, 84, 84, 180, 192, 108, 60, 12, 48, 72, 48, 72, 108, 84, 60, 108, 96, 24, 24, 144, 84, 72, 24, 108, 84, 84, 96, 84, 60, 72, 84, 84, 108, 84, 96, 120, 96, 108, 84, 72, 132, 60, 132, 144, 156, 156, 96, 132, 72, 144, 84, 132, 156, 144, 36, 156, 132, 132, 168, 156, 204, 156, 156, 216, 96, 132, 108, 120, 132, 144, 168, 96, 108, 108, 108, 132, 96, 120, 96, 120, 84, 84, 120, 60, 156, 60, 12, 96, 60, 108, 24, 36, 48, 48, 96, 36, 60, 72, 24, 48, 36, 24, 60, 12, 48, 48, 60, 12, 48, 48, 24, 24, 36, 12, 12, 24, 48, 36, 12, 48, 0, 12, 24, 24, 12, 36, 72, 36, 48, 36, 12]",44.474403880973,11.3681319626778,5856,5857.0
0.127 4.31 4 2,"[12, 12, 12, 24, 36, 24, 24, 24, 0, 12, 24, 0, 12, 0, 12, 12, 36, 12, 0, 0, 24, 0, 12, 0, 12, 0, 24, 0, 0, 0, 0, 0, 0, 0, 0, 0, 0, 0, 0, 0, 0, 12, 0, 0, 0, 0, 0, 0, 0, 24, 0, 0, 0, 0, 0, 24, 12, 0, 0, 0, 0, 0, 0, 0, 0, 0, 12, 12, 0, 12, 12, 48, 36, 12, 0, 24, 24, 24, 24, 12, 0, 48, 60, 12, 60, 72, 72, 96, 108, 96, 108, 168, 132, 60, 204, 240, 204, 264, 180, 312, 180, 144, 144, 168, 132, 96, 84, 180, 108, 144, 180, 84, 120, 72, 60, 96, 84, 72, 96, 132, 72, 60, 96, 156, 72, 144, 144, 84, 72, 132, 120, 72, 108, 72, 48, 60, 60, 84, 84, 72, 108, 48, 144, 60, 48, 72, 84, 108, 72, 108, 84, 108, 48, 108, 60, 72, 144, 168, 84, 288, 84, 48, 108, 72, 24, 144, 168, 72, 168, 168, 132, 228, 204, 72, 84, 108, 96, 108, 108, 60, 24, 72, 48, 72, 60, 168, 48, 120, 96, 96, 96, 204, 108, 120, 132, 120, 120, 144, 144, 96, 108, 204, 96, 144, 192, 84, 108, 60, 84, 120, 36, 84, 132, 72, 72, 108, 168, 108, 156, 72, 168, 108, 168, 96, 144, 120, 48, 72, 108, 120, 204, 84, 132, 84, 108, 144, 108, 156, 60, 108, 96, 84, 156, 168, 96, 72, 60, 24, 48, 96, 60, 60, 24, 48, 36, 60, 24, 48, 24, 48, 36, 36, 84, 96, 12, 0, 36, 24, 24, 24, 36, 60, 36, 12, 12, 0, 60, 24, 60, 36, 0, 12, 36, 48, 36, 48, 24, 12]",44.4791039379357,11.364745790592,5780,5779.0
0.127 4.32 4 1,"[24, 12, 48, 84, 36, 0, 12, 24, 24, 0, 24, 24, 24, 0, 12, 12, 0, 0, 0, 0, 0, 0, 12, 0, 0, 0, 0, 12, 0, 0, 0, 0, 0, 0, 0, 12, 12, 0, 0, 0, 0, 12, 0, 0, 0, 0, 0, 0, 0, 0, 0, 0, 0, 0, 12, 0, 12, 12, 0, 0, 0, 0, 0, 0, 0, 0, 24, 12, 12, 12, 0, 0, 12, 12, 24, 36, 24, 24, 12, 36, 36, 36, 60, 48, 60, 84, 144, 72, 144, 216, 156, 252, 456, 504, 420, 360, 396, 324, 372, 168, 228, 156, 264, 396, 264, 324, 240, 276, 264, 204, 180, 96, 216, 156, 216, 192, 204, 168, 96, 84, 84, 276, 120, 228, 156, 144, 60, 96, 204, 132, 144, 132, 144, 144, 36, 108, 120, 96, 120, 144, 108, 120, 120, 72, 156, 144, 192, 156, 120, 108, 156, 216, 120, 84, 120, 132, 108, 96, 168, 204, 240, 144, 72, 156, 144, 156, 120, 228, 216, 216, 252, 336, 228, 108, 48, 72, 168, 192, 72, 144, 204, 132, 132, 180, 120, 108, 180, 168, 192, 96, 144, 168, 120, 156, 276, 168, 120, 192, 168, 264, 180, 156, 120, 156, 36, 216, 180, 168, 96, 132, 132, 216, 132, 132, 132, 180, 108, 156, 156, 228, 180, 120, 228, 228, 144, 144, 192, 180, 132, 60, 144, 96, 144, 84, 156, 120, 228, 168, 168, 84, 180, 84, 144, 108, 132, 108, 96, 144, 108, 108, 84, 24, 36, 96, 60, 36, 48, 84, 48, 0, 36, 48, 36, 36, 60, 48, 48, 48, 36, 48, 36, 36, 0, 12, 36, 48, 36, 36, 24, 24, 0, 12, 12, 48, 36, 48, 36, 24]",44.4808757342282,11.3620651183721,6321,6320.0
0.127 4.33 4 1,"[24, 48, 24, 36, 12, 24, 60, 24, 12, 12, 36, 24, 0, 24, 0, 12, 48, 12, 0, 0, 12, 0, 0, 0, 12, 0, 0, 0, 0, 0, 0, 0, 0, 0, 12, 0, 0, 0, 12, 0, 36, 12, 0, 0, 12, 12, 0, 0, 0, 0, 0, 24, 0, 12, 0, 0, 0, 0, 0, 0, 0, 0, 0, 36, 12, 24, 24, 12, 0, 12, 12, 36, 12, 0, 48, 48, 12, 0, 24, 24, 60, 48, 48, 108, 36, 72, 72, 72, 108, 216, 156, 336, 336, 408, 252, 300, 264, 252, 264, 468, 324, 264, 252, 264, 276, 360, 276, 420, 276, 252, 276, 384, 204, 312, 204, 276, 204, 168, 168, 168, 180, 192, 192, 156, 240, 180, 144, 144, 192, 132, 180, 132, 216, 156, 192, 180, 240, 132, 180, 144, 84, 156, 156, 192, 132, 312, 168, 192, 180, 156, 192, 168, 132, 168, 144, 144, 120, 180, 96, 108, 156, 132, 168, 168, 120, 144, 144, 192, 192, 120, 156, 132, 84, 168, 108, 168, 96, 180, 204, 96, 192, 96, 180, 168, 120, 240, 96, 180, 108, 180, 180, 204, 144, 108, 180, 216, 144, 216, 144, 180, 204, 204, 264, 240, 132, 144, 192, 108, 204, 180, 216, 120, 144, 204, 192, 156, 108, 204, 120, 144, 204, 228, 132, 300, 228, 156, 192, 144, 180, 192, 84, 168, 72, 96, 252, 60, 204, 96, 132, 96, 120, 180, 168, 168, 132, 72, 132, 120, 48, 132, 60, 84, 96, 72, 84, 72, 36, 24, 60, 84, 24, 72, 60, 36, 48, 24, 48, 36, 48, 12, 48, 36, 60, 48, 24, 24, 36, 60, 36, 12, 36, 96, 36, 12, 60, 24, 24, 60]",44.4827843221294,11.3584440126321,6331,6301.0
0.127 4.33 8 1,"[0, 0, 0, 0, 0, 0, 0, 0, 0, 0, 0, 0, 0, 0, 0, 0, 0, 0, 0, 0, 0, 0, 0, 0, 0, 0, 0, 0, 0, 0, 0, 0, 0, 0, 0, 0, 0, 0, 0, 0, 0, 0, 0, 0, 0, 0, 0, 0, 0, 0, 0, 0, 0, 0, 0, 0, 0, 0, 0, 0, 0, 0, 0, 0, 0, 0, 0, 0, 0, 0, 0, 0, 0, 0, 0, 0, 0, 0, 0, 0, 0, 0, 0, 0, 0, 0, 0, 0, 0, 0, 0, 0, 0, 0, 0, 0, 0, 0, 0, 0, 0, 0, 0, 0, 0, 0, 0, 0, 0, 0, 0, 0, 0, 0, 0, 0, 0, 0, 0, 0, 0, 0, 0, 0, 0, 0, 0, 0, 0, 0, 0, 0, 0, 0, 0, 0, 0, 0, 0, 0, 0, 0, 0, 0, 0, 0, 0, 0, 0, 0, 0, 0, 0, 0, 0, 0, 0, 0, 0, 0, 0, 0, 0, 0, 0, 0, 0, 0, 0, 0, 0, 0, 0, 0, 0, 0, 0, 0, 0, 0, 0, 0, 0, 0, 0, 0, 0, 0, 0, 0, 0, 0, 0, 0, 0, 0, 0, 0, 0, 0, 0, 0, 0, 0, 0, 0, 0, 0, 0, 0, 0, 0, 0, 0, 0, 0, 0, 0, 0, 0, 0, 0, 0, 0, 0, 0, 0, 0, 0, 0, 0, 0, 0, 0, 0, 0, 0, 0, 0, 0, 0, 0, 0, 0, 0, 0, 0, 0, 0, 0, 0, 0, 0, 0, 0, 0, 0, 0, 0, 0, 0, 0, 0, 0, 0, 0, 0, 0, 0, 0, 0, 0, 0, 0, 0, 0, 0, 0, 0, 0, 0, 0, 0, 0, 0, 0, 0, 0]",44.4833307956986,11.3588149053865,6300,6301.0
0.127 4.34 8 1,"[0, 0, 36, 12, 12, 0, 24, 12, 0, 12, 0, 0, 0, 0, 0, 0, 0, 0, 0, 0, 0, 0, 2736, 3180, 3276, 3492, 3444, 3540, 3636, 3576, 3588, 3300, 3576, 3396, 3276, 3372, 3540, 2784, 2052, 2304, 2964, 3072, 2676, 2316, 1440, 888, 2388, 2616, 2472, 2604, 2352, 2088, 1332, 1236, 3048, 2952, 3120, 3180, 3288, 2856, 2916, 2808, 1632, 2592, 3132, 3168, 3036, 2784, 3048, 2988, 2892, 2436, 2892, 3216, 2832, 2784, 2784, 3384, 3156, 3120, 2916, 1404, 2400, 1296, 72, 120, 96, 156, 216, 96, 84, 120, 252, 204, 240, 324, 300, 180, 384, 156, 252, 240, 228, 492, 156, 264, 132, 252, 180, 216, 240, 120, 180, 168, 180, 168, 132, 96, 120, 120, 168, 168, 144, 144, 132, 144, 168, 120, 84, 180, 108, 120, 132, 216, 156, 132, 144, 180, 132, 192, 168, 180, 180, 144, 180, 132, 180, 204, 192, 204, 180, 216, 240, 60, 120, 216, 120, 144, 180, 132, 60, 144, 192, 180, 84, 216, 168, 204, 120, 156, 144, 132, 192, 96, 72, 144, 120, 132, 156, 132, 96, 192, 204, 108, 72, 96, 96, 144, 120, 96, 252, 144, 144, 156, 192, 156, 48, 132, 168, 168, 288, 204, 108, 168, 108, 180, 228, 120, 120, 168, 96, 132, 192, 168, 168, 156, 168, 276, 156, 168, 72, 84, 96, 156, 132, 120, 168, 48, 168, 120, 108, 132, 120, 132, 192, 216, 120, 84, 84, 108, 168, 120, 132, 168, 132, 108, 96, 72, 48, 60, 72, 120, 96, 96, 60, 48, 96, 24, 48, 36, 36, 72, 60, 24, 36, 36, 36, 60, 24, 0, 60, 12, 36, 12, 24, 60, 24, 84, 0, 24, 24, 24, 36, 12, 48, 24, 24, 24]",44.4700638312107,11.3713206956993,5760,5831.0
0.127 4.35 4 1,"[0, 36, 12, 24, 24, 24, 12, 0, 36, 0, 12, 24, 0, 12, 12, 0, 12, 24, 12, 0, 12, 0, 12, 12, 0, 0, 0, 0, 12, 0, 0, 24, 0, 0, 0, 0, 12, 12, 0, 12, 0, 0, 0, 24, 12, 0, 0, 0, 0, 12, 0, 0, 24, 0, 12, 12, 12, 0, 0, 12, 12, 24, 0, 0, 0, 12, 12, 12, 36, 12, 12, 12, 0, 24, 24, 24, 12, 24, 72, 48, 36, 24, 24, 24, 120, 84, 72, 96, 120, 96, 96, 192, 204, 204, 216, 228, 216, 120, 180, 144, 132, 168, 240, 168, 204, 204, 192, 156, 192, 120, 120, 156, 120, 84, 144, 72, 60, 108, 132, 96, 84, 84, 96, 96, 120, 96, 108, 84, 120, 120, 108, 204, 156, 108, 120, 168, 96, 60, 84, 96, 120, 132, 96, 96, 144, 84, 36, 96, 120, 132, 72, 132, 180, 84, 120, 156, 0, 132, 120, 72, 240, 120, 168, 120, 120, 144, 156, 108, 216, 132, 60, 96, 24, 168, 72, 156, 96, 144, 96, 144, 120, 108, 60, 108, 96, 108, 156, 132, 252, 108, 120, 144, 180, 96, 108, 132, 120, 144, 180, 168, 180, 144, 96, 216, 120, 180, 132, 168, 144, 108, 132, 144, 120, 156, 120, 156, 132, 156, 216, 120, 96, 240, 48, 144, 108, 132, 180, 168, 180, 132, 252, 108, 144, 144, 120, 180, 144, 96, 72, 84, 108, 168, 120, 72, 36, 108, 108, 72, 168, 156, 72, 36, 108, 24, 96, 84, 72, 60, 36, 72, 36, 96, 48, 12, 60, 36, 24, 36, 36, 60, 48, 96, 36, 36, 60, 24, 48, 12, 60, 0, 12, 48, 12, 24, 36, 48, 0, 60]",44.476538322225,11.3718587692243,14050,5882.0
0.127 4.35 5 1,"[108, 72, 24, 72, 48, 72, 12, 48, 36, 36, 24, 36, 36, 24, 36, 24, 36, 12, 0, 24, 0, 36, 24, 48, 36, 48, 12, 0, 0, 24, 0, 12, 48, 0, 24, 0, 24, 24, 0, 0, 0, 0, 0, 0, 0, 12, 0, 12, 0, 0, 12, 0, 0, 24, 12, 24, 12, 0, 0, 12, 24, 0, 36, 12, 24, 0, 12, 36, 36, 12, 0, 24, 48, 24, 36, 24, 36, 72, 168, 48, 48, 108, 84, 96, 72, 192, 156, 216, 156, 240, 180, 456, 336, 360, 360, 384, 288, 396, 348, 420, 504, 300, 348, 408, 312, 396, 288, 348, 312, 264, 156, 180, 120, 156, 240, 324, 156, 288, 204, 168, 204, 144, 192, 192, 132, 168, 240, 264, 192, 144, 204, 216, 228, 216, 252, 156, 192, 72, 156, 216, 216, 144, 216, 216, 36, 144, 132, 264, 204, 156, 276, 264, 204, 228, 240, 228, 168, 192, 264, 192, 252, 300, 156, 192, 192, 180, 300, 336, 276, 192, 108, 276, 168, 252, 204, 216, 228, 204, 216, 348, 192, 288, 228, 228, 276, 276, 240, 228, 288, 348, 192, 192, 300, 312, 288, 324, 264, 264, 252, 204, 300, 276, 180, 252, 252, 336, 348, 288, 240, 204, 324, 192, 300, 336, 288, 252, 336, 276, 372, 192, 300, 312, 300, 276, 216, 324, 324, 264, 264, 288, 204, 60, 204, 216, 276, 72, 252, 240, 324, 204, 168, 288, 264, 192, 132, 180, 264, 144, 132, 108, 228, 144, 84, 108, 120, 72, 108, 72, 108, 72, 48, 48, 60, 60, 24, 108, 60, 36, 120, 108, 72, 96, 84, 60, 96, 36, 60, 72, 120, 36, 48, 96, 48, 48, 60, 72, 48, 84]",44.4761182727405,11.3730470323002,16349,5878.0
0.127 4.35 8 1,"[48, 24, 36, 24, 12, 0, 12, 12, 24, 36, 0, 0, 0, 0, 12, 0, 12, 0, 0, 12, 0, 0, 0, 0, 0, 0, 12, 0, 0, 0, 0, 0, 0, 12, 0, 0, 0, 0, 12, 0, 0, 0, 0, 0, 0, 0, 0, 12, 0, 0, 0, 0, 0, 0, 0, 0, 0, 0, 0, 0, 0, 0, 12, 12, 12, 12, 0, 0, 0, 12, 0, 12, 0, 12, 48, 24, 0, 12, 12, 36, 36, 24, 48, 36, 48, 36, 36, 60, 72, 60, 132, 180, 48, 36, 132, 120, 216, 180, 96, 132, 156, 168, 156, 168, 216, 144, 108, 132, 144, 96, 132, 72, 12, 84, 132, 72, 60, 132, 120, 96, 132, 84, 60, 48, 72, 84, 48, 84, 120, 108, 60, 60, 72, 60, 96, 84, 132, 96, 48, 72, 24, 84, 120, 144, 132, 156, 132, 96, 84, 120, 84, 60, 108, 84, 108, 168, 96, 192, 144, 168, 96, 36, 36, 96, 168, 132, 108, 156, 84, 228, 168, 192, 48, 96, 84, 84, 60, 96, 36, 60, 120, 108, 48, 84, 48, 24, 72, 132, 108, 84, 36, 72, 48, 96, 84, 96, 156, 132, 252, 204, 180, 180, 132, 132, 132, 60, 168, 96, 108, 120, 180, 144, 132, 132, 156, 72, 132, 168, 168, 144, 132, 108, 168, 168, 180, 240, 120, 192, 132, 108, 180, 192, 120, 180, 156, 192, 144, 108, 132, 96, 108, 144, 216, 72, 108, 36, 144, 96, 48, 60, 36, 48, 72, 24, 108, 36, 48, 48, 24, 24, 24, 60, 24, 36, 24, 36, 36, 0, 72, 48, 48, 36, 24, 0, 24, 12, 0, 48, 36, 0, 48, 0, 24, 24, 0, 0, 72, 84]",44.4769091131577,11.3721202028794,5847,5882.0
0.127 4.36 4 1,"[156, 168, 96, 204, 132, 96, 120, 132, 72, 12, 132, 108, 96, 108, 60, 24, 108, 72, 48, 72, 36, 48, 48, 60, 48, 36, 24, 12, 0, 48, 48, 36, 48, 48, 0, 48, 24, 36, 36, 24, 0, 12, 36, 0, 24, 48, 48, 108, 24, 60, 36, 48, 48, 24, 72, 48, 24, 48, 72, 84, 84, 48, 108, 96, 144, 72, 108, 204, 96, 144, 120, 96, 228, 144, 180, 180, 144, 264, 444, 336, 384, 384, 456, 408, 384, 660, 648, 672, 708, 768, 768, 948, 936, 852, 1044, 828, 948, 1116, 996, 1080, 924, 816, 840, 996, 1020, 996, 1020, 744, 852, 876, 756, 900, 900, 684, 900, 924, 636, 960, 768, 612, 828, 624, 648, 696, 492, 684, 732, 744, 708, 516, 816, 672, 708, 696, 528, 840, 696, 636, 672, 624, 624, 612, 588, 528, 636, 672, 564, 528, 600, 732, 528, 756, 636, 744, 720, 636, 552, 708, 600, 648, 732, 744, 612, 444, 672, 624, 648, 672, 828, 732, 636, 816, 720, 612, 636, 660, 636, 624, 744, 480, 888, 528, 768, 900, 492, 720, 708, 492, 612, 816, 684, 744, 588, 636, 840, 756, 792, 720, 732, 840, 996, 876, 816, 960, 780, 936, 972, 804, 1200, 708, 1068, 828, 660, 780, 636, 720, 780, 900, 828, 876, 624, 660, 708, 876, 672, 768, 684, 624, 660, 660, 648, 528, 540, 660, 888, 624, 804, 636, 732, 492, 540, 612, 528, 480, 612, 372, 432, 492, 564, 636, 384, 264, 324, 204, 348, 540, 336, 396, 216, 252, 204, 228, 240, 180, 264, 240, 276, 180, 180, 240, 156, 240, 216, 252, 216, 144, 216, 288, 324, 180, 180, 156, 168, 204, 240, 300, 288, 252]",44.4756138962856,11.3785217104413,17208,15891.0
0.127 4.36 10 1,"[0, 60, 0, 36, 0, 12, 24, 12, 12, 0, 12, 12, 0, 12, 0, 24, 0, 12, 0, 0, 12, 0, 12, 0, 0, 0, 0, 12, 0, 0, 0, 0, 0, 12, 12, 12, 0, 0, 0, 0, 0, 12, 0, 0, 0, 12, 0, 12, 0, 12, 0, 0, 12, 0, 0, 0, 12, 0, 12, 12, 0, 0, 0, 12, 12, 0, 12, 12, 0, 24, 12, 36, 0, 24, 12, 60, 36, 12, 24, 24, 36, 96, 48, 60, 48, 96, 156, 72, 72, 108, 72, 192, 204, 108, 288, 120, 144, 96, 108, 168, 96, 144, 132, 180, 144, 96, 132, 108, 84, 96, 96, 84, 120, 84, 84, 84, 108, 60, 84, 24, 96, 168, 72, 120, 60, 72, 84, 48, 48, 132, 72, 108, 120, 84, 96, 120, 108, 60, 120, 96, 84, 132, 72, 72, 120, 84, 96, 144, 144, 132, 84, 132, 84, 96, 120, 84, 72, 72, 108, 96, 60, 72, 108, 84, 216, 48, 96, 108, 108, 108, 108, 84, 132, 12, 132, 84, 48, 144, 132, 72, 24, 120, 96, 72, 108, 60, 60, 84, 108, 108, 156, 72, 120, 36, 168, 132, 216, 108, 108, 156, 168, 96, 96, 120, 60, 156, 108, 84, 144, 144, 156, 108, 132, 72, 60, 120, 24, 144, 120, 84, 108, 108, 84, 96, 36, 120, 48, 84, 96, 60, 132, 108, 96, 72, 72, 108, 132, 72, 132, 72, 36, 72, 132, 120, 48, 108, 36, 36, 36, 24, 108, 24, 72, 108, 48, 0, 12, 72, 48, 36, 48, 60, 72, 108, 132, 12, 48, 36, 60, 60, 12, 60, 12, 24, 72, 12, 12, 36, 24, 12, 60, 36, 24, 24, 12, 12, 12, 24]",44.476760564837,11.37936091548,6730,15891.0
0.127 4.37 4 1,"[36, 12, 24, 0, 0, 12, 0, 0, 24, 0, 0, 12, 12, 0, 0, 12, 0, 0, 12, 0, 0, 12, 0, 12, 0, 0, 0, 0, 0, 0, 0, 0, 0, 0, 0, 0, 0, 0, 0, 0, 0, 0, 0, 0, 0, 0, 0, 0, 0, 0, 0, 0, 0, 0, 0, 0, 12, 0, 0, 0, 0, 12, 0, 24, 0, 36, 12, 0, 0, 12, 12, 12, 0, 36, 12, 12, 12, 0, 12, 0, 24, 24, 60, 36, 48, 36, 48, 72, 144, 60, 96, 96, 36, 180, 168, 132, 84, 120, 168, 276, 252, 144, 252, 156, 96, 96, 84, 120, 204, 120, 132, 96, 60, 48, 96, 12, 72, 60, 96, 0, 48, 96, 108, 12, 72, 60, 48, 12, 84, 108, 60, 96, 48, 60, 36, 72, 36, 12, 72, 12, 132, 60, 84, 48, 96, 36, 48, 12, 60, 60, 48, 84, 48, 24, 60, 36, 60, 48, 60, 84, 12, 36, 108, 48, 60, 48, 48, 24, 96, 72, 24, 84, 36, 72, 48, 60, 72, 60, 24, 48, 48, 36, 60, 12, 36, 36, 60, 48, 48, 36, 36, 24, 60, 60, 108, 108, 168, 96, 120, 228, 96, 120, 84, 72, 96, 108, 108, 132, 132, 120, 96, 120, 132, 96, 72, 96, 144, 48, 156, 180, 72, 36, 120, 72, 120, 60, 84, 84, 24, 24, 72, 36, 48, 48, 12, 120, 132, 72, 72, 48, 48, 36, 48, 36, 12, 48, 24, 24, 24, 24, 36, 12, 0, 12, 48, 0, 12, 12, 12, 48, 60, 48, 24, 12, 12, 36, 60, 60, 24, 24, 12, 0, 12, 0, 12, 36, 24, 0, 0, 12, 24, 0, 12, 12, 24, 36, 24, 0]",44.4737663970424,11.3820348438904,6696,6699.0
0.127 4.37 8 1,"[12, 0, 24, 0, 36, 12, 24, 12, 24, 0, 0, 0, 12, 24, 0, 24, 12, 0, 24, 0, 12, 12, 24, 12, 12, 0, 0, 0, 12, 12, 0, 0, 0, 12, 0, 12, 0, 0, 0, 0, 0, 0, 0, 0, 0, 0, 0, 0, 12, 0, 0, 12, 0, 0, 12, 0, 12, 0, 24, 0, 0, 0, 0, 24, 12, 0, 48, 12, 12, 0, 12, 0, 48, 36, 48, 12, 48, 12, 48, 108, 48, 72, 84, 60, 84, 96, 84, 168, 180, 228, 144, 240, 300, 216, 168, 300, 120, 276, 264, 228, 204, 240, 240, 192, 228, 276, 204, 144, 132, 60, 192, 120, 132, 144, 192, 84, 144, 156, 96, 156, 156, 84, 156, 156, 168, 192, 156, 156, 144, 180, 132, 84, 96, 120, 96, 120, 144, 144, 144, 168, 120, 144, 144, 84, 240, 180, 156, 168, 108, 120, 144, 168, 168, 228, 108, 180, 96, 168, 108, 120, 108, 120, 60, 108, 84, 120, 108, 96, 288, 156, 132, 120, 144, 84, 96, 144, 96, 192, 132, 132, 132, 132, 120, 96, 180, 48, 204, 144, 168, 144, 96, 132, 240, 288, 216, 132, 192, 252, 204, 108, 192, 156, 168, 192, 144, 168, 228, 168, 228, 132, 240, 180, 300, 120, 156, 144, 216, 276, 216, 108, 144, 120, 108, 180, 60, 96, 132, 192, 156, 156, 204, 180, 300, 132, 96, 132, 108, 108, 168, 132, 108, 144, 108, 120, 168, 108, 96, 144, 84, 72, 108, 60, 48, 120, 60, 96, 48, 48, 96, 48, 24, 24, 24, 48, 60, 60, 60, 12, 60, 24, 12, 12, 24, 24, 36, 36, 96, 12, 48, 48, 48, 24, 60, 12, 12, 12, 12, 60]",44.4742031448842,11.3822511986567,6750,6699.0
0.127 4.38 2 1,"[240, 264, 312, 312, 276, 192, 240, 240, 144, 72, 96, 204, 96, 60, 156, 96, 120, 96, 120, 60, 84, 60, 72, 48, 24, 48, 12, 12, 48, 24, 24, 36, 0, 12, 24, 12, 12, 36, 36, 0, 0, 36, 0, 0, 12, 0, 0, 12, 12, 24, 24, 0, 12, 12, 12, 24, 24, 36, 12, 36, 36, 48, 12, 48, 72, 60, 96, 60, 84, 144, 96, 96, 228, 108, 192, 240, 300, 228, 336, 276, 372, 492, 384, 336, 360, 624, 576, 708, 768, 1032, 1020, 1116, 1344, 1320, 1308, 1392, 1452, 1212, 1308, 1008, 1128, 924, 852, 1116, 1032, 1428, 1164, 1140, 1044, 948, 1044, 936, 828, 1104, 888, 1044, 900, 744, 936, 672, 1008, 948, 972, 1032, 684, 696, 888, 948, 936, 780, 864, 888, 840, 852, 1080, 1032, 900, 960, 1008, 936, 1044, 924, 948, 828, 804, 972, 1044, 1008, 1188, 1224, 864, 984, 1092, 1200, 1152, 1032, 1176, 1128, 1284, 1056, 1248, 1092, 1068, 996, 1116, 1056, 1032, 1188, 936, 1176, 1248, 876, 1152, 960, 1080, 780, 816, 984, 1092, 1020, 744, 852, 720, 972, 1032, 1068, 1068, 1044, 876, 1152, 1056, 1296, 984, 1272, 1260, 1092, 1200, 1296, 1200, 1296, 1524, 1284, 1056, 1284, 1416, 1440, 1464, 1788, 1548, 1368, 1404, 1308, 1512, 1728, 1764, 1488, 1488, 1524, 1560, 1404, 1452, 1596, 1596, 1392, 1332, 1212, 1164, 1284, 1176, 1248, 1116, 1380, 1296, 1128, 1068, 1020, 1380, 1188, 984, 1056, 1164, 912, 900, 900, 960, 888, 636, 828, 720, 612, 732, 528, 504, 636, 432, 588, 444, 444, 492, 552, 552, 288, 348, 384, 504, 396, 576, 432, 336, 480, 432, 528, 384, 300, 396, 420, 228, 312, 372, 276, 204, 276, 492, 384, 300, 408, 336, 360]",44.4719189827996,11.3876344425958,6682,17052.0
0.127 4.38 10 1,"[0, 0, 12, 0, 0, 0, 0, 0, 0, 0, 12, 24, 0, 0, 0, 24, 0, 0, 0, 0, 0, 0, 0, 0, 0, 0, 0, 0, 0, 0, 0, 0, 0, 0, 0, 0, 0, 0, 0, 0, 0, 0, 12, 0, 0, 0, 0, 0, 0, 0, 0, 0, 0, 0, 0, 0, 0, 0, 0, 0, 0, 0, 0, 0, 0, 0, 36, 0, 0, 0, 0, 0, 0, 0, 0, 24, 0, 12, 12, 0, 12, 36, 36, 36, 12, 24, 36, 48, 36, 24, 36, 48, 36, 72, 24, 72, 72, 0, 48, 24, 36, 36, 48, 48, 36, 48, 48, 36, 60, 24, 36, 36, 60, 60, 60, 60, 60, 96, 24, 60, 60, 60, 72, 48, 60, 60, 12, 36, 120, 24, 60, 48, 72, 24, 36, 60, 12, 72, 36, 60, 24, 24, 36, 96, 12, 12, 24, 24, 24, 72, 24, 12, 36, 24, 48, 48, 36, 60, 48, 84, 24, 12, 12, 48, 12, 24, 48, 12, 12, 36, 24, 36, 36, 60, 24, 24, 60, 36, 48, 24, 36, 12, 12, 12, 12, 12, 84, 48, 12, 12, 12, 48, 36, 24, 48, 36, 48, 48, 36, 96, 60, 60, 72, 48, 96, 48, 72, 12, 36, 24, 60, 48, 24, 36, 36, 36, 12, 96, 24, 24, 48, 48, 60, 72, 84, 36, 72, 12, 24, 36, 24, 24, 12, 36, 60, 72, 24, 60, 12, 12, 0, 12, 48, 12, 12, 0, 12, 12, 12, 48, 0, 12, 0, 24, 36, 0, 12, 24, 24, 0, 12, 0, 0, 12, 0, 12, 36, 12, 0, 36, 0, 0, 0, 12, 0, 24, 36, 12, 0, 24, 12, 0, 0, 0, 0, 0, 0, 24]",44.4729029948071,11.3875323011537,6713,6712.0
0.127 4.39 2 1,"[180, 60, 48, 60, 60, 60, 48, 24, 72, 60, 12, 48, 36, 84, 24, 24, 36, 0, 24, 60, 36, 24, 12, 0, 0, 0, 24, 0, 0, 0, 0, 0, 0, 0, 0, 12, 0, 24, 0, 0, 0, 0, 12, 12, 0, 24, 0, 0, 12, 0, 0, 0, 0, 48, 24, 0, 36, 0, 0, 0, 24, 12, 72, 12, 84, 60, 60, 36, 48, 156, 84, 36, 48, 132, 156, 108, 144, 180, 156, 132, 216, 360, 240, 168, 360, 288, 348, 456, 576, 816, 672, 828, 852, 648, 540, 576, 636, 984, 876, 792, 624, 576, 468, 600, 972, 744, 672, 576, 360, 684, 336, 516, 720, 552, 276, 732, 480, 480, 504, 384, 576, 744, 600, 480, 528, 480, 168, 324, 432, 456, 468, 408, 648, 444, 348, 384, 360, 540, 384, 480, 468, 420, 432, 504, 504, 504, 552, 372, 444, 144, 540, 444, 576, 336, 480, 528, 336, 420, 360, 480, 408, 492, 612, 372, 456, 384, 396, 312, 456, 492, 528, 480, 492, 252, 264, 276, 576, 372, 360, 444, 528, 384, 480, 468, 456, 444, 408, 564, 528, 564, 528, 456, 516, 624, 384, 444, 780, 516, 600, 876, 468, 504, 480, 600, 600, 504, 528, 684, 564, 636, 756, 384, 672, 756, 420, 552, 552, 708, 900, 528, 504, 744, 516, 588, 516, 420, 444, 336, 468, 660, 660, 516, 420, 768, 372, 492, 360, 360, 312, 444, 288, 468, 360, 468, 456, 312, 300, 312, 288, 420, 240, 216, 180, 168, 312, 144, 156, 156, 192, 156, 132, 72, 312, 216, 96, 72, 84, 144, 144, 144, 96, 192, 96, 108, 192, 216, 120, 180, 132, 156, 120, 216, 120, 192, 156, 108, 60, 108]",44.482664056567,11.3674104651167,6379,6400.0
0.127 4.41 6 1,"[84, 108, 36, 48, 48, 108, 36, 96, 60, 60, 24, 48, 36, 48, 24, 60, 12, 12, 48, 24, 36, 12, 36, 24, 36, 36, 12, 24, 12, 12, 24, 12, 12, 0, 36, 0, 0, 0, 0, 0, 0, 0, 0, 0, 12, 0, 24, 24, 0, 12, 12, 12, 0, 0, 36, 0, 12, 12, 0, 12, 12, 12, 24, 108, 12, 24, 24, 48, 12, 0, 36, 48, 72, 12, 36, 12, 72, 24, 36, 48, 12, 60, 72, 60, 108, 60, 60, 36, 24, 72, 120, 72, 144, 60, 84, 156, 156, 84, 24, 84, 36, 240, 252, 72, 300, 12, 204, 36, 144, 36, 192, 48, 204, 156, 12, 156, 180, 180, 60, 0, 156, 72, 48, 144, 36, 60, 24, 204, 60, 60, 144, 120, 48, 24, 132, 120, 72, 180, 72, 120, 60, 132, 84, 144, 0, 108, 108, 168, 276, 204, 324, 108, 72, 300, 48, 36, 12, 168, 36, 48, 180, 144, 252, 156, 84, 108, 180, 84, 144, 120, 60, 72, 48, 72, 108, 108, 168, 144, 72, 144, 60, 24, 24, 168, 84, 84, 96, 12, 96, 84, 84, 12, 168, 144, 108, 24, 132, 84, 156, 96, 156, 108, 240, 72, 60, 12, 204, 60, 36, 120, 84, 84, 108, 48, 228, 60, 204, 12, 144, 24, 108, 48, 48, 48, 12, 168, 12, 156, 24, 72, 120, 48, 48, 216, 156, 36, 12, 132, 84, 84, 96, 84, 120, 108, 36, 168, 84, 84, 132, 144, 192, 84, 144, 132, 108, 144, 36, 96, 132, 48, 72, 72, 48, 72, 108, 48, 60, 48, 84, 84, 84, 84, 84, 108, 60, 48, 60, 36, 60, 120, 60, 120, 60, 48, 108, 60, 72, 96]",44.4849629869879,11.3559501572473,6345,6355.0
0.127 4.42 2 1,"[204, 192, 204, 300, 216, 300, 324, 120, 96, 108, 84, 60, 96, 132, 240, 120, 72, 48, 60, 60, 72, 84, 192, 132, 36, 48, 24, 12, 12, 60, 12, 120, 96, 0, 0, 0, 24, 12, 24, 72, 84, 36, 24, 48, 12, 36, 24, 24, 96, 132, 36, 12, 12, 48, 48, 12, 24, 168, 108, 24, 12, 24, 48, 72, 84, 72, 228, 144, 60, 120, 84, 72, 96, 228, 252, 300, 240, 156, 276, 300, 420, 408, 432, 444, 732, 936, 816, 1008, 1092, 1176, 1776, 1764, 1608, 1968, 1872, 1512, 1368, 1368, 1332, 1380, 1404, 1572, 1608, 1296, 1524, 1608, 1692, 1440, 1368, 1584, 1704, 1380, 1272, 1152, 1080, 900, 1104, 1008, 936, 1008, 648, 804, 1068, 684, 852, 1104, 864, 828, 864, 708, 660, 756, 936, 1032, 732, 960, 1104, 744, 816, 876, 864, 708, 924, 732, 984, 876, 960, 912, 816, 672, 912, 1044, 1128, 1272, 972, 1044, 840, 960, 972, 960, 1116, 1008, 1116, 852, 792, 972, 1020, 840, 1308, 984, 1296, 912, 876, 1080, 936, 924, 984, 1068, 924, 1188, 984, 816, 936, 840, 660, 900, 876, 1044, 1044, 1236, 972, 996, 936, 1140, 948, 1140, 1128, 840, 1020, 912, 756, 1224, 1272, 1668, 1668, 744, 1392, 1116, 1524, 960, 1188, 1224, 1212, 1164, 972, 1092, 1140, 1008, 1224, 1380, 1236, 1212, 1068, 1212, 1320, 1008, 1080, 1116, 996, 1260, 960, 936, 1008, 948, 972, 948, 1080, 1104, 936, 924, 888, 804, 960, 876, 1116, 804, 852, 612, 564, 636, 492, 492, 444, 444, 720, 432, 324, 408, 324, 336, 408, 372, 588, 348, 300, 144, 276, 336, 348, 312, 300, 372, 336, 276, 228, 180, 360, 468, 288, 444, 444, 360, 264, 348, 324, 432, 348, 288]",44.4860825007459,11.3583698699594,6368,6351.0
0.127 4.43 6 1,"[48, 60, 60, 48, 24, 72, 60, 60, 0, 12, 24, 12, 60, 12, 24, 36, 0, 24, 12, 12, 0, 0, 24, 24, 12, 12, 12, 12, 0, 0, 0, 0, 0, 0, 0, 0, 0, 12, 0, 12, 0, 0, 12, 12, 0, 24, 0, 12, 0, 24, 0, 0, 0, 24, 0, 0, 0, 0, 0, 12, 0, 0, 0, 12, 12, 36, 24, 0, 12, 24, 24, 0, 24, 12, 24, 12, 24, 24, 36, 24, 24, 12, 72, 36, 72, 60, 60, 24, 120, 144, 96, 132, 132, 228, 252, 276, 228, 240, 240, 180, 156, 300, 396, 468, 288, 180, 180, 276, 120, 144, 228, 276, 216, 120, 240, 192, 144, 132, 180, 96, 156, 180, 168, 84, 144, 156, 132, 180, 96, 108, 120, 96, 204, 84, 144, 156, 84, 192, 204, 108, 144, 132, 120, 168, 108, 96, 120, 156, 276, 168, 120, 108, 192, 216, 60, 204, 156, 420, 204, 144, 108, 180, 180, 192, 108, 72, 48, 132, 168, 72, 156, 168, 132, 156, 204, 216, 132, 84, 120, 180, 120, 108, 72, 60, 180, 156, 204, 144, 180, 120, 120, 144, 132, 120, 120, 84, 228, 180, 240, 156, 180, 180, 144, 156, 192, 192, 168, 96, 156, 120, 192, 192, 228, 108, 192, 180, 132, 192, 180, 96, 120, 120, 132, 156, 108, 156, 132, 120, 156, 132, 216, 180, 120, 192, 132, 216, 180, 132, 108, 180, 108, 108, 48, 108, 108, 48, 72, 96, 60, 72, 60, 24, 60, 72, 72, 24, 24, 108, 60, 48, 12, 36, 96, 84, 72, 24, 12, 24, 72, 36, 60, 48, 72, 48, 36, 48, 48, 84, 96, 96, 108, 24, 48, 24, 36, 96, 48, 60]",44.4873319692205,11.3575279049738,6344,16762.0
0.127 4.44 2 1,"[108, 96, 144, 72, 72, 72, 48, 84, 132, 36, 60, 96, 72, 72, 72, 48, 84, 0, 60, 36, 24, 12, 36, 12, 36, 24, 12, 0, 36, 48, 24, 36, 48, 0, 24, 0, 0, 36, 12, 0, 0, 0, 12, 12, 24, 36, 24, 0, 24, 12, 24, 36, 48, 24, 48, 36, 48, 24, 12, 12, 12, 24, 24, 72, 72, 48, 72, 36, 36, 60, 84, 72, 108, 108, 144, 96, 156, 192, 132, 168, 336, 276, 288, 288, 408, 516, 672, 552, 588, 516, 576, 588, 648, 480, 528, 612, 672, 540, 444, 564, 588, 612, 540, 504, 552, 660, 672, 552, 516, 552, 612, 636, 612, 648, 528, 456, 492, 480, 564, 540, 360, 420, 540, 492, 468, 456, 504, 624, 576, 516, 552, 540, 408, 468, 384, 480, 432, 408, 456, 444, 456, 384, 456, 516, 432, 528, 516, 480, 480, 540, 456, 528, 516, 384, 396, 456, 552, 576, 336, 432, 564, 456, 672, 540, 456, 420, 492, 528, 600, 576, 420, 492, 576, 468, 492, 480, 648, 480, 468, 420, 528, 348, 504, 720, 588, 468, 468, 480, 480, 516, 540, 372, 588, 552, 516, 528, 504, 420, 516, 684, 660, 384, 528, 396, 552, 612, 576, 600, 504, 456, 552, 480, 396, 540, 528, 432, 348, 300, 540, 480, 444, 648, 588, 456, 396, 444, 540, 600, 480, 516, 564, 420, 456, 264, 552, 444, 516, 432, 480, 576, 492, 516, 336, 636, 384, 396, 372, 480, 252, 228, 300, 396, 372, 288, 228, 216, 264, 216, 156, 264, 216, 168, 192, 180, 252, 288, 180, 228, 96, 156, 252, 180, 144, 192, 228, 204, 216, 192, 144, 228, 300, 216, 216, 252, 216, 168, 216, 240]",44.4845977789251,11.3482534644332,5954,5965.0
0.127 4.44 6 1,"[108, 60, 84, 48, 84, 108, 108, 36, 24, 60, 36, 48, 60, 84, 12, 24, 48, 36, 24, 36, 12, 120, 36, 36, 36, 48, 12, 12, 0, 12, 24, 12, 0, 12, 0, 0, 0, 0, 0, 12, 0, 12, 12, 0, 36, 12, 12, 0, 12, 0, 24, 0, 12, 24, 24, 0, 12, 12, 0, 12, 0, 0, 12, 12, 0, 12, 12, 12, 48, 0, 12, 12, 36, 36, 12, 12, 36, 24, 24, 0, 0, 24, 108, 36, 72, 36, 84, 120, 60, 108, 120, 264, 144, 132, 192, 180, 252, 228, 144, 180, 168, 192, 204, 192, 180, 216, 240, 252, 228, 204, 264, 204, 204, 168, 216, 348, 216, 288, 252, 264, 264, 156, 156, 180, 144, 156, 204, 240, 300, 204, 168, 180, 240, 192, 228, 156, 204, 192, 264, 192, 192, 240, 240, 276, 228, 360, 168, 204, 204, 264, 144, 240, 228, 288, 168, 288, 216, 372, 288, 252, 228, 240, 180, 204, 96, 156, 96, 144, 252, 384, 216, 216, 180, 120, 180, 144, 216, 204, 204, 240, 264, 144, 156, 144, 144, 192, 192, 156, 216, 180, 216, 228, 252, 108, 168, 276, 180, 216, 192, 132, 240, 180, 216, 276, 276, 240, 240, 180, 180, 216, 132, 216, 120, 192, 120, 228, 156, 240, 240, 312, 300, 132, 216, 228, 204, 228, 180, 180, 240, 240, 108, 252, 144, 264, 240, 252, 168, 312, 216, 240, 156, 276, 228, 348, 168, 132, 192, 180, 180, 216, 132, 132, 144, 96, 132, 120, 108, 108, 72, 72, 132, 192, 96, 168, 96, 72, 108, 120, 84, 108, 156, 120, 84, 96, 132, 120, 144, 120, 216, 180, 180, 84, 120, 180, 168, 156, 228, 72]",44.4859346706038,11.3482680506818,6009,6011.0
0.127 4.44 10 1,"[36, 132, 108, 60, 84, 72, 36, 84, 120, 24, 48, 96, 48, 96, 48, 24, 84, 0, 48, 12, 24, 12, 12, 12, 24, 24, 12, 12, 48, 36, 24, 24, 36, 0, 24, 0, 12, 24, 12, 0, 0, 0, 12, 12, 24, 24, 24, 0, 24, 0, 24, 24, 36, 24, 48, 24, 36, 12, 12, 12, 12, 12, 24, 72, 72, 48, 72, 36, 36, 48, 72, 60, 84, 108, 144, 96, 168, 144, 156, 156, 312, 300, 252, 300, 384, 420, 600, 552, 600, 480, 492, 564, 588, 456, 480, 504, 588, 528, 432, 480, 588, 528, 576, 564, 492, 672, 612, 576, 444, 480, 612, 600, 588, 612, 600, 444, 432, 444, 552, 528, 276, 456, 504, 216, 468, 372, 540, 612, 480, 456, 504, 552, 312, 432, 408, 504, 444, 372, 444, 432, 480, 372, 456, 552, 408, 516, 408, 492, 480, 408, 456, 480, 492, 384, 360, 480, 540, 516, 288, 408, 528, 396, 624, 384, 408, 420, 444, 480, 576, 552, 408, 444, 564, 492, 420, 468, 588, 492, 420, 420, 480, 372, 468, 768, 516, 456, 396, 480, 480, 468, 516, 420, 540, 552, 504, 540, 408, 372, 504, 636, 600, 360, 492, 336, 504, 588, 492, 552, 468, 420, 528, 408, 408, 576, 528, 408, 252, 192, 492, 492, 432, 612, 588, 456, 408, 360, 528, 504, 552, 420, 552, 396, 384, 300, 504, 408, 468, 432, 504, 504, 456, 492, 288, 612, 336, 384, 384, 468, 252, 228, 300, 372, 312, 312, 252, 192, 264, 180, 156, 288, 204, 120, 216, 180, 204, 300, 156, 228, 108, 144, 240, 192, 156, 192, 204, 216, 204, 144, 180, 192, 276, 240, 216, 216, 192, 144, 204, 240]",44.4852233568157,11.3482108253276,5965,6010.0
0.127 4.44 10 2,"[60, 48, 36, 60, 12, 36, 12, 36, 24, 48, 12, 0, 12, 36, 48, 12, 24, 0, 12, 12, 12, 24, 12, 0, 0, 12, 12, 12, 24, 0, 0, 24, 12, 0, 0, 24, 0, 0, 0, 0, 0, 12, 0, 0, 0, 0, 0, 0, 0, 0, 0, 0, 12, 0, 0, 12, 0, 0, 0, 0, 0, 12, 12, 0, 0, 12, 0, 24, 12, 0, 12, 24, 12, 60, 72, 48, 84, 36, 96, 156, 60, 144, 108, 72, 96, 72, 204, 120, 156, 144, 168, 144, 288, 252, 324, 168, 240, 264, 276, 132, 120, 216, 204, 192, 180, 84, 240, 204, 204, 108, 48, 192, 192, 120, 120, 156, 120, 84, 84, 96, 132, 72, 108, 144, 156, 108, 96, 120, 96, 108, 96, 180, 168, 192, 108, 144, 84, 84, 108, 204, 96, 84, 108, 72, 168, 48, 132, 144, 156, 96, 108, 132, 84, 180, 168, 120, 192, 192, 252, 228, 120, 144, 132, 204, 120, 204, 132, 108, 132, 216, 180, 84, 60, 180, 48, 72, 36, 108, 84, 108, 84, 96, 72, 132, 96, 96, 144, 132, 132, 72, 144, 96, 120, 144, 108, 120, 108, 144, 168, 132, 156, 144, 120, 120, 96, 84, 168, 132, 156, 192, 72, 192, 96, 168, 168, 96, 156, 96, 180, 144, 144, 180, 168, 144, 108, 120, 108, 132, 144, 60, 156, 96, 180, 144, 144, 144, 108, 144, 72, 156, 144, 60, 108, 48, 180, 72, 108, 120, 108, 96, 72, 60, 108, 36, 84, 48, 36, 36, 60, 84, 24, 48, 60, 24, 60, 48, 48, 36, 24, 72, 72, 12, 48, 60, 72, 48, 72, 96, 48, 48, 72, 48, 72, 24, 60, 12, 84, 36]",44.4854521602261,11.3485127777122,16770,16774.0
0.127 4.45 6 1,"[72, 84, 48, 36, 60, 36, 36, 48, 72, 72, 60, 72, 36, 84, 24, 24, 0, 36, 12, 12, 12, 0, 12, 12, 0, 12, 36, 0, 0, 0, 24, 0, 24, 0, 0, 0, 12, 24, 0, 0, 12, 12, 0, 0, 0, 0, 0, 0, 0, 12, 0, 24, 12, 0, 0, 0, 24, 0, 0, 0, 0, 12, 0, 0, 0, 0, 0, 24, 12, 48, 48, 12, 12, 24, 36, 12, 36, 24, 48, 48, 72, 24, 60, 108, 84, 72, 108, 120, 132, 132, 192, 168, 156, 192, 252, 324, 312, 168, 168, 120, 216, 192, 168, 180, 228, 192, 216, 192, 288, 168, 192, 168, 180, 204, 192, 252, 156, 228, 324, 192, 240, 192, 192, 168, 216, 264, 156, 204, 264, 312, 252, 384, 288, 168, 192, 240, 192, 228, 228, 240, 240, 312, 228, 180, 240, 360, 252, 204, 252, 168, 276, 204, 348, 204, 192, 324, 312, 312, 348, 204, 264, 204, 252, 168, 240, 300, 348, 252, 264, 312, 360, 192, 156, 168, 252, 276, 276, 240, 276, 132, 228, 348, 264, 300, 264, 144, 228, 348, 288, 264, 228, 240, 192, 348, 216, 228, 216, 252, 252, 288, 216, 264, 228, 228, 288, 240, 192, 252, 216, 204, 204, 168, 180, 264, 300, 228, 156, 276, 180, 192, 252, 180, 288, 300, 216, 216, 324, 276, 276, 192, 204, 396, 276, 240, 192, 276, 288, 228, 252, 300, 228, 252, 240, 216, 336, 288, 192, 156, 240, 180, 156, 120, 72, 156, 132, 96, 96, 96, 120, 72, 36, 84, 84, 132, 96, 96, 144, 96, 72, 48, 96, 120, 84, 60, 84, 168, 144, 48, 144, 36, 96, 144, 156, 72, 84, 48, 108, 132]",44.486100720565,11.3445173357761,5978,5969.0
0.127 4.45 10 1,"[48, 48, 48, 36, 24, 60, 48, 24, 12, 0, 36, 0, 12, 48, 0, 36, 24, 24, 24, 0, 0, 0, 24, 12, 24, 24, 0, 12, 0, 0, 0, 24, 12, 0, 0, 0, 0, 36, 0, 0, 0, 0, 0, 0, 12, 0, 12, 0, 0, 0, 0, 12, 0, 0, 0, 0, 0, 24, 0, 24, 0, 12, 12, 12, 0, 12, 24, 0, 48, 0, 24, 60, 12, 24, 24, 48, 72, 72, 60, 84, 48, 72, 108, 72, 156, 144, 156, 144, 120, 252, 168, 312, 168, 240, 192, 252, 312, 252, 204, 264, 216, 324, 204, 288, 216, 264, 372, 312, 360, 144, 132, 228, 312, 240, 156, 144, 180, 168, 144, 192, 204, 216, 168, 192, 156, 156, 144, 120, 144, 132, 180, 228, 168, 144, 180, 192, 168, 216, 264, 192, 240, 180, 288, 204, 180, 204, 228, 312, 144, 216, 156, 132, 168, 168, 168, 168, 276, 168, 240, 204, 120, 120, 168, 312, 216, 144, 240, 228, 204, 204, 192, 144, 168, 132, 336, 180, 132, 192, 192, 168, 228, 180, 180, 204, 144, 144, 192, 156, 240, 168, 108, 216, 180, 108, 120, 120, 168, 204, 240, 180, 108, 228, 96, 192, 132, 168, 312, 192, 204, 216, 228, 120, 156, 204, 120, 180, 132, 264, 252, 156, 180, 192, 252, 108, 192, 168, 276, 216, 168, 252, 252, 84, 288, 216, 156, 168, 276, 204, 264, 216, 156, 144, 168, 192, 144, 96, 204, 84, 156, 144, 156, 108, 84, 72, 120, 132, 84, 84, 84, 72, 84, 48, 120, 96, 60, 84, 60, 96, 72, 108, 48, 72, 72, 96, 84, 48, 108, 108, 108, 72, 12, 84, 120, 72, 72, 60, 36, 96]",44.4860039004428,11.3425064876232,16642,16669.0
0.127 4.45 10 2,"[48, 60, 48, 24, 48, 36, 0, 36, 12, 0, 0, 24, 24, 0, 36, 0, 12, 12, 12, 0, 12, 24, 0, 0, 0, 12, 24, 0, 0, 0, 0, 0, 12, 0, 0, 0, 0, 0, 0, 0, 0, 0, 0, 0, 0, 0, 0, 0, 0, 0, 0, 12, 0, 12, 0, 0, 0, 0, 0, 0, 0, 12, 0, 0, 0, 12, 12, 12, 0, 24, 12, 0, 24, 36, 48, 24, 24, 24, 36, 60, 48, 72, 48, 72, 72, 108, 240, 144, 216, 156, 336, 60, 300, 216, 132, 180, 180, 228, 72, 288, 96, 96, 120, 144, 144, 228, 144, 144, 108, 156, 36, 96, 168, 132, 168, 120, 96, 72, 84, 96, 72, 72, 144, 132, 96, 108, 144, 132, 96, 72, 96, 108, 96, 108, 144, 96, 60, 108, 168, 48, 12, 84, 132, 72, 96, 144, 168, 132, 108, 72, 144, 96, 228, 216, 156, 132, 132, 180, 192, 24, 156, 168, 108, 108, 84, 48, 156, 84, 180, 144, 60, 72, 120, 252, 132, 72, 60, 132, 216, 132, 108, 180, 144, 168, 132, 156, 168, 48, 204, 144, 120, 180, 84, 204, 132, 180, 108, 96, 96, 96, 108, 72, 192, 180, 120, 156, 192, 168, 120, 156, 96, 216, 60, 144, 168, 168, 144, 180, 72, 192, 108, 192, 156, 132, 108, 216, 168, 192, 156, 180, 132, 168, 108, 96, 84, 96, 156, 240, 132, 84, 84, 156, 120, 156, 156, 180, 84, 108, 72, 72, 108, 72, 96, 72, 60, 108, 48, 36, 84, 60, 48, 72, 36, 48, 72, 60, 60, 48, 48, 48, 24, 60, 48, 48, 36, 48, 48, 84, 36, 96, 96, 72, 96, 84, 60, 84, 84, 84]",44.4859117290496,11.3445650984305,5976,5969.0
0.127 4.46 2 1,"[60, 36, 24, 36, 36, 12, 0, 12, 0, 0, 0, 0, 36, 24, 0, 0, 0, 0, 0, 0, 0, 0, 12, 0, 0, 0, 0, 0, 0, 0, 0, 0, 0, 0, 0, 0, 12, 0, 12, 0, 0, 12, 24, 12, 12, 0, 0, 0, 0, 0, 24, 0, 0, 0, 0, 0, 0, 0, 0, 0, 12, 0, 0, 0, 0, 0, 24, 0, 0, 12, 12, 12, 12, 24, 0, 0, 48, 12, 72, 36, 60, 36, 60, 180, 156, 84, 168, 132, 204, 228, 312, 372, 396, 732, 408, 648, 480, 492, 264, 348, 396, 384, 456, 396, 324, 444, 384, 216, 276, 204, 264, 360, 204, 228, 348, 132, 264, 132, 192, 264, 228, 156, 252, 144, 192, 228, 132, 156, 240, 192, 216, 252, 180, 120, 264, 108, 156, 288, 180, 228, 228, 204, 192, 192, 156, 120, 156, 204, 168, 204, 252, 204, 204, 180, 240, 240, 96, 120, 216, 216, 216, 156, 252, 300, 312, 312, 288, 216, 168, 120, 216, 144, 204, 120, 288, 216, 180, 144, 252, 204, 132, 264, 192, 276, 132, 276, 156, 132, 168, 216, 144, 228, 168, 240, 264, 216, 156, 288, 216, 312, 408, 360, 264, 156, 204, 264, 336, 192, 204, 264, 180, 192, 84, 120, 216, 228, 312, 276, 240, 264, 204, 168, 168, 204, 240, 144, 192, 228, 264, 204, 312, 168, 300, 156, 240, 240, 216, 240, 252, 168, 216, 216, 84, 252, 156, 132, 96, 72, 132, 144, 96, 96, 72, 24, 60, 48, 72, 36, 60, 60, 12, 12, 24, 84, 12, 24, 36, 60, 24, 24, 24, 12, 48, 36, 48, 12, 0, 0, 0, 0, 0, 0, 0, 0, 0, 0, 0, 0]",44.4861154692896,11.339585734948,5927,16642.0
0.127 4.46 3 1,"[60, 96, 72, 84, 180, 144, 84, 144, 108, 72, 132, 0, 84, 96, 60, 36, 48, 48, 48, 72, 24, 36, 24, 24, 24, 12, 12, 72, 60, 12, 0, 12, 12, 36, 0, 12, 12, 0, 36, 0, 0, 0, 12, 24, 0, 12, 24, 0, 12, 12, 24, 0, 24, 24, 36, 36, 36, 12, 0, 36, 12, 24, 24, 36, 12, 12, 60, 0, 36, 24, 96, 60, 72, 48, 60, 84, 60, 108, 84, 180, 132, 108, 120, 156, 228, 288, 216, 228, 288, 360, 324, 288, 204, 360, 204, 228, 204, 300, 240, 240, 240, 228, 408, 240, 216, 240, 336, 336, 372, 252, 216, 240, 252, 348, 360, 264, 312, 324, 300, 288, 276, 348, 348, 276, 360, 348, 336, 264, 384, 252, 324, 348, 228, 348, 444, 276, 336, 384, 360, 492, 300, 324, 288, 420, 300, 312, 312, 384, 216, 360, 372, 420, 348, 300, 240, 288, 252, 336, 360, 228, 420, 396, 384, 288, 408, 420, 516, 300, 312, 276, 336, 300, 276, 300, 396, 240, 240, 312, 336, 240, 348, 312, 372, 324, 276, 468, 324, 372, 300, 336, 420, 384, 384, 408, 264, 240, 312, 312, 396, 516, 312, 264, 408, 360, 408, 432, 252, 276, 288, 336, 360, 396, 264, 276, 444, 276, 360, 264, 348, 252, 324, 276, 312, 324, 288, 300, 336, 336, 300, 396, 324, 444, 348, 240, 360, 312, 276, 324, 336, 348, 396, 456, 360, 432, 324, 396, 252, 228, 312, 276, 300, 300, 228, 132, 252, 240, 228, 168, 240, 228, 168, 228, 180, 252, 108, 204, 180, 228, 132, 192, 204, 240, 264, 204, 192, 192, 216, 132, 192, 216, 168, 240, 312, 204, 168, 168, 180, 288]",44.4861134789751,11.3395539085285,5927,16642.0
0.127 4.46 6 1,"[36, 24, 84, 48, 48, 48, 12, 72, 48, 24, 36, 60, 24, 36, 12, 84, 12, 24, 48, 36, 24, 12, 24, 36, 48, 12, 24, 12, 12, 12, 12, 12, 12, 0, 12, 0, 0, 0, 12, 0, 12, 0, 0, 0, 0, 0, 24, 0, 0, 12, 0, 0, 0, 12, 12, 0, 12, 0, 0, 12, 12, 12, 12, 12, 0, 24, 24, 0, 12, 12, 36, 48, 36, 36, 36, 0, 24, 72, 36, 48, 24, 12, 84, 60, 72, 36, 120, 156, 132, 108, 120, 144, 216, 240, 276, 252, 324, 276, 228, 192, 180, 132, 180, 216, 228, 228, 240, 240, 252, 240, 204, 216, 204, 132, 216, 192, 108, 228, 240, 144, 120, 96, 192, 192, 168, 216, 156, 180, 228, 288, 264, 420, 240, 216, 180, 216, 144, 168, 288, 192, 168, 192, 204, 192, 156, 300, 228, 252, 312, 264, 180, 288, 216, 132, 156, 264, 276, 264, 228, 228, 288, 264, 228, 204, 276, 228, 324, 288, 324, 216, 84, 228, 240, 108, 120, 216, 156, 216, 168, 132, 204, 180, 192, 168, 240, 168, 264, 252, 324, 276, 264, 216, 228, 180, 216, 168, 312, 300, 384, 204, 168, 168, 252, 228, 144, 240, 240, 240, 204, 300, 204, 240, 240, 240, 168, 192, 156, 192, 240, 216, 108, 276, 156, 300, 312, 264, 216, 252, 300, 324, 228, 276, 180, 336, 228, 168, 324, 252, 156, 180, 168, 168, 204, 240, 204, 192, 108, 216, 240, 144, 84, 156, 156, 84, 180, 36, 120, 84, 108, 96, 60, 60, 108, 84, 84, 156, 60, 96, 108, 96, 72, 120, 108, 72, 96, 84, 132, 108, 120, 84, 108, 84, 180, 84, 108, 48, 24, 96]",44.4868525713782,11.3395889801473,5922,5916.0
0.127 4.46 10 1,"[48, 96, 36, 36, 48, 36, 48, 36, 12, 24, 36, 24, 24, 12, 12, 24, 24, 36, 24, 24, 12, 24, 36, 12, 12, 12, 12, 12, 0, 0, 0, 12, 12, 0, 0, 0, 0, 12, 0, 0, 0, 0, 0, 0, 0, 0, 0, 0, 0, 0, 0, 0, 0, 0, 12, 0, 0, 0, 0, 0, 0, 12, 12, 0, 0, 36, 24, 48, 24, 12, 24, 0, 36, 36, 24, 24, 12, 48, 60, 48, 72, 72, 48, 84, 48, 96, 228, 168, 84, 120, 204, 156, 132, 192, 156, 168, 156, 120, 192, 180, 276, 192, 156, 120, 168, 156, 120, 216, 144, 192, 156, 144, 228, 132, 168, 132, 120, 108, 108, 156, 144, 84, 120, 156, 132, 144, 144, 156, 156, 120, 168, 156, 180, 228, 144, 108, 180, 156, 48, 132, 168, 168, 204, 156, 156, 132, 192, 96, 156, 216, 168, 108, 276, 156, 192, 180, 168, 276, 192, 204, 168, 192, 108, 156, 120, 168, 252, 144, 180, 228, 156, 216, 204, 132, 192, 96, 240, 144, 156, 204, 132, 120, 252, 156, 84, 84, 168, 120, 120, 120, 216, 120, 132, 180, 216, 144, 228, 120, 156, 120, 144, 276, 132, 216, 204, 96, 144, 180, 108, 156, 60, 156, 240, 204, 132, 192, 108, 264, 120, 168, 168, 180, 132, 180, 144, 156, 204, 144, 156, 216, 144, 156, 168, 36, 276, 144, 240, 204, 144, 216, 84, 144, 144, 252, 108, 180, 108, 96, 180, 168, 60, 72, 144, 84, 72, 144, 156, 96, 120, 72, 60, 96, 84, 96, 132, 96, 96, 132, 84, 108, 72, 36, 132, 108, 108, 60, 108, 48, 60, 120, 108, 132, 36, 96, 36, 36, 156, 60]",44.4865094968181,11.3396905520958,5970,16640.0
0.127 4.46 10 2,"[60, 72, 84, 72, 108, 96, 12, 144, 132, 108, 120, 0, 48, 60, 72, 36, 36, 84, 72, 48, 36, 48, 48, 12, 36, 24, 12, 60, 48, 24, 0, 36, 24, 36, 0, 12, 12, 12, 24, 0, 0, 0, 0, 24, 12, 12, 12, 12, 12, 24, 24, 0, 12, 24, 24, 48, 24, 24, 0, 24, 24, 24, 24, 36, 12, 36, 24, 24, 48, 36, 60, 72, 48, 48, 132, 120, 72, 180, 72, 144, 144, 132, 168, 120, 204, 336, 192, 180, 216, 216, 240, 252, 324, 324, 204, 264, 228, 288, 276, 204, 240, 240, 384, 216, 216, 264, 396, 264, 264, 240, 228, 252, 264, 348, 228, 228, 240, 252, 252, 288, 216, 288, 324, 156, 360, 324, 300, 204, 228, 252, 300, 240, 204, 300, 228, 252, 264, 312, 276, 348, 192, 252, 228, 324, 252, 180, 264, 252, 276, 288, 276, 348, 228, 240, 204, 252, 216, 240, 300, 192, 324, 336, 288, 276, 432, 276, 516, 240, 300, 180, 228, 312, 216, 240, 312, 228, 324, 240, 360, 300, 252, 192, 432, 300, 228, 276, 216, 312, 384, 216, 264, 324, 336, 300, 252, 204, 204, 300, 432, 432, 276, 348, 396, 252, 228, 420, 264, 312, 336, 276, 288, 288, 324, 228, 300, 288, 264, 228, 312, 204, 336, 324, 252, 156, 192, 312, 228, 276, 240, 252, 300, 168, 276, 228, 288, 228, 240, 324, 264, 276, 324, 336, 264, 216, 300, 228, 216, 216, 180, 120, 216, 228, 168, 156, 168, 132, 168, 168, 120, 132, 156, 144, 120, 168, 96, 120, 156, 156, 84, 144, 120, 156, 120, 156, 144, 180, 120, 132, 168, 84, 132, 132, 192, 144, 132, 96, 144, 180]",44.4862972591759,11.3395658762685,5927,16642.0
0.127 4.47 2 1,"[0, 0, 0, 0, 0, 0, 0, 0, 0, 0, 0, 0, 0, 0, 0, 0, 0, 0, 0, 0, 0, 0, 0, 0, 0, 0, 0, 0, 0, 0, 0, 0, 0, 0, 0, 0, 0, 0, 0, 0, 0, 0, 0, 0, 0, 0, 0, 0, 0, 0, 0, 0, 0, 0, 0, 0, 0, 0, 0, 0, 0, 0, 0, 0, 0, 0, 0, 0, 0, 0, 0, 0, 0, 0, 0, 0, 0, 0, 0, 0, 0, 0, 0, 0, 0, 0, 0, 0, 0, 0, 0, 0, 0, 0, 0, 0, 0, 0, 0, 0, 0, 0, 0, 0, 0, 0, 0, 0, 0, 0, 0, 0, 0, 0, 0, 0, 0, 0, 0, 0, 0, 0, 0, 0, 0, 0, 0, 0, 0, 0, 0, 0, 0, 0, 0, 0, 0, 0, 0, 0, 0, 0, 0, 0, 0, 0, 0, 0, 0, 0, 0, 0, 0, 0, 0, 0, 0, 0, 0, 0, 0, 0, 0, 0, 0, 0, 0, 0, 0, 0, 0, 0, 0, 0, 0, 0, 0, 0, 0, 0, 0, 0, 0, 0, 0, 0, 0, 0, 0, 0, 0, 0, 0, 0, 0, 0, 0, 0, 0, 0, 0, 0, 0, 0, 0, 0, 0, 0, 0, 0, 0, 0, 0, 0, 0, 0, 0, 0, 0, 0, 0, 0, 0, 0, 0, 0, 0, 0, 0, 0, 0, 0, 0, 0, 0, 0, 0, 0, 0, 0, 0, 0, 0, 0, 0, 0, 0, 0, 0, 0, 0, 0, 0, 0, 0, 0, 0, 0, 0, 0, 0, 0, 0, 0, 0, 0, 0, 0, 0, 0, 0, 0, 0, 0, 0, 0, 0, 0, 0, 0, 0, 0, 0, 0, 0, 0, 0, 0]",44.4885755669289,11.3333481985727,16270,16644.0
0.127 4.47 6 1,"[48, 24, 12, 12, 24, 36, 12, 24, 0, 24, 12, 48, 24, 60, 24, 0, 24, 12, 24, 36, 0, 0, 0, 24, 36, 0, 12, 0, 24, 0, 0, 0, 12, 0, 12, 0, 0, 12, 0, 0, 0, 24, 0, 0, 12, 0, 0, 12, 0, 0, 12, 0, 0, 0, 12, 0, 0, 12, 12, 0, 0, 0, 0, 0, 24, 0, 0, 0, 24, 0, 36, 0, 24, 0, 12, 0, 36, 60, 36, 60, 24, 12, 36, 48, 0, 48, 24, 24, 36, 72, 12, 156, 96, 60, 24, 84, 48, 60, 108, 60, 84, 12, 60, 48, 60, 84, 72, 108, 72, 96, 84, 24, 96, 48, 60, 84, 36, 60, 60, 108, 48, 120, 36, 84, 72, 48, 60, 60, 60, 36, 48, 24, 0, 60, 120, 72, 60, 48, 96, 96, 60, 96, 96, 84, 96, 168, 96, 24, 60, 132, 84, 72, 108, 84, 108, 108, 84, 120, 60, 84, 84, 108, 36, 96, 120, 60, 48, 108, 84, 108, 144, 60, 96, 60, 12, 72, 108, 96, 36, 72, 48, 72, 48, 72, 108, 96, 84, 36, 108, 48, 96, 12, 48, 72, 120, 180, 84, 60, 96, 132, 132, 84, 108, 108, 120, 108, 132, 72, 108, 60, 60, 132, 84, 72, 48, 36, 108, 96, 60, 84, 72, 48, 84, 24, 108, 96, 132, 120, 120, 120, 108, 84, 84, 96, 216, 132, 84, 36, 48, 36, 48, 48, 132, 60, 96, 96, 24, 108, 108, 36, 24, 84, 60, 36, 12, 24, 48, 36, 60, 24, 12, 36, 72, 60, 12, 24, 12, 36, 36, 36, 60, 72, 60, 24, 48, 60, 72, 12, 48, 48, 12, 84, 60, 60, 48, 12, 12, 48]",44.4889905210763,11.3336294462509,27,16657.0
0.127 4.49 4 1,"[12, 0, 0, 12, 12, 12, 12, 12, 0, 12, 12, 12, 0, 0, 12, 0, 24, 12, 12, 0, 0, 12, 12, 12, 0, 0, 0, 0, 0, 0, 0, 12, 0, 0, 0, 0, 0, 0, 12, 0, 0, 0, 0, 0, 0, 12, 0, 0, 0, 0, 12, 0, 0, 0, 12, 0, 0, 0, 0, 0, 12, 0, 12, 0, 0, 12, 12, 0, 0, 12, 12, 12, 12, 0, 24, 0, 36, 24, 48, 24, 24, 24, 24, 36, 12, 36, 12, 84, 24, 24, 36, 36, 96, 36, 96, 60, 48, 84, 108, 132, 48, 60, 96, 72, 120, 96, 144, 132, 132, 84, 96, 72, 48, 72, 84, 48, 72, 72, 48, 120, 60, 36, 84, 24, 72, 0, 24, 72, 24, 12, 96, 60, 36, 72, 12, 24, 132, 72, 36, 96, 48, 12, 24, 0, 84, 0, 84, 24, 72, 24, 60, 120, 48, 48, 36, 36, 120, 60, 36, 108, 24, 24, 12, 48, 36, 60, 12, 12, 36, 60, 24, 84, 24, 12, 24, 72, 72, 24, 12, 60, 60, 36, 12, 72, 48, 72, 48, 84, 48, 36, 24, 108, 84, 60, 84, 96, 84, 108, 120, 108, 84, 72, 216, 72, 72, 48, 60, 108, 72, 144, 48, 48, 120, 96, 108, 48, 72, 60, 96, 84, 48, 84, 60, 72, 120, 60, 96, 72, 72, 72, 60, 72, 60, 132, 36, 60, 24, 84, 48, 24, 60, 48, 36, 84, 60, 48, 36, 84, 84, 24, 36, 0, 48, 24, 48, 24, 60, 12, 12, 0, 0, 12, 0, 60, 48, 0, 24, 0, 24, 24, 12, 0, 24, 0, 0, 12, 36, 12, 48, 12, 36, 12, 12, 0, 0, 24, 0, 0]",44.46597701033041,11.378715293015352,6658,6657.0
0.127 4.49 6 1,"[12, 12, 24, 36, 12, 12, 0, 24, 12, 12, 0, 12, 0, 0, 0, 12, 12, 48, 0, 0, 12, 0, 0, 0, 12, 0, 12, 0, 12, 0, 12, 0, 12, 0, 0, 0, 0, 0, 0, 0, 0, 0, 0, 0, 0, 12, 0, 0, 0, 0, 0, 0, 0, 0, 0, 0, 0, 0, 0, 0, 0, 12, 0, 0, 12, 0, 12, 0, 0, 24, 0, 0, 0, 0, 12, 12, 12, 12, 0, 0, 0, 12, 12, 12, 24, 12, 12, 12, 0, 0, 0, 24, 84, 132, 60, 108, 96, 108, 60, 12, 108, 12, 36, 24, 48, 0, 60, 36, 48, 24, 60, 60, 72, 96, 72, 60, 72, 96, 84, 24, 36, 36, 36, 12, 48, 0, 36, 72, 72, 84, 36, 48, 60, 72, 24, 24, 108, 60, 48, 60, 36, 36, 36, 0, 36, 36, 12, 24, 36, 48, 48, 60, 120, 36, 48, 60, 84, 84, 36, 0, 24, 48, 24, 36, 48, 60, 48, 96, 24, 12, 24, 0, 48, 48, 24, 48, 24, 24, 36, 0, 24, 36, 60, 60, 12, 12, 120, 132, 36, 60, 24, 108, 132, 84, 96, 48, 84, 48, 72, 96, 60, 60, 60, 12, 144, 120, 36, 24, 48, 12, 48, 72, 48, 0, 60, 48, 36, 60, 48, 84, 60, 24, 72, 48, 120, 36, 36, 72, 24, 60, 72, 24, 24, 36, 48, 48, 72, 72, 48, 48, 60, 72, 36, 48, 72, 84, 36, 60, 84, 24, 48, 36, 36, 48, 48, 24, 24, 36, 24, 12, 24, 12, 12, 0, 12, 12, 24, 36, 0, 12, 36, 0, 0, 24, 36, 0, 24, 0, 24, 12, 0, 48, 12, 36, 60, 12, 36, 36]",44.46630094837764,11.378652582033794,5755,6657.0
0.127 4.49 8 1,"[12, 0, 24, 24, 12, 12, 12, 0, 36, 24, 12, 0, 12, 0, 24, 12, 0, 24, 0, 12, 12, 12, 12, 24, 24, 0, 12, 0, 0, 0, 12, 12, 0, 0, 0, 0, 12, 0, 24, 24, 0, 0, 12, 0, 0, 0, 12, 0, 0, 0, 12, 0, 12, 12, 24, 12, 0, 12, 0, 0, 0, 12, 12, 24, 24, 12, 36, 24, 12, 0, 24, 12, 24, 48, 36, 24, 36, 72, 24, 12, 24, 48, 36, 36, 24, 36, 36, 132, 72, 144, 48, 108, 156, 216, 348, 180, 132, 312, 204, 228, 240, 204, 132, 168, 168, 120, 228, 216, 228, 108, 156, 108, 168, 132, 120, 156, 144, 36, 96, 108, 120, 156, 108, 132, 180, 168, 120, 144, 72, 48, 108, 108, 120, 156, 108, 120, 132, 144, 84, 96, 132, 132, 72, 84, 72, 108, 216, 180, 96, 120, 180, 132, 156, 108, 204, 144, 36, 180, 120, 108, 132, 84, 156, 96, 36, 120, 168, 132, 168, 120, 132, 96, 84, 84, 144, 120, 108, 156, 72, 60, 96, 72, 108, 84, 168, 132, 96, 72, 84, 168, 132, 156, 192, 168, 360, 216, 168, 156, 240, 156, 240, 228, 156, 168, 156, 204, 204, 180, 204, 204, 108, 192, 180, 192, 192, 180, 180, 168, 204, 240, 156, 156, 240, 144, 108, 120, 204, 120, 216, 156, 204, 204, 132, 204, 144, 144, 72, 132, 132, 132, 156, 96, 96, 108, 72, 36, 36, 120, 144, 156, 72, 72, 60, 60, 60, 84, 36, 48, 72, 12, 24, 24, 36, 12, 48, 36, 24, 24, 48, 48, 36, 24, 12, 24, 24, 12, 48, 36, 48, 36, 12, 24, 36, 0, 48, 12, 24, 36]",44.46640478980036,11.379143428023331,6657,6660.0
0.127 4.53 1 1,"[24, 12, 0, 12, 0, 0, 12, 12, 24, 0, 12, 48, 0, 0, 12, 0, 0, 0, 0, 0, 0, 12, 12, 24, 0, 0, 0, 0, 0, 0, 0, 0, 0, 0, 0, 0, 12, 0, 0, 0, 0, 0, 0, 0, 0, 0, 0, 0, 0, 0, 0, 0, 24, 12, 0, 0, 0, 0, 0, 0, 0, 12, 12, 0, 12, 0, 24, 36, 0, 12, 24, 48, 0, 12, 0, 24, 36, 24, 60, 36, 36, 36, 24, 72, 84, 120, 120, 120, 192, 108, 96, 168, 168, 120, 276, 168, 132, 72, 228, 156, 192, 96, 120, 120, 156, 84, 144, 108, 84, 84, 168, 84, 24, 132, 96, 36, 132, 96, 48, 120, 84, 156, 120, 156, 168, 108, 144, 96, 144, 96, 120, 72, 96, 132, 60, 72, 96, 144, 96, 48, 96, 132, 120, 12, 192, 156, 168, 108, 108, 72, 156, 120, 84, 156, 144, 96, 84, 60, 60, 120, 72, 96, 84, 36, 96, 48, 168, 108, 48, 108, 72, 72, 60, 96, 132, 60, 84, 120, 96, 72, 132, 84, 96, 36, 108, 108, 96, 72, 72, 84, 60, 72, 60, 120, 132, 72, 180, 144, 156, 60, 72, 168, 204, 192, 168, 216, 144, 108, 120, 144, 132, 132, 132, 108, 60, 168, 168, 132, 132, 84, 180, 216, 204, 84, 156, 144, 156, 180, 144, 168, 156, 108, 60, 96, 84, 72, 156, 108, 60, 84, 120, 72, 132, 96, 60, 24, 36, 60, 156, 84, 48, 120, 12, 120, 36, 48, 60, 60, 48, 48, 36, 12, 48, 24, 60, 36, 0, 36, 72, 24, 72, 0, 12, 84, 12, 48, 12, 24, 0, 12, 0, 60, 24, 36, 36, 0, 0, 12]",44.4642072084006,11.3709635701623,5709,5710.0
0.127 4.53 4 1,"[0, 0, 24, 0, 12, 12, 0, 12, 12, 12, 12, 12, 12, 0, 0, 12, 12, 0, 0, 12, 0, 0, 12, 0, 0, 12, 0, 0, 0, 0, 0, 0, 0, 0, 0, 0, 0, 0, 0, 0, 0, 0, 0, 0, 12, 0, 0, 0, 0, 0, 0, 0, 0, 24, 0, 12, 0, 0, 0, 12, 0, 0, 0, 0, 0, 12, 0, 0, 0, 0, 0, 0, 36, 12, 0, 24, 24, 36, 12, 36, 36, 24, 24, 24, 108, 72, 48, 96, 72, 108, 84, 204, 216, 240, 204, 228, 180, 120, 72, 132, 156, 156, 228, 96, 144, 120, 252, 132, 168, 120, 108, 156, 84, 48, 96, 168, 96, 132, 96, 60, 156, 96, 96, 84, 96, 60, 60, 108, 96, 120, 84, 132, 36, 132, 72, 48, 108, 84, 84, 36, 60, 108, 96, 72, 24, 72, 72, 48, 60, 72, 84, 108, 96, 60, 72, 72, 60, 48, 12, 72, 72, 48, 12, 132, 84, 48, 60, 48, 156, 24, 108, 72, 144, 48, 48, 12, 60, 144, 60, 48, 48, 84, 72, 144, 36, 120, 120, 60, 96, 60, 84, 108, 48, 72, 72, 120, 60, 72, 120, 132, 84, 192, 120, 96, 144, 84, 96, 48, 132, 96, 48, 96, 48, 144, 180, 36, 84, 108, 24, 36, 108, 96, 96, 96, 96, 96, 72, 24, 72, 72, 60, 72, 24, 84, 72, 84, 72, 96, 120, 96, 96, 84, 48, 72, 36, 84, 60, 60, 48, 48, 12, 24, 24, 24, 0, 12, 12, 12, 24, 0, 48, 60, 36, 12, 12, 48, 24, 0, 12, 0, 0, 48, 0, 0, 0, 0, 24, 24, 12, 0, 0, 24, 0, 24, 12, 12, 12, 0]",44.4642672953098,11.3707308637866,5688,5710.0
0.127 4.54 4 1,"[12, 0, 24, 24, 24, 24, 60, 24, 24, 12, 12, 36, 0, 24, 36, 12, 24, 12, 0, 24, 0, 0, 36, 0, 12, 0, 0, 0, 0, 0, 24, 0, 0, 12, 0, 0, 0, 0, 0, 0, 12, 12, 12, 0, 0, 0, 0, 0, 12, 0, 12, 12, 0, 12, 0, 12, 48, 36, 12, 0, 0, 0, 24, 0, 24, 48, 96, 48, 48, 36, 48, 60, 72, 72, 36, 48, 72, 24, 60, 84, 144, 36, 108, 132, 168, 156, 192, 324, 276, 312, 444, 432, 396, 420, 516, 492, 312, 372, 456, 372, 432, 432, 468, 504, 420, 444, 576, 624, 384, 336, 468, 360, 372, 360, 300, 228, 432, 264, 240, 276, 264, 300, 240, 324, 360, 240, 204, 204, 216, 192, 312, 216, 216, 228, 252, 204, 312, 228, 228, 144, 240, 216, 240, 312, 276, 156, 252, 216, 216, 276, 216, 228, 228, 276, 372, 276, 144, 252, 216, 276, 240, 372, 264, 168, 156, 144, 252, 192, 348, 240, 228, 300, 264, 360, 252, 144, 204, 228, 276, 324, 252, 300, 372, 324, 216, 384, 240, 216, 336, 348, 204, 324, 312, 288, 348, 324, 384, 396, 432, 492, 492, 612, 552, 384, 456, 300, 324, 516, 324, 420, 528, 420, 312, 396, 360, 324, 336, 288, 312, 240, 312, 348, 384, 300, 408, 372, 372, 312, 372, 336, 336, 288, 276, 312, 300, 216, 216, 192, 264, 324, 288, 216, 132, 300, 180, 156, 180, 192, 132, 120, 144, 84, 168, 120, 192, 108, 84, 84, 48, 48, 60, 84, 60, 72, 60, 36, 84, 48, 96, 84, 36, 24, 108, 48, 84, 60, 48, 36, 60, 60, 72, 36, 60, 84, 60, 60, 72, 72]",44.4654095761854,11.3760259777294,5535,5692.0
0.127 4.55 8 1,"[36, 48, 24, 36, 36, 0, 0, 12, 12, 36, 24, 12, 0, 0, 0, 12, 0, 24, 24, 0, 24, 24, 24, 12, 0, 0, 0, 12, 12, 12, 0, 0, 12, 0, 0, 12, 0, 0, 0, 12, 0, 0, 0, 0, 0, 12, 0, 12, 0, 0, 0, 0, 36, 0, 0, 0, 12, 24, 12, 0, 0, 0, 0, 0, 12, 12, 0, 0, 48, 0, 24, 0, 0, 24, 48, 24, 12, 12, 24, 12, 0, 36, 48, 48, 24, 72, 72, 72, 60, 60, 96, 108, 48, 132, 36, 108, 120, 60, 108, 48, 108, 84, 108, 96, 108, 84, 96, 84, 108, 120, 96, 84, 36, 132, 36, 132, 60, 108, 72, 36, 60, 60, 96, 108, 108, 36, 84, 60, 120, 108, 60, 132, 132, 48, 108, 60, 120, 72, 144, 84, 120, 84, 96, 84, 108, 156, 60, 84, 60, 72, 96, 144, 84, 132, 96, 48, 132, 60, 120, 72, 120, 60, 96, 84, 168, 120, 96, 84, 108, 120, 72, 60, 72, 84, 72, 108, 60, 60, 60, 96, 84, 36, 84, 108, 96, 60, 72, 60, 132, 72, 84, 132, 60, 84, 96, 96, 156, 180, 96, 192, 144, 156, 144, 96, 132, 132, 120, 96, 144, 192, 84, 60, 84, 60, 96, 48, 72, 60, 108, 84, 132, 120, 72, 96, 168, 108, 96, 72, 108, 60, 72, 84, 180, 132, 60, 96, 60, 96, 144, 60, 36, 60, 72, 96, 96, 96, 84, 96, 84, 36, 72, 96, 0, 72, 36, 12, 12, 24, 12, 84, 0, 60, 60, 72, 60, 36, 24, 36, 24, 24, 48, 36, 36, 48, 36, 24, 24, 24, 12, 24, 12, 48, 36, 12, 12, 36, 12, 0]",44.4789034597733,11.3871094464057,6922,6805.0
0.127 4.58 1 1,"[0, 0, 24, 0, 0, 0, 0, 0, 12, 0, 0, 0, 12, 0, 0, 0, 0, 0, 24, 0, 0, 0, 12, 0, 0, 0, 0, 0, 0, 0, 0, 0, 0, 0, 0, 0, 0, 0, 0, 0, 0, 0, 0, 0, 0, 0, 0, 0, 0, 0, 0, 0, 12, 0, 0, 0, 0, 0, 24, 0, 0, 0, 0, 12, 0, 0, 0, 0, 0, 0, 0, 0, 0, 12, 0, 0, 0, 12, 0, 24, 12, 0, 36, 0, 36, 12, 60, 84, 24, 24, 36, 72, 108, 180, 216, 192, 228, 240, 144, 108, 96, 192, 252, 192, 36, 0, 0, 12, 0, 0, 0, 0, 0, 0, 0, 0, 0, 0, 0, 0, 0, 0, 0, 0, 0, 0, 0, 0, 0, 0, 0, 0, 24, 36, 36, 24, 24, 0, 24, 24, 12, 24, 12, 0, 12, 12, 48, 0, 36, 36, 72, 132, 48, 12, 12, 72, 12, 12, 12, 24, 24, 12, 48, 24, 24, 36, 48, 120, 216, 180, 60, 72, 48, 60, 84, 60, 12, 24, 36, 36, 24, 24, 0, 12, 36, 48, 24, 24, 0, 24, 12, 24, 72, 36, 60, 108, 60, 96, 96, 60, 96, 72, 36, 36, 12, 12, 60, 0, 48, 24, 48, 36, 24, 24, 36, 24, 48, 36, 24, 24, 0, 24, 60, 60, 48, 12, 60, 108, 24, 0, 36, 48, 72, 24, 36, 96, 24, 24, 60, 36, 36, 24, 12, 24, 12, 72, 24, 0, 0, 24, 12, 0, 0, 0, 0, 12, 12, 0, 12, 0, 12, 36, 0, 36, 0, 84, 24, 36, 0, 0, 0, 12, 12, 24, 36, 0, 0, 0, 12, 12, 0, 12, 0, 12, 0, 12, 0, 0]",44.4614138489475,11.3704132573222,5680,5561.0
0.127 4.58 4 1,"[0, 0, 0, 0, 0, 0, 0, 0, 12, 0, 0, 0, 0, 0, 0, 0, 0, 0, 12, 0, 0, 0, 0, 0, 0, 0, 0, 0, 0, 0, 0, 0, 0, 0, 0, 0, 0, 0, 0, 0, 12, 0, 0, 0, 0, 0, 0, 0, 0, 12, 0, 0, 0, 12, 0, 0, 12, 0, 0, 12, 0, 0, 0, 0, 12, 0, 0, 12, 12, 0, 12, 24, 12, 12, 12, 12, 0, 0, 0, 24, 0, 24, 0, 48, 36, 24, 24, 36, 60, 24, 12, 0, 12, 24, 48, 24, 48, 48, 60, 60, 24, 24, 48, 12, 72, 36, 12, 12, 48, 36, 48, 24, 12, 24, 24, 36, 36, 24, 12, 12, 24, 24, 12, 48, 24, 24, 12, 12, 12, 12, 36, 12, 36, 24, 24, 36, 24, 12, 36, 0, 24, 12, 24, 12, 48, 12, 36, 12, 48, 72, 36, 60, 36, 36, 36, 12, 84, 12, 24, 24, 12, 12, 24, 12, 48, 0, 12, 12, 24, 12, 60, 48, 12, 36, 36, 0, 24, 12, 24, 12, 12, 12, 12, 12, 0, 48, 36, 24, 36, 24, 36, 36, 24, 36, 12, 60, 12, 60, 36, 12, 24, 36, 24, 72, 36, 36, 36, 48, 36, 60, 24, 36, 96, 72, 48, 60, 24, 24, 12, 60, 36, 72, 36, 60, 48, 24, 36, 36, 60, 48, 0, 24, 24, 36, 36, 72, 48, 60, 0, 108, 12, 48, 0, 36, 24, 12, 12, 36, 24, 12, 12, 0, 12, 36, 36, 48, 0, 12, 0, 24, 0, 24, 12, 12, 0, 0, 0, 12, 0, 0, 12, 12, 0, 12, 0, 24, 0, 12, 12, 24, 0, 0, 12, 12, 0, 0, 0, 0]",44.4614011597036,11.3706441981056,15868,5680.0
0.127 4.59 4 1,"[0, 0, 0, 0, 12, 0, 12, 0, 12, 36, 0, 24, 24, 12, 0, 0, 0, 0, 0, 12, 0, 0, 0, 12, 0, 12, 0, 12, 0, 0, 0, 0, 0, 24, 0, 0, 0, 0, 0, 0, 0, 0, 0, 0, 0, 0, 0, 12, 0, 0, 0, 0, 0, 0, 0, 0, 12, 0, 0, 0, 0, 0, 0, 0, 0, 12, 0, 12, 0, 12, 0, 12, 24, 0, 12, 0, 12, 12, 0, 0, 0, 0, 60, 12, 36, 36, 60, 48, 24, 48, 84, 84, 132, 96, 108, 132, 84, 120, 96, 72, 96, 84, 48, 48, 84, 36, 72, 36, 48, 48, 60, 72, 60, 48, 36, 60, 72, 72, 12, 84, 60, 36, 72, 48, 72, 96, 72, 24, 24, 84, 12, 60, 12, 60, 24, 60, 60, 84, 36, 84, 12, 12, 48, 12, 24, 36, 12, 96, 108, 72, 36, 48, 12, 60, 84, 36, 36, 84, 12, 84, 60, 36, 48, 132, 24, 48, 24, 60, 24, 72, 84, 84, 12, 12, 36, 36, 72, 24, 36, 36, 24, 36, 48, 24, 60, 48, 48, 48, 24, 48, 48, 48, 48, 48, 48, 84, 36, 60, 24, 48, 48, 72, 48, 48, 36, 24, 108, 48, 96, 36, 60, 24, 120, 36, 72, 48, 96, 72, 24, 96, 108, 72, 48, 60, 96, 108, 84, 108, 48, 48, 84, 96, 48, 72, 60, 120, 36, 72, 48, 72, 48, 24, 24, 12, 48, 36, 60, 60, 60, 24, 12, 48, 48, 48, 36, 24, 24, 12, 12, 0, 12, 0, 12, 24, 24, 12, 0, 24, 24, 0, 0, 12, 12, 12, 0, 12, 12, 24, 12, 12, 12, 0, 24, 12, 24, 0, 36, 0]",44.4554584491608,11.3685668614722,5555,16486.0
0.127 4.65 4 1,"[24, 48, 36, 24, 12, 12, 96, 48, 48, 48, 36, 12, 12, 24, 12, 0, 0, 24, 24, 0, 12, 72, 0, 12, 12, 12, 0, 0, 0, 12, 24, 12, 0, 0, 12, 0, 12, 0, 12, 0, 0, 0, 0, 0, 12, 0, 12, 0, 0, 12, 0, 12, 12, 0, 24, 0, 0, 12, 0, 36, 0, 24, 12, 36, 24, 24, 24, 24, 36, 72, 12, 12, 24, 36, 72, 48, 24, 60, 120, 60, 84, 84, 120, 120, 132, 132, 228, 300, 252, 360, 264, 288, 372, 516, 348, 396, 396, 420, 408, 432, 444, 444, 492, 504, 384, 456, 312, 432, 324, 324, 252, 276, 312, 276, 264, 240, 336, 228, 240, 312, 204, 156, 288, 240, 156, 192, 240, 192, 264, 168, 240, 228, 348, 168, 252, 312, 264, 312, 300, 276, 192, 252, 180, 240, 264, 276, 336, 228, 240, 288, 288, 264, 300, 360, 276, 276, 252, 312, 252, 300, 288, 228, 156, 360, 240, 264, 288, 288, 288, 156, 396, 288, 228, 204, 252, 276, 276, 204, 156, 264, 240, 288, 240, 360, 240, 300, 348, 312, 168, 504, 360, 288, 336, 312, 384, 348, 276, 312, 312, 516, 396, 408, 420, 420, 348, 348, 204, 552, 252, 396, 432, 540, 348, 372, 492, 408, 264, 336, 384, 312, 360, 324, 324, 312, 312, 312, 360, 348, 348, 324, 264, 432, 432, 300, 228, 156, 264, 300, 192, 288, 216, 204, 336, 192, 240, 276, 132, 216, 144, 108, 216, 72, 180, 120, 144, 156, 96, 108, 120, 144, 36, 132, 156, 120, 48, 120, 60, 48, 120, 60, 12, 60, 60, 36, 84, 96, 60, 48, 36, 72, 60, 48, 72, 36, 24, 36, 96, 72]",44.4626935834935,11.379546616452,16964,5534.0
0.127 4.65 9 1,"[12, 24, 12, 24, 48, 24, 0, 0, 0, 36, 24, 24, 0, 0, 36, 36, 0, 0, 0, 12, 24, 0, 12, 12, 0, 0, 0, 0, 0, 0, 0, 0, 0, 12, 0, 0, 0, 0, 0, 0, 12, 0, 0, 12, 0, 0, 0, 0, 0, 12, 0, 0, 12, 12, 0, 12, 12, 48, 12, 24, 0, 0, 36, 12, 24, 12, 24, 48, 0, 24, 12, 36, 12, 48, 24, 36, 12, 72, 60, 0, 36, 24, 72, 72, 36, 108, 108, 108, 60, 120, 144, 120, 228, 144, 192, 132, 132, 132, 204, 168, 72, 204, 168, 120, 72, 132, 144, 144, 96, 96, 156, 132, 120, 72, 132, 108, 120, 84, 156, 48, 168, 84, 84, 72, 108, 96, 96, 60, 96, 60, 84, 72, 72, 120, 48, 72, 84, 96, 96, 144, 108, 60, 72, 60, 48, 144, 120, 240, 156, 84, 204, 120, 96, 84, 60, 132, 96, 144, 192, 132, 144, 108, 180, 144, 156, 84, 144, 72, 144, 84, 120, 108, 96, 60, 132, 144, 60, 156, 108, 72, 72, 144, 108, 60, 108, 168, 84, 84, 84, 96, 144, 36, 132, 144, 120, 132, 48, 132, 132, 168, 216, 180, 192, 108, 108, 168, 180, 156, 96, 144, 156, 108, 156, 144, 180, 48, 144, 132, 120, 132, 72, 144, 108, 108, 156, 228, 72, 144, 120, 144, 144, 168, 228, 120, 108, 108, 84, 84, 144, 108, 72, 144, 120, 84, 96, 84, 84, 132, 72, 96, 36, 60, 48, 72, 72, 48, 36, 84, 24, 12, 48, 24, 24, 36, 36, 60, 72, 60, 12, 12, 36, 24, 48, 72, 48, 24, 24, 36, 36, 36, 24, 24, 24, 36, 36, 12, 72, 24]",44.4631054315548,11.3792125588098,13519,5534.0
0.127 4.70 2 1,"[540, 300, 312, 276, 264, 252, 204, 192, 144, 192, 216, 132, 132, 180, 156, 132, 144, 168, 180, 144, 96, 180, 120, 60, 84, 60, 48, 72, 48, 60, 36, 0, 36, 36, 36, 0, 24, 12, 48, 24, 24, 12, 12, 12, 12, 12, 12, 0, 12, 0, 48, 24, 72, 36, 24, 12, 36, 84, 84, 12, 48, 48, 24, 72, 36, 48, 96, 132, 192, 120, 36, 108, 84, 120, 156, 216, 168, 228, 216, 348, 324, 456, 360, 264, 384, 504, 708, 660, 624, 672, 660, 852, 1260, 1188, 1284, 1200, 1008, 1008, 1092, 864, 972, 852, 840, 900, 876, 948, 1104, 1032, 924, 996, 828, 876, 816, 780, 1008, 936, 792, 924, 972, 756, 1032, 948, 900, 1044, 852, 1032, 936, 1032, 984, 972, 984, 840, 852, 840, 1236, 1128, 1056, 1152, 1044, 1068, 1356, 1176, 1128, 1128, 1152, 1236, 900, 1296, 1248, 1284, 1116, 1188, 1428, 1476, 1272, 1164, 1092, 1224, 1152, 1188, 1092, 1164, 1440, 1140, 948, 1140, 984, 1320, 864, 1068, 1164, 912, 1104, 1116, 1032, 1128, 972, 1008, 936, 1044, 1032, 984, 1116, 1224, 1212, 1284, 1200, 1248, 1272, 1308, 1320, 1236, 1224, 1344, 1296, 1512, 1380, 1128, 1344, 1584, 1440, 1488, 1368, 1188, 1236, 1284, 1224, 1572, 1452, 1584, 1368, 1320, 1296, 1380, 1668, 1668, 1512, 1356, 1260, 1488, 1536, 1704, 1548, 1440, 1356, 1416, 1452, 1368, 1920, 1476, 1572, 1692, 1620, 1356, 1128, 1164, 1596, 1380, 1404, 1416, 1260, 1152, 1296, 1152, 1092, 900, 984, 1020, 1080, 936, 852, 720, 552, 588, 612, 612, 480, 612, 468, 672, 480, 384, 336, 276, 480, 276, 408, 396, 456, 396, 288, 360, 360, 300, 360, 372, 264, 432, 336, 384, 480, 432, 372, 312, 396, 276, 432, 324]",44.48899985228395,11.388272307535637,6889,15556.0
0.127 4.70 8 1,"[36, 84, 24, 60, 96, 48, 12, 0, 0, 12, 0, 36, 24, 36, 12, 48, 0, 12, 36, 12, 12, 48, 12, 24, 0, 12, 12, 36, 0, 12, 0, 12, 0, 12, 12, 0, 0, 0, 0, 0, 0, 12, 12, 0, 0, 12, 0, 0, 24, 12, 24, 24, 12, 24, 12, 12, 24, 12, 12, 12, 12, 0, 0, 12, 12, 72, 12, 0, 12, 24, 36, 60, 60, 36, 24, 36, 72, 108, 72, 108, 96, 264, 228, 192, 264, 324, 300, 264, 264, 264, 300, 516, 444, 492, 396, 456, 348, 372, 336, 564, 468, 516, 456, 276, 336, 384, 504, 372, 444, 300, 312, 252, 384, 276, 324, 252, 324, 336, 288, 420, 252, 276, 288, 360, 180, 228, 276, 348, 288, 252, 252, 264, 372, 252, 264, 300, 300, 288, 228, 360, 204, 132, 228, 252, 240, 348, 264, 288, 360, 252, 384, 240, 216, 216, 216, 228, 276, 288, 336, 348, 204, 372, 264, 312, 252, 468, 348, 180, 204, 240, 444, 312, 372, 240, 312, 360, 336, 276, 192, 300, 300, 216, 432, 408, 240, 180, 288, 276, 312, 228, 384, 300, 336, 60, 312, 504, 504, 324, 312, 504, 480, 360, 324, 408, 324, 420, 432, 384, 408, 420, 396, 312, 360, 276, 276, 288, 336, 264, 396, 384, 336, 336, 276, 396, 372, 324, 240, 384, 288, 348, 348, 252, 312, 252, 384, 384, 288, 288, 216, 240, 240, 456, 264, 276, 204, 216, 180, 180, 108, 180, 144, 72, 192, 132, 228, 84, 48, 84, 84, 108, 60, 72, 60, 60, 60, 72, 168, 24, 72, 132, 36, 84, 60, 48, 72, 48, 72, 156, 96, 36, 48, 60, 72, 24, 36, 36, 72, 96]",44.48873049007238,11.387584944990888,6927,6889.0
0.127 4.71 4 1,"[0, 0, 0, 0, 0, 0, 0, 0, 0, 0, 0, 0, 0, 0, 0, 0, 0, 0, 0, 0, 0, 0, 0, 0, 0, 0, 0, 0, 0, 0, 0, 0, 0, 0, 0, 0, 0, 0, 0, 0, 0, 0, 0, 0, 0, 0, 0, 0, 0, 0, 0, 0, 0, 0, 0, 0, 0, 0, 0, 0, 0, 0, 0, 0, 0, 0, 0, 0, 0, 0, 0, 0, 0, 0, 0, 0, 0, 0, 0, 0, 0, 0, 0, 0, 0, 0, 0, 0, 0, 0, 0, 0, 0, 0, 0, 0, 0, 0, 0, 0, 0, 0, 0, 0, 0, 0, 0, 0, 0, 0, 0, 0, 0, 0, 0, 0, 0, 0, 0, 0, 0, 0, 0, 0, 0, 0, 0, 0, 0, 0, 0, 0, 0, 0, 0, 0, 0, 0, 0, 0, 0, 0, 0, 0, 0, 0, 0, 0, 0, 0, 0, 0, 0, 0, 0, 0, 0, 0, 0, 0, 0, 0, 0, 0, 0, 0, 0, 0, 0, 0, 0, 0, 0, 0, 0, 0, 0, 0, 0, 0, 0, 0, 0, 0, 0, 0, 0, 0, 0, 0, 0, 0, 0, 0, 0, 0, 0, 0, 0, 0, 0, 0, 0, 0, 0, 0, 0, 0, 0, 0, 0, 0, 0, 0, 0, 0, 0, 0, 0, 0, 0, 0, 0, 0, 0, 0, 0, 0, 0, 0, 0, 0, 0, 0, 0, 0, 0, 0, 0, 0, 0, 0, 0, 0, 0, 0, 0, 0, 0, 0, 0, 0, 0, 0, 0, 0, 0, 0, 0, 0, 0, 0, 0, 0, 0, 0, 0, 0, 0, 0, 0, 0, 0, 0, 0, 0, 0, 0, 0, 0, 0, 0, 0, 0, 0, 0, 0, 0]",44.4875149004544,11.3732470101126,16365,6463.0
0.127 4.71 8 1,"[108, 132, 120, 144, 72, 120, 60, 36, 48, 60, 72, 72, 48, 36, 72, 36, 24, 60, 36, 48, 24, 24, 12, 24, 24, 24, 12, 36, 12, 12, 24, 24, 0, 36, 0, 0, 0, 12, 0, 12, 12, 0, 0, 12, 12, 12, 0, 0, 12, 24, 12, 12, 0, 12, 0, 0, 36, 36, 36, 0, 48, 24, 48, 36, 36, 36, 84, 84, 36, 48, 84, 72, 72, 120, 108, 156, 168, 144, 144, 216, 192, 300, 204, 360, 228, 444, 528, 468, 516, 744, 888, 840, 852, 948, 816, 924, 780, 840, 984, 804, 672, 744, 768, 972, 1008, 840, 1032, 840, 708, 852, 612, 612, 660, 648, 588, 504, 732, 696, 576, 564, 624, 456, 516, 600, 684, 516, 504, 516, 468, 564, 540, 516, 576, 528, 732, 552, 492, 516, 516, 552, 504, 540, 612, 612, 684, 528, 552, 336, 588, 588, 732, 576, 636, 660, 804, 432, 624, 480, 624, 684, 540, 624, 468, 552, 480, 588, 516, 336, 588, 492, 480, 540, 492, 600, 492, 444, 612, 564, 420, 660, 456, 516, 552, 516, 456, 480, 432, 600, 468, 600, 528, 576, 648, 504, 600, 600, 636, 588, 576, 552, 816, 780, 696, 756, 672, 696, 744, 744, 552, 780, 804, 768, 492, 900, 804, 588, 684, 828, 624, 840, 840, 708, 720, 744, 696, 732, 696, 624, 732, 732, 708, 660, 516, 540, 636, 744, 696, 564, 684, 600, 624, 528, 744, 576, 456, 600, 528, 420, 456, 468, 324, 312, 228, 360, 288, 276, 396, 300, 372, 204, 228, 252, 336, 192, 204, 132, 216, 144, 168, 204, 216, 192, 216, 156, 120, 192, 108, 156, 228, 192, 168, 180, 156, 180, 132, 120, 156, 216]",44.4871864364709,11.3732187852358,6463,6464.0
0.127 4.72 7 1,"[96, 84, 60, 72, 72, 36, 120, 48, 48, 120, 96, 72, 24, 60, 36, 36, 72, 24, 48, 60, 24, 24, 12, 24, 36, 0, 24, 12, 48, 12, 60, 24, 24, 0, 0, 24, 24, 48, 0, 0, 0, 24, 0, 0, 12, 0, 24, 0, 0, 0, 12, 24, 24, 24, 12, 0, 24, 12, 72, 12, 24, 36, 24, 48, 60, 24, 84, 96, 72, 60, 24, 60, 60, 96, 108, 180, 156, 204, 216, 180, 180, 252, 204, 288, 312, 348, 312, 504, 576, 552, 408, 408, 468, 372, 324, 288, 288, 288, 312, 396, 276, 240, 288, 288, 312, 360, 288, 252, 336, 300, 288, 276, 300, 240, 204, 276, -1, -1, -1, -1, -1, -1, -1, -1, -1, -1, -1, -1, -1, -1, -1, -1, -1, -1, -1, -1, -1, -1, -1, -1, -1, -1, -1, -1, -1, -1, -1, -1, -1, -1, -1, -1, -1, -1, -1, -1, -1, -1, -1, -1, -1, -1, -1, -1, -1, -1, -1, -1, -1, -1, -1, -1, -1, -1, -1, -1, -1, -1, -1, -1, -1, -1, -1, -1, -1, -1, -1, -1, -1, -1, -1, -1, -1, -1, -1, -1, -1, -1, -1, -1, -1, -1, -1, -1, -1, -1, -1, -1, -1, -1, -1, -1, -1, -1, -1, -1, -1, -1, -1, -1, -1, -1, -1, -1, -1, -1, -1, -1, -1, -1, -1, -1, -1, -1, -1, -1, -1, -1, -1, -1, -1, -1, -1, -1, -1, -1, -1, -1, -1, -1, -1, -1, -1, -1, -1, -1, -1, -1, -1, -1, -1, -1, -1, -1, -1, -1, -1, -1, -1, -1, -1, -1, -1, -1, -1, -1, -1, -1, -1, -1, -1, -1, -1, -1, -1, -1, -1, -1]",44.4540975699273,11.366792711887,17846,17845.0
0.127 4.72 8 1,"[12, 12, 12, 24, 0, 0, 0, 24, 12, 12, 0, 0, 0, 0, 0, 0, 0, 0, 0, 0, 0, 12, 0, 0, 0, 12, 0, 0, 12, 0, 0, 12, 0, 0, 0, 12, 0, 0, 0, 0, 0, 0, 0, 0, 0, 0, 0, 0, 0, 0, 0, 12, 0, 0, 0, 0, 0, 0, 0, 0, 0, 0, 0, 0, 12, 12, 0, 0, 0, 0, 0, 12, 24, 0, 0, 36, 0, 48, 36, 36, 24, 12, 12, 0, 12, 24, 36, 48, 60, 60, 84, 48, 72, 108, 108, 84, 108, 48, 72, 60, 60, 72, 72, 24, 108, 108, 60, 72, 48, 48, 36, 60, 24, 84, 48, 60, -1, -1, -1, -1, -1, -1, -1, -1, -1, -1, -1, -1, -1, -1, -1, -1, -1, -1, -1, -1, -1, -1, -1, -1, -1, -1, -1, -1, -1, -1, -1, -1, -1, -1, -1, -1, -1, -1, -1, -1, -1, -1, -1, -1, -1, -1, -1, -1, -1, -1, -1, -1, -1, -1, -1, -1, -1, -1, -1, -1, -1, -1, -1, -1, -1, -1, -1, -1, -1, -1, -1, -1, -1, -1, -1, -1, -1, -1, -1, -1, -1, -1, -1, -1, -1, -1, -1, -1, -1, -1, -1, -1, -1, -1, -1, -1, -1, -1, -1, -1, -1, -1, -1, -1, -1, -1, -1, -1, -1, -1, -1, -1, -1, -1, -1, -1, -1, -1, -1, -1, -1, -1, -1, -1, -1, -1, -1, -1, -1, -1, -1, -1, -1, -1, -1, -1, -1, -1, -1, -1, -1, -1, -1, -1, -1, -1, -1, -1, -1, -1, -1, -1, -1, -1, -1, -1, -1, -1, -1, -1, -1, -1, -1, -1, -1, -1, -1, -1, -1, -1, -1, -1]",44.4541132039774,11.3668132748191,17846,17845.0
0.127 4.72 10 1,"[12, 0, 12, 0, 36, 0, 12, 12, 0, 12, 12, 24, 12, 0, 0, 12, 0, 0, 0, 12, 0, 0, 0, 12, 0, 0, 12, 0, 0, 0, 0, 12, 0, 12, 0, 0, 0, 0, 24, 0, 0, 0, 0, 12, 0, 0, 0, 0, 12, 0, 0, 0, 12, 0, 0, 0, 0, 12, 0, 24, 12, 0, 0, 12, 24, 12, 36, 36, 12, 12, 48, 24, 12, 24, 60, 36, 48, 24, 48, 48, 24, 24, 72, 60, 84, 36, 72, 60, 60, 132, 96, 72, 72, 144, 120, 60, 96, 144, 144, 96, 24, 132, 48, 120, 120, 132, 108, 72, 84, 60, 108, 60, 72, 60, 108, 96, -1, -1, -1, -1, -1, -1, -1, -1, -1, -1, -1, -1, -1, -1, -1, -1, -1, -1, -1, -1, -1, -1, -1, -1, -1, -1, -1, -1, -1, -1, -1, -1, -1, -1, -1, -1, -1, -1, -1, -1, -1, -1, -1, -1, -1, -1, -1, -1, -1, -1, -1, -1, -1, -1, -1, -1, -1, -1, -1, -1, -1, -1, -1, -1, -1, -1, -1, -1, -1, -1, -1, -1, -1, -1, -1, -1, -1, -1, -1, -1, -1, -1, -1, -1, -1, -1, -1, -1, -1, -1, -1, -1, -1, -1, -1, -1, -1, -1, -1, -1, -1, -1, -1, -1, -1, -1, -1, -1, -1, -1, -1, -1, -1, -1, -1, -1, -1, -1, -1, -1, -1, -1, -1, -1, -1, -1, -1, -1, -1, -1, -1, -1, -1, -1, -1, -1, -1, -1, -1, -1, -1, -1, -1, -1, -1, -1, -1, -1, -1, -1, -1, -1, -1, -1, -1, -1, -1, -1, -1, -1, -1, -1, -1, -1, -1, -1, -1, -1, -1, -1, -1, -1]",44.4541530866148,11.3667401449552,5556,17845.0
0.127 4.73 4 1,"[-1, -1, -1, -1, -1, -1, -1, -1, -1, -1, -1, -1, -1, -1, -1, -1, -1, -1, -1, -1, -1, -1, -1, -1, -1, -1, -1, -1, -1, -1, -1, -1, -1, -1, -1, -1, -1, -1, -1, -1, -1, -1, -1, -1, -1, -1, -1, -1, -1, -1, -1, -1, -1, -1, -1, -1, -1, -1, -1, -1, -1, -1, -1, -1, -1, -1, -1, -1, -1, -1, -1, -1, -1, -1, -1, -1, -1, -1, -1, -1, -1, -1, -1, -1, -1, -1, -1, -1, -1, -1, -1, -1, -1, -1, -1, -1, -1, -1, -1, -1, -1, -1, -1, -1, -1, -1, -1, -1, -1, -1, -1, -1, -1, -1, -1, -1, -1, -1, -1, -1, -1, -1, -1, -1, -1, -1, -1, -1, -1, -1, -1, -1, -1, -1, -1, -1, -1, -1, -1, -1, -1, -1, -1, -1, -1, -1, -1, -1, -1, -1, -1, -1, -1, -1, -1, -1, -1, -1, -1, -1, -1, -1, -1, -1, -1, -1, -1, -1, -1, -1, -1, -1, -1, -1, -1, -1, -1, -1, -1, -1, -1, -1, -1, -1, -1, -1, -1, -1, -1, -1, -1, -1, -1, -1, -1, -1, -1, -1, -1, -1, -1, -1, -1, -1, -1, -1, -1, -1, -1, -1, -1, -1, -1, -1, -1, -1, -1, -1, -1, -1, -1, -1, -1, -1, -1, -1, -1, -1, -1, -1, -1, -1, -1, -1, -1, -1, -1, -1, -1, -1, -1, -1, -1, -1, -1, -1, -1, -1, -1, -1, -1, -1, -1, -1, -1, -1, -1, -1, -1, -1, -1, -1, -1, -1, -1, -1, -1, -1, -1, -1, -1, -1, -1, -1, -1, -1, -1, -1, -1, -1, -1, -1, -1, -1, -1, -1, -1, -1]",44.4950421365621,11.3922260236583,7012,17443.0
0.127 4.73 8 1,"[-1, -1, -1, -1, -1, -1, -1, -1, -1, -1, -1, -1, -1, -1, -1, -1, -1, -1, -1, -1, -1, -1, -1, -1, -1, -1, -1, -1, -1, -1, -1, -1, -1, -1, -1, -1, -1, -1, -1, -1, -1, -1, -1, -1, -1, -1, -1, -1, -1, -1, -1, -1, -1, -1, -1, -1, -1, -1, -1, -1, -1, -1, -1, -1, -1, -1, -1, -1, -1, -1, -1, -1, -1, -1, -1, -1, -1, -1, -1, -1, -1, -1, -1, -1, -1, -1, -1, -1, -1, -1, -1, -1, -1, -1, -1, -1, -1, -1, -1, -1, -1, -1, -1, -1, -1, -1, -1, -1, -1, -1, -1, -1, -1, -1, -1, -1, -1, -1, -1, -1, -1, -1, -1, -1, -1, -1, -1, -1, -1, -1, -1, -1, -1, -1, -1, -1, -1, -1, -1, -1, -1, -1, -1, -1, -1, -1, -1, -1, -1, -1, -1, -1, -1, -1, -1, -1, -1, -1, -1, -1, -1, -1, -1, -1, -1, -1, -1, -1, -1, -1, -1, -1, -1, -1, -1, -1, -1, -1, -1, -1, -1, -1, -1, -1, -1, -1, -1, -1, -1, -1, -1, -1, -1, -1, -1, -1, -1, -1, -1, -1, -1, -1, -1, -1, -1, -1, -1, -1, -1, -1, -1, -1, -1, -1, -1, -1, -1, -1, -1, -1, -1, -1, -1, -1, -1, -1, -1, -1, -1, -1, -1, -1, -1, -1, -1, -1, -1, -1, -1, -1, -1, -1, -1, -1, -1, -1, -1, -1, -1, -1, -1, -1, -1, -1, -1, -1, -1, -1, -1, -1, -1, -1, -1, -1, -1, -1, -1, -1, -1, -1, -1, -1, -1, -1, -1, -1, -1, -1, -1, -1, -1, -1, -1, -1, -1, -1, -1, -1]",44.4949288686062,11.3920734670947,7012,17443.0
0.127 4.75 4 1,"[48, 72, 108, 72, 48, 72, 36, 24, 36, 60, 48, 84, 60, 12, 12, 60, 12, 12, 48, 60, 36, 48, 36, 36, 36, 60, 36, 12, 36, 0, 36, 36, 24, 24, 24, 36, 12, 12, 36, 0, 0, 12, 12, 12, 12, 48, 12, 12, 24, 36, 0, 12, 36, 12, 24, 48, 48, 24, 36, 48, 36, 12, 24, 0, 60, 96, 72, 120, 84, 96, 36, 84, 24, 72, 108, 48, 108, 84, 60, 180, 216, 144, 120, 228, 180, 216, 372, 516, 396, 444, 432, 564, 576, 852, 672, 600, 684, 708, 948, 624, 768, 612, 708, 996, 876, 924, 672, 828, 828, 504, 672, 456, 612, 444, 528, 612, 492, 504, 624, 672, 636, 528, 432, 696, 504, 636, 588, 492, 540, 816, 684, 492, 624, 528, 504, 576, 624, 492, 612, 408, 528, 468, 612, 348, 576, 600, 564, 420, 432, 660, 480, 600, 360, 648, 468, 576, 444, 420, 492, 432, 432, 504, 480, 480, 576, 624, 552, 588, 396, 564, 480, 492, 684, 684, 744, 636, 636, 744, 756, 660, 468, 408, 480, 516, 480, 432, 516, 780, 504, 636, 468, 552, 744, 576, 432, 624, 516, 684, 576, 564, 576, 696, 744, 720, 612, 672, 660, 756, 744, 768, 744, 624, 624, 516, 684, 528, 552, 744, 684, 780, 780, 696, 624, 636, 636, 732, 504, 516, 528, 480, 660, 540, 612, 660, 456, 444, 480, 456, 516, 432, 360, 444, 360, 360, 396, 264, 300, 192, 288, 288, 156, 264, 132, 132, 240, 132, 132, 240, 240, 228, 132, 132, 168, 108, 156, 144, 192, 132, 156, 168, 168, 132, 84, 96, 156, 144, 96, 84, 84, 120, 72, 120, 120, 132, 96, 84, 84, 72]",44.50022696066327,11.395332477390006,10849,17317.0
0.127 4.75 8 1,"[96, 60, 72, 48, 36, 24, 24, 60, 48, 36, 36, 60, 12, 60, 96, 72, 36, 0, 24, 48, 36, 48, 0, 0, 0, 36, 36, 60, 0, 12, 12, 36, 24, 24, 0, 0, 12, 12, 12, 0, 24, 24, 0, 12, 0, 12, 12, 12, 0, 12, 24, 12, 24, 60, 24, 24, 12, 24, 48, 60, 24, 0, 72, 24, 36, 72, 72, 132, 84, 108, 132, 48, 36, 156, 84, 108, 120, 48, 192, 120, 108, 132, 168, 156, 180, 180, 204, 348, 300, 324, 432, 492, 528, 540, 528, 552, 684, 624, 576, 756, 600, 516, 756, 564, 576, 504, 504, 588, 600, 672, 612, 468, 432, 492, 480, 612, 588, 564, 540, 576, 456, 600, 708, 564, 660, 612, 564, 624, 624, 540, 588, 420, 552, 576, 732, 564, 576, 528, 528, 600, 480, 612, 564, 660, 444, 552, 624, 564, 552, 576, 600, 840, 636, 672, 528, 504, 468, 588, 588, 600, 504, 420, 408, 468, 528, 576, 516, 432, 552, 480, 612, 432, 504, 444, 600, 516, 564, 468, 540, 480, 600, 528, 516, 648, 636, 480, 720, 552, 732, 516, 672, 672, 660, 660, 852, 588, 648, 600, 636, 684, 624, 732, 660, 852, 540, 720, 936, 672, 816, 996, 768, 900, 672, 924, 780, 816, 828, 852, 864, 744, 864, 660, 720, 684, 660, 792, 648, 768, 648, 756, 744, 672, 528, 480, 492, 612, 564, 588, 504, 420, 432, 312, 288, 324, 360, 204, 312, 300, 312, 216, 216, 204, 216, 192, 288, 216, 204, 144, 144, 108, 168, 120, 96, 36, 132, 108, 228, 156, 120, 156, 96, 72, 96, 84, 120, 132, 24, 144, 60, 168, 168, 60, 36, 48, 72, 84, 120, 72]",44.50044690305916,11.395416111417234,10849,17317.0
0.127 4.77 2 1,"[0, 0, 0, 0, 0, 0, 0, 0, 0, 0, 0, 0, 0, 0, 0, 0, 0, 0, 0, 0, 0, 0, 0, 0, 0, 0, 0, 0, 0, 0, 0, 0, 0, 0, 0, 0, 0, 0, 0, 0, 0, 0, 0, 0, 0, 0, 0, 0, 0, 0, 0, 0, 0, 0, 0, 0, 0, 0, 0, 0, 0, 0, 0, 0, 0, 0, 0, 0, 0, 0, 0, 0, 0, 0, 0, 0, 0, 0, 0, 0, 0, 0, 0, 0, 0, 0, 0, 0, 0, 0, 0, 0, 0, 0, 0, 0, 0, 0, 0, 0, 0, 0, 0, 0, 0, 0, 0, 0, 0, 0, 0, 0, 0, 0, 0, 0, 0, 0, 0, 0, 0, 0, 0, 0, 0, 0, 0, 0, 0, 0, 0, 0, 0, 0, 0, 0, 0, 0, 0, 0, 0, 0, 0, 0, 0, 0, 0, 0, 0, 0, 0, 0, 0, 0, 0, 0, 0, 0, 0, 0, 0, 0, 0, 0, 0, 0, 0, 0, 0, 0, 0, 0, 0, 0, 0, 0, 0, 0, 0, 0, 0, 0, 0, 0, 0, 0, 0, 0, 0, 0, 0, 0, 0, 0, 0, 0, 0, 0, 0, 0, 0, 0, 0, 0, 0, 0, 0, 0, 0, 0, 0, 0, 0, 0, 0, 0, 0, 0, 0, 0, 0, 0, 0, 0, 0, 0, 0, 0, 0, 0, 0, 0, 0, 0, 0, 0, 0, 0, 0, 0, 0, 0, 0, 0, 0, 0, 0, 0, 0, 0, 0, 0, 0, 0, 0, 0, 0, 0, 0, 0, 0, 0, 0, 0, 0, 0, 0, 0, 0, 0, 0, 0, 0, 0, 0, 0, 0, 0, 0, 0, 0, 0, 0, 0, 0, 0, 0, 0]",44.5053496724742,11.4053983506756,10843,10844.0
0.127 4.77 6 1,"[0, 0, 0, 0, 0, 0, 0, 0, 0, 0, 0, 0, 0, 0, 0, 0, 0, 0, 0, 0, 0, 0, 0, 0, 0, 0, 0, 0, 0, 0, 0, 0, 0, 0, 0, 0, 0, 0, 0, 0, 0, 0, 0, 0, 0, 0, 0, 0, 0, 0, 0, 0, 0, 0, 0, 0, 0, 0, 0, 0, 0, 0, 0, 0, 0, 0, 0, 0, 0, 0, 0, 0, 0, 0, 0, 0, 0, 0, 0, 0, 0, 0, 0, 0, 0, 0, 0, 0, 0, 0, 0, 0, 0, 0, 0, 0, 0, 0, 0, 0, 0, 0, 0, 0, 0, 0, 0, 0, 0, 0, 0, 0, 0, 0, 0, 0, 0, 0, 0, 0, 0, 0, 0, 0, 0, 0, 0, 0, 0, 0, 0, 0, 0, 0, 0, 0, 0, 0, 0, 0, 0, 0, 0, 0, 0, 0, 0, 0, 0, 0, 0, 0, 0, 0, 0, 0, 0, 0, 0, 0, 0, 0, 0, 0, 0, 0, 0, 0, 0, 0, 0, 0, 0, 0, 0, 0, 0, 0, 0, 0, 0, 0, 0, 0, 0, 0, 0, 0, 0, 0, 0, 0, 0, 0, 0, 0, 0, 0, 0, 0, 0, 0, 0, 0, 0, 0, 0, 0, 0, 0, 0, 0, 0, 0, 0, 0, 0, 0, 0, 0, 0, 0, 0, 0, 0, 0, 0, 0, 0, 0, 0, 0, 0, 0, 0, 0, 0, 0, 0, 0, 0, 0, 0, 0, 0, 0, 0, 0, 0, 0, 0, 0, 0, 0, 0, 0, 0, 0, 0, 0, 0, 0, 0, 0, 0, 0, 0, 0, 0, 0, 0, 0, 0, 0, 0, 0, 0, 0, 0, 0, 0, 0, 0, 0, 0, 0, 0, 0]",44.505242375993,11.4048590181498,10858,10843.0
0.127 4.77 10 1,"[48, 24, 12, 0, 12, 12, 0, 48, 12, 12, 0, 12, 12, 12, 12, 0, 24, 0, 12, 0, 0, 12, 24, 0, 24, 12, 48, 0, 24, 0, 0, 12, 0, 12, 12, 0, 0, 0, 0, 0, 0, 12, 12, 12, 12, 0, 48, 0, 12, 0, 24, 0, 0, 12, 0, 0, 12, 36, 12, 0, 96, 12, 24, 24, 24, 36, 0, 24, 12, 36, 12, 24, 12, 48, 48, 24, 36, 36, 24, 36, 36, 72, 72, 96, 72, 108, 108, 132, 156, 192, 168, 240, 192, 216, 192, 216, 180, 300, 180, 216, 336, 216, 192, 276, 216, 228, 348, 156, 144, 288, 204, 264, 168, 156, 168, 228, 204, 156, 144, 252, 168, 132, 96, 192, 168, 144, 144, 192, 204, 180, 168, 108, 120, 156, 180, 156, 120, 108, 144, 252, 180, 156, 240, 96, 168, 240, 168, 144, 192, 192, 240, 228, 240, 264, 180, 156, 216, 264, 264, 168, 168, 120, 192, 132, 240, 144, 192, 180, 132, 192, 168, 252, 180, 144, 144, 132, 168, 312, 216, 144, 180, 180, 216, 216, 216, 216, 132, 156, 168, 204, 144, 156, 180, 324, 336, 312, 228, 192, 240, 168, 276, 252, 252, 180, 324, 348, 348, 264, 192, 216, 216, 240, 276, 348, 336, 312, 348, 276, 228, 216, 168, 288, 216, 216, 276, 132, 108, 108, 252, 240, 204, 204, 168, 156, 108, 180, 108, 108, 108, 84, 96, 84, 180, 120, 96, 48, 108, 72, 36, 72, 60, 84, 96, 24, 24, 36, 60, 108, 60, 60, 108, 12, 12, 12, 36, 36, 84, 36, 36, 72, 24, 60, 48, 12, 12, 0, 12, 12, 24, 48, 60, 36, 24, 48, 36, 12, 36, 24]",44.5052605318242,11.4051780405123,10843,10860.0
0.127 4.81 2 1,"[48, 0, 0, 12, 12, 0, 12, 24, 0, 24, 0, 36, 0, 0, 0, 0, 0, 0, 0, 0, 0, 0, 0, 0, 0, 12, 0, 12, 12, 0, 12, 0, 12, 12, 0, 0, 0, 24, 24, 0, 0, 0, 0, 0, 0, 0, 12, 24, 0, 24, 24, 0, 12, 0, 36, 0, 12, 12, 12, 0, 12, 12, 0, 0, 0, 12, 12, 36, 12, 12, 12, 0, 24, 12, 36, 48, 48, 48, 60, 108, 84, 48, 84, 96, 84, 144, 96, 252, 276, 168, 324, 312, 252, 264, 300, 408, 276, 276, 228, 192, 180, 324, 264, 240, 300, 156, 300, 240, 72, 84, 156, 156, 156, 120, 120, 108, 84, 60, 144, 240, 108, 84, 120, 96, 96, 96, 108, 84, 168, 96, 132, 132, 168, 144, 192, 132, 216, 132, 144, 108, 192, 192, 132, 132, 168, 312, 168, 108, 120, 132, 120, 156, 228, 264, 108, 120, 144, 168, 60, 156, 120, 96, 144, 132, 72, 264, 324, 144, 156, 132, 300, 180, 132, 180, 108, 204, 180, 132, 108, 156, 84, 60, 96, 96, 84, 84, 60, 144, 96, 108, 168, 108, 108, 132, 168, 168, 132, 96, 156, 156, 120, 156, 120, 120, 228, 180, 216, 252, 168, 216, 204, 192, 180, 240, 204, 156, 252, 276, 324, 336, 312, 264, 204, 204, 288, 240, 216, 204, 132, 144, 312, 156, 132, 156, 180, 180, 132, 120, 108, 120, 120, 120, 144, 84, 108, 108, 216, 24, 72, 96, 84, 36, 36, 48, 24, 84, 60, 48, 24, 36, 36, 0, 60, 12, 24, 48, 60, 24, 0, 12, 0, 60, 36, 12, 12, 24, 60, 96, 60, 48, 96, 0, 24, 48, 72, 24, 36, 24]",44.4894322059752,11.398940997822,16544,7006.0
0.127 4.81 4 1,"[60, 24, 48, 84, 12, 36, 12, 96, 36, 24, 12, 60, 24, 72, 36, 24, 36, 48, 12, 0, 36, 12, 12, 12, 12, 60, 60, 12, 24, 12, 0, 12, 48, 24, 0, 0, 24, 0, 12, 0, 24, 12, 0, 0, 12, 24, 36, 0, 12, 60, 12, 0, 36, 48, 24, 0, 60, 24, 60, 24, 36, 12, 48, 36, 48, 60, 84, 108, 84, 72, 48, 84, 60, 60, 132, 48, 108, 132, 168, 132, 144, 168, 228, 204, 252, 300, 252, 312, 468, 468, 540, 612, 780, 816, 576, 648, 540, 864, 792, 852, 720, 660, 756, 648, 804, 552, 540, 588, 456, 420, 444, 396, 360, 312, 504, 456, 192, 336, 360, 312, 348, 372, 312, 348, 240, 288, 444, 300, 384, 408, 360, 360, 288, 288, 360, 276, 348, 336, 312, 312, 348, 420, 204, 300, 528, 552, 396, 384, 240, 300, 492, 384, 444, 300, 372, 396, 384, 600, 336, 480, 408, 396, 384, 420, 336, 312, 276, 480, 252, 324, 516, 444, 372, 468, 336, 420, 408, 432, 324, 396, 408, 348, 300, 336, 336, 276, 264, 300, 360, 372, 372, 432, 408, 396, 312, 372, 468, 396, 372, 372, 444, 456, 492, 432, 540, 372, 420, 336, 372, 516, 372, 420, 540, 312, 624, 552, 396, 444, 492, 312, 396, 408, 372, 432, 324, 444, 372, 384, 228, 384, 336, 396, 288, 372, 360, 264, 276, 300, 336, 372, 120, 324, 192, 264, 288, 204, 312, 216, 216, 192, 168, 204, 156, 192, 156, 252, 120, 120, 156, 180, 84, 132, 72, 48, 120, 60, 72, 108, 60, 72, 108, 132, 72, 96, 96, 84, 48, 96, 84, 120, 108, 60, 84, 60, 72, 36, 12, 48]",44.4892418770985,11.3982041710514,16544,17146.0
0.127 4.81 6 1,"[12, 0, 24, 24, 0, 0, 0, 12, 12, 0, 0, 0, 0, 0, 0, 0, 0, 0, 0, 0, 0, 12, 0, 12, 0, 0, 0, 0, 0, 0, 0, 12, 0, 0, 0, 0, 0, 0, 0, 0, 12, 24, 0, 0, 0, 0, 12, 0, 0, 12, 12, 0, 0, 12, 0, 0, 0, 0, 0, 0, 0, 0, 0, 12, 0, 12, 0, 24, 12, 0, 0, 0, 0, 12, 0, 0, 0, 0, 12, 0, 0, 60, 24, 0, 36, 24, 48, 24, 60, 36, 24, 96, 60, 48, 72, 84, 48, 84, 84, 36, 24, 36, 84, 48, 36, 60, 12, 36, 24, 24, 72, 24, 60, 60, 36, 0, 36, 84, 0, 72, 24, 60, 72, 36, 12, 36, 48, 24, 120, 24, 48, 36, 36, 24, 12, 48, 48, 12, 24, 24, 36, 48, 12, 36, 48, 24, 0, 36, 0, 36, 36, 48, 72, 96, 48, 48, 36, 36, 84, 60, 60, 60, 36, 60, 48, 24, 48, 12, 48, 48, 72, 72, 0, 48, 48, 36, 36, 48, 48, 36, 108, 0, 24, 96, 36, 48, 36, 48, 60, 96, 24, 48, 72, 12, 108, 108, 108, 72, 60, 48, 24, 48, 48, 72, 24, 48, 72, 36, 84, 60, 84, 72, 60, 48, 48, 108, 48, 84, 36, 36, 84, 48, 24, 36, 72, 12, 48, 36, 12, 24, 60, 24, 60, 48, 24, 72, 24, 36, 36, 0, 60, 24, 24, 48, 36, 84, 36, 0, 0, 12, 12, 36, 0, 24, 24, 12, 0, 12, 24, 0, 12, 0, 0, 0, 36, 0, 12, 0, 12, 0, 24, 12, 12, 0, 12, 24, 0, 0, 0, 24, 0, 0, 12, 12, 0, 12, 0, 0]",44.4897468087087,11.3981350344468,16544,16543.0
0.127 4.82 6 1,"[0, 0, 0, 0, 0, 0, 0, 0, 0, 0, 0, 0, 0, 0, 0, 0, 0, 0, 0, 0, 0, 0, 0, 0, 0, 0, 0, 0, 0, 0, 0, 0, 0, 0, 0, 0, 0, 0, 0, 0, 0, 0, 0, 0, 0, 0, 0, 0, 0, 0, 0, 0, 0, 0, 0, 0, 0, 0, 0, 0, 0, 0, 0, 0, 0, 0, 0, 0, 0, 0, 0, 0, 0, 0, 0, 0, 0, 0, 0, 0, 0, 0, 0, 0, 0, 0, 0, 0, 0, 0, 0, 0, 0, 0, 0, 0, 0, 0, 0, 0, 0, 0, 0, 0, 0, 0, 0, 0, 0, 0, 0, 0, 0, 0, 0, 0, 0, 0, 0, 0, 0, 0, 0, 0, 0, 0, 0, 0, 0, 0, 0, 0, 0, 0, 0, 0, 0, 0, 0, 0, 0, 0, 0, 0, 0, 0, 0, 0, 0, 0, 0, 0, 0, 0, 0, 0, 0, 0, 0, 0, 0, 0, 0, 0, 0, 0, 0, 0, 0, 0, 0, 0, 0, 0, 0, 0, 0, 0, 0, 0, 0, 0, 0, 0, 0, 0, 0, 0, 0, 0, 0, 0, 0, 0, 0, 0, 0, 0, 0, 0, 0, 0, 0, 0, 0, 0, 0, 0, 0, 0, 0, 0, 0, 0, 0, 0, 0, 0, 0, 0, 0, 0, 0, 0, 0, 0, 0, 0, 0, 0, 0, 0, 0, 0, 0, 0, 0, 0, 0, 0, 0, 0, 0, 0, 0, 0, 0, 0, 0, 0, 0, 0, 0, 0, 0, 0, 0, 0, 0, 0, 0, 0, 0, 0, 0, 0, 0, 0, 0, 0, 0, 0, 0, 0, 0, 0, 0, 0, 0, 0, 0, 0, 0, 0, 0, 0, 0, 0]",44.4810066038108,11.3926191378351,16925,6690.0
0.127 4.82 8 1,"[36, 36, 60, 60, 24, 36, 48, 0, 24, 36, 12, 24, 72, 36, 36, 24, 36, 48, 60, 60, 24, 36, 0, 12, 0, 12, 12, 0, 24, 12, 12, 0, 12, 0, 0, 0, 24, 0, 0, 0, 0, 0, 12, 24, 12, 0, 0, 24, 0, 36, 0, 0, 12, 24, 48, 12, 48, 60, 36, 48, 36, 72, 60, 96, 48, 36, 108, 60, 84, 156, 84, 156, 96, 48, 108, 240, 192, 144, 240, 204, 192, 156, 348, 264, 192, 372, 300, 252, 372, 420, 348, 468, 492, 504, 504, 456, 444, 492, 372, 336, 324, 432, 372, 372, 312, 540, 552, 408, 300, 276, 492, 252, 396, 468, 288, 288, 276, 336, 384, 396, 264, 240, 360, 300, 372, 336, 420, 564, 420, 408, 348, 528, 396, 348, 444, 504, 360, 444, 552, 492, 420, 384, 324, 264, 468, 468, 588, 240, 372, 480, 552, 540, 564, 516, 432, 420, 444, 336, 468, 420, 420, 552, 360, 312, 432, 420, 432, 588, 336, 468, 492, 360, 504, 420, 312, 456, 396, 324, 384, 348, 348, 360, 384, 456, 504, 360, 396, 372, 408, 492, 276, 396, 420, 504, 492, 468, 504, 588, 456, 528, 648, 684, 432, 624, 624, 600, 636, 708, 576, 648, 876, 720, 672, 528, 768, 768, 768, 732, 828, 780, 684, 624, 732, 684, 768, 504, 492, 468, 456, 636, 672, 492, 420, 348, 456, 480, 612, 396, 360, 264, 396, 300, 396, 216, 432, 348, 336, 300, 144, 300, 180, 264, 216, 216, 120, 168, 156, 264, 120, 120, 144, 180, 180, 84, 120, 108, 144, 156, 72, 180, 96, 36, 132, 60, 120, 156, 60, 120, 108, 132, 48, 180, 108, 168, 168, 168, 84, 24]",44.481149996108,11.3930059047516,6936,6690.0
0.127 4.84 2 1,"[60, 72, 48, 72, 0, 48, 84, 24, 48, 24, 48, 24, 24, 60, 48, 12, 24, 24, 12, 24, 12, 36, 36, 0, 0, 0, 0, 0, 0, 48, 12, 0, 12, 24, 12, 24, 36, 12, 0, 12, 12, 36, 12, 60, 24, 24, 24, 0, 48, 12, 24, 48, 36, 72, 48, 84, 48, 72, 72, 60, 84, 120, 72, 144, 192, 264, 156, 144, 192, 216, 204, 168, 228, 192, 264, 180, 408, 276, 372, 456, 396, 300, 552, 516, 624, 564, 480, 720, 624, 636, 684, 612, 600, 600, 540, 624, 360, 600, 408, 564, 696, 468, 432, 372, 384, 516, 480, 648, 672, 456, 480, 624, 552, 504, 540, 636, 528, 468, 588, 468, 420, 576, 600, 600, 480, 552, 684, 516, 612, 636, 432, 456, 564, 396, 420, 468, 552, 372, 348, 636, 324, 636, 588, 432, 348, 684, 552, 288, 636, 336, 420, 456, 432, 612, 360, 372, 300, 396, 624, 612, 552, 516, 360, 504, 492, 504, 396, 408, 300, 396, 552, 432, 348, 540, 456, 612, 504, 516, 540, 384, 468, 456, 420, 504, 612, 384, 408, 492, 420, 564, 432, 540, 528, 540, 648, 480, 684, 420, 540, 528, 360, 600, 528, 732, 504, 444, 612, 576, 768, 564, 552, 552, 684, 528, 732, 432, 360, 408, 444, 600, 636, 384, 552, 480, 420, 540, 444, 420, 456, 420, 504, 432, 528, 444, 408, 564, 300, 396, 468, 456, 252, 264, 348, 492, 264, 336, 252, 288, 216, 276, 360, 312, 240, 276, 216, 336, 180, 300, 288, 108, 360, 180, 240, 156, 252, 240, 192, 216, 204, 180, 144, 192, 288, 192, 132, 120, 120, 120, 96, 108, 96, 120, 180, 84, 204, 144, 156, 84]",44.4481463754391,11.3592863773055,5520,5517.0
0.127 4.84 4 1,"[0, 12, 0, 84, 24, 48, 120, 72, 72, 228, 120, 252, 36, 132, 24, 48, 60, 60, 24, 36, 204, 84, 48, 108, 24, 0, 24, 312, 0, 0, 0, 0, 0, 0, 0, 0, 0, 0, 0, 0, 0, 0, 12, 12, 0, 0, 0, 0, 0, 0, 0, 0, 0, 0, 0, 0, 0, 0, 0, 0, 0, 0, 0, 0, 0, 0, 0, 0, 0, 0, 0, 0, 24, 12, 0, 0, 12, 0, 12, 12, 12, 12, 36, 12, 0, 12, 0, 12, 60, 60, 120, 60, 24, 96, 96, 60, 84, 60, 84, 120, 72, 132, 216, 252, 96, 72, 0, 48, 24, 36, 48, 24, 12, 24, 36, 60, 24, 12, 36, 24, 36, 0, 72, 48, 36, 60, 24, 60, 12, 12, 24, 72, 24, 24, 72, 12, 36, 12, 72, 48, 24, 48, 60, 72, 36, 36, 12, 48, 24, 12, 24, 24, 48, 36, 12, 24, 60, 24, 60, 12, 36, 24, 48, 36, 0, 48, 24, 60, 12, 0, 132, 48, 24, 72, 60, 12, 96, 24, 12, 12, 36, 48, 12, 36, 24, 0, 36, 24, 36, 72, 60, 36, 36, 48, 108, 72, 36, 60, 156, 396, 168, 96, 96, 24, 36, 60, 48, 24, 72, 84, 48, 84, 36, 72, 48, 36, 24, 48, 24, 24, 48, 48, 48, 24, 36, 36, 24, 24, 24, 24, 48, 24, 24, 12, 84, 36, 36, 24, 12, 72, 48, 24, 36, 36, 12, 84, 72, 24, 24, 36, 12, 24, 12, 12, 0, 0, 0, 36, 12, 12, 12, 36, 0, 24, 12, 12, 48, 0, 12, 0, 24, 12, 0, 0, 0, 12, 0, 0, 0, 0, 12, 36, 36, 36, 0, 12, 24, 0]",44.4483363330661,11.359416857825,5516,5517.0
0.127 4.85 8 1,"[360, 228, 264, 264, 168, 228, 240, 204, 84, 168, 120, 180, 60, 204, 84, 108, 84, 132, 156, 72, 156, 108, 108, 60, 72, 84, 72, 60, 24, 12, 60, 12, 36, 24, 0, 48, 0, 12, 12, 12, 24, 12, 24, 12, 24, 12, 12, 12, 24, 0, 0, 84, 24, 60, 24, 0, 72, 72, 48, 12, 48, 12, 72, 60, 36, 12, 48, 168, 48, 228, 120, 72, 0, 96, 132, 132, 204, 132, 156, 312, 240, 348, 312, 276, 264, 432, 456, 588, 552, 540, 528, 564, 744, 792, 804, 840, 864, 780, 660, 792, 552, 828, 996, 1008, 732, 912, 900, 684, 948, 624, 492, 900, 660, 600, 804, 660, 780, 708, 948, 744, 864, 864, 852, 744, 672, 768, 768, 924, 828, 696, 744, 912, 540, 792, 1128, 1056, 576, 504, 816, 732, 1068, 852, 972, 852, 816, 840, 864, 780, 864, 1008, 780, 852, 912, 1056, 996, 528, 996, 744, 936, 768, 864, 792, 972, 744, 768, 888, 1008, 960, 768, 552, 984, 876, 960, 840, 912, 456, 660, 780, 816, 708, 804, 660, 660, 1008, 840, 684, 768, 840, 984, 888, 1044, 732, 696, 924, 972, 960, 1104, 912, 876, 744, 1272, 1212, 1056, 1008, 888, 840, 912, 1164, 1128, 984, 744, 1164, 876, 876, 1068, 768, 1080, 912, 1152, 840, 876, 1176, 960, 924, 1164, 888, 960, 1224, 1056, 996, 1224, 1176, 1188, 1056, 852, 864, 948, 864, 1116, 864, 1140, 1056, 900, 924, 1068, 672, 852, 804, 852, 756, 612, 492, 420, 324, 396, 492, 480, 444, 312, 468, 432, 480, 264, 300, 276, 336, 360, 288, 360, 408, 264, 336, 396, 228, 252, 252, 288, 312, 372, 444, 252, 384, 276, 432, 336, 264, 528, 408]",44.4817324230451,11.3831062585447,6897,6898.0
0.127 4.86 6 1,"[12, 24, 12, 0, 0, 0, 12, 0, 0, 0, 0, 0, 0, 12, 0, 0, 0, 0, 12, 12, 12, 0, 0, 0, 0, 12, 12, 0, 0, 0, 0, 0, 0, 0, 0, 0, 0, 0, 0, 0, 0, 0, 0, 0, 0, 0, 0, 0, 0, 0, 0, 0, 0, 0, 0, 0, 0, 0, 0, 0, 0, 0, 0, 0, 0, 0, 0, 0, 0, 0, 24, 12, 0, 12, 0, 0, 12, 12, 12, 0, 12, 12, 12, 24, 48, 24, 24, 60, 72, 24, 72, 12, 84, 72, 60, 60, 84, 84, 48, 36, 36, 60, 132, 72, 84, 36, 96, 60, 36, 72, 48, 144, 48, 36, 144, 72, 72, 36, 48, 132, 48, 36, 84, 36, 36, 12, 48, 72, 60, 120, 36, 24, 24, 36, 72, 72, 48, 48, 36, 36, 48, 48, 48, 60, 84, 36, 84, 72, 96, 48, 36, 72, 96, 24, 72, 72, 60, 36, 72, 84, 60, 72, 24, 36, 48, 24, 72, 24, 36, 12, 108, 204, 108, 36, 24, 0, 36, 60, 36, 24, 36, 24, 72, 48, 60, 36, 12, 24, 60, 60, 12, 96, 48, 48, 36, 24, 36, 24, 36, 12, 60, 48, 48, 36, 36, 72, 48, 72, 72, 108, 72, 60, 24, 36, 24, 12, 84, 48, 96, 60, 60, 60, 24, 24, 48, 36, 84, 96, 72, 12, 60, 84, 12, 24, 12, 108, 36, 48, 48, 60, 48, 24, 36, 48, 36, 12, 12, 24, 36, 12, 12, 24, 12, 24, 0, 12, 24, 24, 0, 0, 24, 24, 0, 24, 0, 0, 36, 12, 24, 12, 12, 12, 12, 0, 12, 12, 0, 0, 12, 12, 12, 0, 0, 24, 12, 0, 12, 0]",44.4881055068661,11.3704599237646,6442,6441.0
0.127 4.86 8 1,"[0, 0, 0, 0, 0, 0, 0, 0, 0, 0, 0, 0, 0, 0, 0, 0, 0, 0, 0, 0, 0, 0, 0, 0, 0, 0, 0, 0, 0, 0, 0, 0, 0, 0, 0, 0, 0, 0, 0, 0, 0, 0, 0, 0, 0, 0, 0, 0, 0, 0, 0, 0, 0, 0, 0, 0, 0, 0, 0, 0, 0, 0, 0, 0, 0, 0, 0, 0, 0, 0, 0, 0, 0, 0, 0, 0, 0, 0, 0, 0, 0, 0, 0, 0, 0, 0, 0, 0, 0, 0, 0, 0, 0, 0, 0, 0, 0, 0, 0, 0, 0, 0, 0, 0, 0, 0, 0, 0, 0, 0, 0, 0, 0, 0, 0, 0, 0, 0, 0, 0, 0, 0, 0, 0, 0, 0, 0, 0, 0, 0, 0, 0, 0, 0, 0, 0, 0, 0, 0, 0, 0, 0, 0, 0, 0, 0, 0, 0, 0, 0, 0, 0, 0, 0, 0, 0, 0, 0, 0, 0, 0, 0, 0, 0, 0, 0, 0, 0, 0, 0, 0, 0, 0, 0, 0, 0, 0, 0, 0, 0, 0, 0, 0, 0, 0, 0, 0, 0, 0, 0, 0, 0, 0, 0, 0, 0, 0, 0, 0, 0, 0, 0, 0, 0, 0, 0, 0, 0, 0, 0, 0, 0, 0, 0, 0, 0, 0, 0, 0, 0, 0, 0, 0, 0, 0, 0, 0, 0, 0, 0, 0, 0, 0, 0, 0, 0, 0, 0, 0, 0, 0, 0, 0, 0, 0, 0, 0, 0, 0, 0, 0, 0, 0, 0, 0, 0, 0, 0, 0, 0, 0, 0, 0, 0, 0, 0, 0, 0, 0, 0, 0, 0, 0, 0, 0, 0, 0, 0, 0, 0, 0, 0, 0, 0, 0, 0, 0, 0]",44.4891797108358,11.3714569022599,6566,6568.0
0.127 4.87 6 1,"[36, 24, 48, 36, 36, 36, 72, 24, 0, 24, 24, 24, 36, 12, 0, 12, 12, 12, 12, 12, 36, 12, 12, 24, 12, 0, 0, 0, 0, 0, 0, 12, 0, 0, 12, 24, 0, 0, 0, 12, 12, 0, 0, 12, 12, 0, 12, 12, 12, 12, 0, 24, 0, 0, 24, 0, 12, 24, 24, 0, 0, 24, 12, 48, 24, 36, 24, 0, 24, 84, 36, 12, 24, 24, 36, 12, 0, 24, 48, 36, 96, 48, 84, 72, 48, 84, 132, 72, 216, 132, 252, 228, 276, 228, 216, 204, 276, 168, 312, 264, 264, 180, 252, 228, 276, 228, 216, 168, 300, 276, 108, 180, 108, 300, 132, 288, 276, 192, 204, 192, 156, 204, 300, 228, 204, 180, 216, 108, 144, 156, 216, 240, 180, 108, 288, 216, 132, 204, 228, 276, 144, 192, 180, 216, 252, 228, 216, 240, 192, 192, 204, 228, 240, 228, 228, 312, 252, 288, 240, 204, 240, 168, 300, 204, 240, 192, 204, 192, 264, 240, 252, 240, 156, 240, 264, 156, 240, 228, 192, 180, 300, 144, 144, 132, 168, 180, 144, 84, 228, 108, 228, 252, 132, 180, 156, 288, 204, 144, 192, 312, 144, 240, 276, 216, 144, 252, 132, 144, 216, 252, 240, 180, 228, 216, 180, 204, 216, 132, 216, 300, 120, 204, 168, 144, 156, 132, 168, 156, 120, 312, 204, 144, 228, 204, 192, 288, 180, 156, 216, 192, 144, 156, 156, 120, 168, 144, 156, 132, 108, 108, 96, 24, 36, 72, 144, 48, 72, 48, 60, 48, 48, 60, 84, 72, 48, 72, 72, 84, 96, 12, 24, 60, 84, 60, 48, 60, 60, 48, 60, 72, 48, 12, 24, 24, 36, 48, 72, 84]",44.48905022144344,11.365692633637847,6365,6366.0
0.127 4.88 6 1,"[0, 0, 0, 0, 0, 0, 0, 0, 0, 0, 0, 0, 0, 0, 0, 0, 0, 0, 0, 0, 0, 0, 0, 0, 0, 0, 0, 0, 0, 0, 0, 0, 0, 0, 0, 0, 0, 0, 0, 0, 0, 0, 0, 0, 0, 0, 0, 0, 0, 0, 0, 0, 0, 0, 0, 0, 0, 0, 0, 0, 0, 0, 0, 0, 0, 0, 0, 0, 0, 0, 0, 0, 0, 0, 0, 0, 0, 0, 0, 0, 0, 0, 0, 0, 0, 0, 0, 0, 0, 0, 0, 0, 0, 0, 0, 0, 0, 0, 0, 0, 0, 0, 0, 0, 0, 0, 0, 0, 0, 0, 0, 0, 0, 0, 0, 0, 0, 0, 0, 0, 0, 0, 0, 0, 0, 0, 0, 0, 0, 0, 0, 0, 0, 0, 0, 0, 0, 0, 0, 0, 0, 0, 0, 0, 0, 0, 0, 0, 0, 0, 0, 0, 0, 0, 0, 0, 0, 0, 0, 0, 0, 0, 0, 0, 0, 0, 0, 0, 0, 0, 0, 0, 0, 0, 0, 0, 0, 0, 0, 0, 0, 0, 0, 0, 0, 0, 0, 0, 0, 0, 0, 0, 0, 0, 0, 0, 0, 0, 0, 0, 0, 0, 0, 0, 0, 0, 0, 0, 0, 0, 0, 0, 0, 0, 0, 0, 0, 0, 0, 0, 0, 0, 0, 0, 0, 0, 0, 0, 0, 0, 0, 0, 0, 0, 0, 0, 0, 0, 0, 0, 0, 0, 0, 0, 0, 0, 0, 0, 0, 0, 0, 0, 0, 0, 0, 0, 0, 0, 0, 0, 0, 0, 0, 0, 0, 0, 0, 0, 0, 0, 0, 0, 0, 0, 0, 0, 0, 0, 0, 0, 0, 0, 0, 0, 0, 0, 0, 0]",44.490902889723046,11.365643649392748,6562,6498.0
0.127 4.90 2 1,"[0, 12, 0, 24, 0, 12, 24, 12, 12, 0, 24, 24, 36, 0, 12, 0, 0, 12, 0, 0, 0, 36, 0, 0, 12, 0, 0, 12, 0, 0, 0, 12, 0, 0, 0, 0, 0, 0, 12, 0, 0, 0, 0, 0, 0, 12, 0, 0, 0, 0, 0, 12, 0, 0, 12, 0, 0, 24, 0, 0, 0, 0, 0, 0, 12, 24, 12, 0, 0, 24, 0, 24, 48, 0, 12, 24, 36, 48, 36, 36, 72, 24, 84, 48, 36, 36, 96, 96, 84, 72, 108, 144, 72, 108, 120, 120, 96, 144, 120, 192, 252, 60, 192, 168, 120, 60, 180, 108, 120, 72, 120, 120, 36, 120, 96, 108, 144, 120, 156, 72, 120, 84, 108, 84, 156, 132, 36, 108, 84, 144, 144, 132, 0, 48, 132, 120, 96, 108, 60, 168, 192, 120, 84, 96, 144, 96, 108, 96, 156, 132, 180, 156, 72, 96, 72, 84, 72, 108, 96, 96, 96, 120, 96, 156, 156, 60, 84, 48, 120, 60, 132, 120, 84, 60, 96, 84, 84, 108, 84, 60, 84, 96, 96, 84, 60, 60, 48, 60, 108, 84, 120, 192, 60, 60, 108, 144, 180, 132, 108, 120, 84, 156, 132, 156, 108, 96, 192, 180, 156, 216, 84, 156, 132, 156, 168, 96, 156, 192, 180, 168, 156, 204, 168, 108, 144, 108, 144, 156, 168, 108, 72, 84, 72, 132, 108, 108, 132, 84, 132, 60, 84, 120, 72, 48, 144, 72, 36, 108, 48, 12, 24, 96, 36, 48, 36, 48, 36, 48, 24, 60, 24, 24, 24, 48, 36, 24, 24, 60, 48, 12, 24, 0, 12, 60, 24, 24, 12, 12, 12, 12, 12, 24, 0, 12, 48, 12, 36, 24]",44.4764802838026,11.3833734855559,6745,6744.0
0.127 4.90 4 1,"[24, 12, 0, 24, 12, 24, 0, 0, 0, 0, 0, 0, 12, 0, 12, 12, 12, 0, 0, 12, 24, 0, 0, 0, 0, 0, 0, 36, 0, 0, 0, 0, 0, 0, 0, 204, 360, 24, 504, 816, 0, 48, 0, 12, 0, 0, 0, 48, 0, 12, 0, 0, 0, 0, 0, 0, 0, 0, 0, 0, 0, 0, 0, 0, 0, 0, 0, 12, 0, 0, 12, 24, 12, 0, 12, 12, 12, 0, 12, 36, 0, 0, 12, 24, 84, 0, 24, 48, 24, 24, 60, 84, 36, 96, 120, 240, 84, 180, 96, 120, 60, 24, 84, 108, 72, 132, 108, 120, 120, 72, 36, 48, 84, 84, 48, 72, 108, 48, 84, 156, 72, 108, 84, 36, 48, 48, 48, 60, 108, 72, 48, 72, 144, 72, 60, 84, 96, 96, 132, 72, 36, 108, 24, 96, 84, 24, 48, 84, 132, 72, 36, 60, 72, 48, 48, 48, 36, 84, 24, 36, 84, 24, 60, 48, 24, 36, 48, 108, 264, 84, 24, 84, 96, 84, 84, 60, 120, 24, 60, 96, 84, 12, 72, 36, 60, 96, 48, 60, 60, 96, 96, 120, 72, 108, 72, 72, 84, 48, 108, 84, 120, 84, 72, 36, 36, 144, 120, 144, 156, 60, 72, 72, 84, 84, 72, 120, 36, 96, 24, 36, 60, 24, 48, 96, 60, 36, 144, 132, 96, 72, 60, 72, 96, 72, 72, 96, 72, 36, 60, 0, 60, 24, 84, 84, 0, 96, 60, 60, 24, 96, 24, 36, 60, 48, 72, 48, 60, 12, 36, 0, 24, 0, 12, 24, 0, 24, 12, 24, 0, 12, 24, 0, 36, 24, 12, 0, 24, 12, 24, 12, 24, 24, 60, 12, 24, 12, 0, 0]",44.4765313965249,11.3829689410452,15306,6744.0
0.127 4.91 6 1,"[0, 0, 0, 0, 0, 0, 0, 0, 0, 0, 0, 0, 0, 0, 0, 0, 0, 0, 0, 0, 0, 0, 0, 0, 0, 0, 0, 0, 0, 0, 0, 0, 0, 0, 0, 0, 0, 0, 0, 0, 0, 0, 0, 0, 0, 0, 0, 0, 0, 0, 0, 0, 0, 0, 0, 0, 0, 0, 0, 0, 0, 0, 0, 0, 0, 0, 0, 0, 0, 0, 0, 0, 0, 0, 0, 0, 0, 0, 0, 0, 0, 0, 0, 0, 0, 0, 0, 0, 0, 0, 0, 0, 0, 0, 0, 0, 0, 0, 0, 0, 0, 0, 0, 0, 0, 0, 0, 0, 0, 0, 0, 0, 0, 0, 0, 0, 0, 0, 0, 0, 0, 0, 0, 0, 0, 0, 0, 0, 0, 0, 0, 0, 0, 0, 0, 0, 0, 0, 0, 0, 0, 0, 0, 0, 0, 0, 0, 0, 0, 0, 0, 0, 0, 0, 0, 0, 0, 0, 0, 0, 0, 0, 0, 0, 0, 0, 0, 0, 0, 0, 0, 0, 0, 0, 0, 0, 0, 0, 0, 0, 0, 0, 0, 0, 0, 0, 0, 0, 0, 0, 0, 0, 0, 0, 0, 0, 0, 0, 0, 0, 0, 0, 0, 0, 0, 0, 0, 0, 0, 0, 0, 0, 0, 0, 0, 0, 0, 0, 0, 0, 0, 0, 0, 0, 0, 0, 0, 0, 0, 0, 0, 0, 0, 0, 0, 0, 0, 0, 0, 0, 0, 0, 0, 0, 0, 0, 0, 0, 0, 0, 0, 0, 0, 0, 0, 0, 0, 0, 0, 0, 0, 0, 0, 0, 0, 0, 0, 0, 0, 0, 0, 0, 0, 0, 0, 0, 0, 0, 0, 0, 0, 0, 0, 0, 0, 0, 0, 0]",44.4788026021163,11.3803716304347,6760,15894.0
0.127 4.92 2 1,"[0, 24, 0, 60, 84, 24, 48, 72, 48, 36, 36, 24, 12, 24, 0, 24, 36, 24, 36, 36, 24, 0, 24, 0, 12, 36, 12, 0, 24, 0, 12, 0, 24, 0, 0, 0, 12, 0, 12, 0, 0, 0, 0, 0, 12, 0, 0, 0, 0, 12, 12, 0, 0, 0, 24, 0, 0, 12, 0, 0, 0, 0, 0, 12, 0, 0, 36, 24, 12, 24, 12, 24, 12, 48, 48, 36, 72, 60, 60, 60, 84, 36, 72, 84, 204, 168, 216, 144, 216, 216, 300, 276, 264, 432, 468, 444, 408, 348, 384, 360, 348, 360, 276, 372, 444, 276, 276, 396, 228, 300, 252, 240, 348, 324, 240, 204, 180, 216, 288, 312, 156, 264, 180, 180, 240, 192, 168, 192, 144, 156, 228, 228, 168, 300, 240, 276, 144, 216, 264, 288, 216, 288, 240, 384, 228, 252, 252, 240, 240, 192, 240, 288, 276, 228, 240, 216, 192, 156, 216, 264, 228, 276, 180, 288, 300, 324, 288, 180, 252, 228, 312, 204, 228, 264, 240, 228, 216, 276, 192, 192, 240, 180, 228, 180, 264, 204, 288, 276, 276, 216, 204, 144, 120, 288, 336, 312, 336, 324, 336, 240, 228, 240, 348, 372, 228, 240, 204, 180, 312, 192, 204, 372, 312, 228, 276, 276, 216, 276, 348, 312, 384, 300, 300, 372, 300, 240, 348, 240, 276, 348, 216, 276, 288, 360, 336, 252, 144, 228, 228, 252, 204, 276, 216, 324, 408, 168, 120, 192, 228, 180, 132, 192, 96, 120, 120, 108, 120, 96, 36, 96, 60, 96, 96, 96, 36, 12, 96, 84, 132, 48, 60, 108, 144, 48, 84, 72, 72, 60, 84, 84, 96, 48, 36, 36, 24, 72, 48, 36]",44.4830290191615,11.3721775704097,6378,6377.0
0.127 4.95 4 1,"[48, 24, 24, 84, 24, 12, 36, 24, 24, 0, 12, 36, 0, 0, 0, 0, 0, 0, 0, 0, 36, 0, 12, 0, 12, 0, 0, 0, 0, 0, 0, 12, 0, 0, 0, 0, 12, 0, 0, 0, 0, 0, 0, 0, 12, 0, 0, 0, 0, 0, 0, 0, 0, 0, 0, 0, 0, 12, 0, 12, 0, 24, 24, 0, 36, 48, 48, 24, 48, 24, 72, 36, 108, 72, 48, 60, 84, 84, 132, 84, 120, 156, 156, 60, 216, 156, 264, 132, 264, 228, 300, 372, 516, 456, 396, 348, 432, 360, 384, 396, 324, 336, 348, 360, 396, 348, 396, 408, 288, 360, 360, 300, 288, 240, 252, 216, 204, 204, 288, 204, 204, 156, 240, 228, 312, 324, 276, 192, 180, 192, 228, 252, 228, 204, 276, 264, 288, 240, 240, 180, 264, 204, 204, 216, 216, 228, 228, 180, 144, 216, 240, 228, 324, 240, 216, 228, 204, 252, 132, 204, 108, 132, 240, 216, 192, 288, 216, 264, 288, 204, 252, 180, 216, 276, 180, 156, 180, 204, 192, 192, 228, 216, 216, 216, 216, 216, 300, 228, 252, 192, 192, 312, 252, 312, 216, 204, 180, 252, 180, 216, 288, 120, 228, 180, 156, 204, 216, 264, 216, 180, 168, 264, 252, 204, 240, 204, 300, 204, 240, 228, 192, 252, 384, 336, 192, 204, 312, 240, 216, 252, 216, 192, 156, 180, 288, 336, 252, 144, 168, 240, 192, 156, 168, 156, 156, 204, 240, 144, 168, 216, 132, 192, 60, 156, 108, 108, 84, 12, 36, 72, 96, 48, 84, 96, 60, 24, 144, 84, 60, 36, 96, 48, 36, 72, 36, 12, 48, 48, 84, 72, 84, 60, 24, 60, 48, 36, 48, 60]",44.4868491858054,11.3615873702947,6364,6363.0
0.127 4.96 2 1,"[60, 36, 24, 48, 36, 36, 12, 60, 24, 48, 0, 0, 60, 36, 24, 0, 0, 12, 12, 24, 0, 0, 0, 0, 0, 24, 0, 0, 0, 0, 0, 12, 0, 12, 0, 0, 0, 12, 0, 0, 0, 0, 0, 12, 0, 12, 0, 0, 12, 0, 0, 12, 12, 0, 0, 12, 0, 0, 0, 24, 12, 0, 24, 24, 84, 24, 24, 12, 12, 24, 12, 36, 24, 36, 48, 12, 48, 36, 48, 132, 132, 36, 120, 36, 132, 132, 180, 108, 156, 264, 276, 264, 264, 312, 348, 324, 324, 252, 288, 312, 336, 300, 252, 288, 300, 252, 288, 180, 168, 216, 228, 228, 204, 180, 204, 216, 144, 180, 180, 132, 240, 108, 168, 156, 132, 144, 144, 156, 180, 156, 132, 144, 228, 96, 108, 144, 192, 120, 144, 204, 84, 156, 108, 132, 168, 180, 156, 204, 144, 156, 132, 96, 204, 228, 252, 228, 264, 276, 192, 228, 144, 180, 216, 192, 156, 192, 192, 288, 216, 300, 168, 156, 228, 168, 168, 96, 204, 84, 132, 168, 132, 156, 192, 96, 204, 108, 156, 204, 228, 156, 204, 216, 228, 264, 240, 252, 396, 300, 240, 360, 252, 288, 216, 312, 228, 216, 300, 276, 264, 216, 324, 312, 252, 288, 204, 240, 300, 276, 192, 228, 216, 312, 180, 252, 348, 288, 264, 252, 264, 216, 228, 228, 204, 276, 180, 204, 204, 216, 264, 180, 216, 180, 228, 228, 168, 144, 168, 168, 156, 120, 144, 72, 108, 108, 84, 48, 72, 84, 84, 24, 60, 36, 84, 48, 48, 36, 72, 96, 48, 96, 60, 60, 24, 84, 36, 48, 60, 96, 60, 84, 96, 120, 36, 12, 24, 36, 144, 48]",44.4800241234356,11.3703590111511,16804,6396.0
0.127 4.96 6 1,"[24, 0, 24, 24, 36, 24, 12, 12, 24, 0, 12, 12, 24, 12, 12, 12, 0, 12, 0, 0, 0, 0, 12, 0, 0, 12, 0, 0, 0, 0, 0, 0, 12, 0, 0, 0, 0, 0, 0, 0, 12, 0, 0, 0, 0, 0, 0, 0, 0, 12, 0, 0, 0, 0, 0, 0, 0, 0, 12, 12, 12, 12, 12, 12, 0, 12, 12, 0, 0, 12, 0, 24, 0, 12, 12, 0, 24, 12, 12, 12, 0, 36, 48, 24, 84, 24, 36, 48, 48, 36, 60, 96, 120, 168, 132, 192, 168, 108, 132, 192, 216, 192, 108, 96, 144, 60, 96, 96, 84, 108, 132, 120, 120, 108, 96, 60, 48, 156, 120, 156, 96, 48, 120, 108, 60, 12, 96, 108, 72, 96, 132, 108, 72, 108, 60, 96, 72, 84, 84, 84, 72, 144, 120, 84, 96, 60, 108, 72, 84, 156, 84, 96, 12, 0, 84, 60, 144, 132, 156, 24, 0, 108, 60, 36, 72, 120, 156, 180, 132, 120, 120, 48, 60, 60, 48, 84, 72, 120, 48, 84, 72, 132, 36, 48, 84, 36, 96, 132, 108, 132, 120, 96, 96, 96, 108, 192, 180, 120, 144, 108, 156, 96, 168, 108, 168, 216, 132, 144, 120, 132, 120, 120, 108, 168, 108, 0, 24, 108, 120, 60, 0, 48, 120, 156, 120, 132, 108, 180, 108, 108, 168, 144, 156, 132, 132, 84, 180, 48, 84, 108, 168, 72, 132, 72, 36, 84, 108, 36, 72, 48, 24, 60, 48, 48, 36, 24, 24, 12, 60, 48, 36, 24, 60, 48, 12, 12, 36, 12, 12, 12, 60, 24, 48, 24, 48, 12, 12, 60, 48, 24, 24, 0, 24, 24, 24, 0, 0, 60]",44.4799969786773,11.3695854758411,6397,5848.0
0.127 4.97 2 1,"[132, 36, 96, 12, 48, 24, 84, 72, 48, 48, 72, 36, 84, 60, 48, 72, 36, 48, 12, 12, 12, 12, 12, 12, 0, 12, 12, 0, 48, 0, 0, 24, 24, 0, 0, 0, 0, 0, 0, 0, 12, 0, 0, 12, 12, 24, 24, 12, 0, 0, 12, 12, 24, 48, 24, 24, 12, 12, 0, 12, 24, 0, 0, 84, 36, 36, 72, 24, 36, 96, 72, 60, 108, 168, 156, 120, 216, 276, 192, 372, 348, 384, 348, 252, 144, 576, 792, 564, 732, 816, 780, 744, 672, 720, 552, 648, 672, 780, 684, 684, 576, 672, 648, 660, 660, 732, 612, 636, 684, 552, 504, 276, 504, 600, 504, 492, 396, 492, 432, 240, 348, 384, 456, 288, 528, 468, 396, 456, 516, 408, 528, 312, 444, 312, 348, 540, 396, 456, 396, 360, 288, 444, 504, 408, 432, 420, 564, 456, 492, 408, 480, 456, 468, 360, 492, 552, 492, 396, 492, 504, 516, 396, 360, 360, 336, 372, 552, 492, 432, 456, 444, 588, 396, 372, 228, 252, 444, 480, 396, 456, 420, 504, 420, 396, 336, 384, 408, 384, 336, 576, 516, 384, 372, 336, 420, 600, 384, 384, 348, 444, 444, 564, 516, 540, 324, 564, 300, 516, 456, 444, 384, 384, 420, 240, 564, 384, 636, 288, 408, 456, 348, 444, 576, 456, 528, 540, 432, 516, 300, 492, 372, 600, 456, 636, 444, 468, 528, 456, 348, 588, 372, 420, 576, 372, 360, 504, 420, 264, 300, 312, 288, 300, 252, 276, 252, 216, 192, 228, 132, 168, 204, 216, 192, 168, 240, 312, 252, 108, 132, 132, 96, 192, 204, 192, 216, 336, 168, 108, 144, 168, 192, 144, 96, 156, 120, 144, 204, 120]",44.4765980401446,11.3588922890254,5784,5668.0
0.127 4.97 4 1,"[0, 24, 24, 0, 0, 0, 0, 12, 0, 0, 24, 12, 0, 0, 0, 0, 0, 0, 0, 0, 0, 0, 0, 0, 0, 0, 0, 0, 0, 0, 0, 0, 0, 0, 0, 12, 0, 0, 0, 12, 12, 12, 0, 0, 0, 0, 0, 0, 0, 0, 0, 0, 0, 0, 24, 0, 12, 0, 0, 0, 0, 0, 0, 0, 0, 0, 12, 12, 24, 0, 12, 12, 0, 0, 12, 24, 24, 24, 0, 24, 12, 12, 72, 12, 60, 84, 84, 36, 48, 156, 108, 192, 144, 120, 168, 120, 216, 144, 60, 84, 96, 60, 180, 252, 168, 228, 96, 96, 144, 84, 24, 108, 60, 72, 132, 120, 132, 72, 96, 48, 144, 108, 84, 168, 96, 36, 48, 108, 84, 168, 96, 12, 48, 108, 36, 144, 84, 96, 132, 108, 48, 36, 96, 48, 108, 144, 108, 96, 72, 60, 48, 144, 36, 96, 72, 84, 48, 84, 72, 84, 72, 48, 60, 48, 24, 84, 72, 96, 84, 48, 84, 60, 12, 108, 180, 72, 120, 72, 60, 72, 156, 48, 72, 60, 60, 72, 96, 156, 144, 60, 60, 216, 84, 120, 156, 96, 72, 48, 60, 144, 144, 132, 48, 96, 60, 84, 72, 48, 24, 72, 60, 60, 72, 60, 48, 132, 108, 132, 72, 84, 168, 120, 156, 120, 36, 60, 72, 72, 12, 36, 12, 84, 72, 96, 84, 156, 132, 96, 48, 48, 144, 24, 132, 48, 12, 60, 60, 60, 60, 48, 48, 24, 60, 24, 48, 24, 48, 12, 24, 36, 0, 24, 12, 24, 60, 36, 24, 36, 12, 0, 24, 24, 48, 24, 12, 60, 0, 36, 48, 24, 24, 60, 24, 12, 84, 24, 12, 24]",44.4764364047479,11.3584056118326,5668,15594.0
0.127 4.97 6 1,"[36, 12, 36, 0, 48, 24, 36, 12, 12, 0, 12, 24, 12, 36, 12, 36, 0, 36, 12, 0, 0, 12, 0, 0, 0, 0, 12, 0, 0, 0, 0, 12, 12, 0, 12, 0, 12, 0, 12, 0, 0, 0, 0, 0, 0, 0, 0, 0, 0, 12, 0, 0, 0, 0, 0, 0, 0, 0, 0, 0, 0, 0, 0, 0, 0, 0, 0, 12, 0, 0, 0, 0, 12, 0, 0, 12, 12, 12, 12, 12, 12, 12, 24, 36, 48, 84, 48, 72, 36, 24, 72, 84, 144, 132, 204, 228, 156, 240, 216, 72, 120, 168, 120, 84, 204, 168, 144, 180, 192, 192, 120, 36, 108, 120, 120, 96, 96, 156, 144, 48, 96, 108, 24, 108, 144, 108, 84, 24, 156, 72, 84, 36, 84, 96, 120, 96, 84, 24, 168, 60, 120, 96, 84, 144, 132, 216, 84, 204, 96, 120, 120, 144, 144, 120, 132, 84, 96, 156, 144, 276, 132, 192, 168, 252, 168, 156, 108, 132, 180, 120, 168, 156, 108, 132, 144, 120, 60, 84, 156, 60, 168, 108, 72, 144, 108, 120, 180, 96, 84, 84, 132, 72, 156, 120, 180, 96, 132, 156, 204, 132, 120, 60, 276, 192, 192, 192, 180, 180, 156, 192, 144, 156, 240, 132, 168, 168, 180, 228, 180, 156, 156, 156, 120, 156, 180, 180, 96, 228, 120, 312, 204, 180, 252, 216, 192, 180, 108, 120, 192, 120, 96, 264, 120, 60, 84, 180, 108, 120, 96, 132, 60, 36, 48, 72, 108, 60, 60, 24, 48, 60, 60, 36, 60, 60, 12, 36, 36, 12, 12, 48, 60, 36, 24, 108, 24, 108, 48, 48, 12, 12, 96, 24, 48, 72, 60, 12, 24, 36]",44.4766420208067,11.3580878324529,5668,15052.0
0.127 4.97 8 1,"[0, 0, 0, 0, 0, 0, 0, 0, 0, 0, 0, 0, 0, 0, 0, 0, 0, 0, 0, 0, 0, 0, 0, 0, 0, 0, 0, 0, 0, 0, 0, 0, 0, 0, 0, 0, 0, 0, 0, 0, 0, 0, 0, 0, 0, 0, 0, 0, 0, 0, 0, 0, 0, 0, 0, 0, 0, 0, 0, 0, 0, 0, 0, 0, 0, 0, 0, 0, 0, 0, 0, 0, 0, 0, 0, 0, 0, 0, 0, 0, 0, 0, 0, 0, 0, 0, 0, 0, 0, 0, 0, 0, 0, 0, 0, 0, 0, 0, 0, 0, 0, 0, 0, 0, 0, 0, 0, 0, 0, 0, 0, 0, 0, 0, 0, 0, 0, 0, 0, 0, 0, 0, 0, 0, 0, 0, 0, 0, 0, 0, 0, 0, 0, 0, 0, 0, 0, 0, 0, 0, 0, 0, 0, 0, 0, 0, 0, 0, 0, 0, 0, 0, 0, 0, 0, 0, 0, 0, 0, 0, 0, 0, 0, 0, 0, 0, 0, 0, 0, 0, 0, 0, 0, 0, 0, 0, 0, 0, 0, 0, 0, 0, 0, 0, 0, 0, 0, 0, 0, 0, 0, 0, 0, 0, 0, 0, 0, 0, 0, 0, 0, 0, 0, 0, 0, 0, 0, 0, 0, 0, 0, 0, 0, 0, 0, 0, 0, 0, 0, 0, 0, 0, 0, 0, 0, 0, 0, 0, 0, 0, 0, 0, 0, 0, 0, 0, 0, 0, 0, 0, 0, 0, 0, 0, 0, 0, 0, 0, 0, 0, 0, 0, 0, 0, 0, 0, 0, 0, 0, 0, 0, 0, 0, 0, 0, 0, 0, 0, 0, 0, 0, 0, 0, 0, 0, 0, 0, 0, 0, 0, 0, 0, 0, 0, 0, 0, 0, 0]",44.4768136065643,11.3587719945652,5790,5668.0
0.127 4.98 2 1,"[96, 108, 144, 84, 24, 108, 84, 60, 84, 60, 72, 60, 24, 48, 24, 48, 24, 36, 36, 0, 12, 12, 12, 12, 24, 0, 12, 24, 0, 48, 0, 0, 12, 12, 12, 0, 0, 36, 0, 0, 0, 12, 0, 0, 12, 12, 0, 12, 12, 0, 36, 0, 0, 12, 24, 0, 12, 24, 12, 12, 24, 0, 36, 108, 60, 36, 96, 24, 72, 48, 24, 108, 108, 72, 72, 48, 108, 144, 120, 180, 60, 96, 156, 180, 156, 120, 168, 336, 192, 252, 264, 360, 468, 816, 660, 516, 516, 432, 432, 360, 432, 336, 300, 480, 300, 396, 444, 468, 420, 372, 360, 348, 276, 348, 384, 264, 384, 300, 312, 300, 276, 408, 360, 312, 360, 408, 360, 252, 468, 360, 348, 276, 276, 408, 468, 432, 432, 360, 324, 504, 456, 336, 348, 492, 456, 348, 444, 312, 372, 480, 444, 432, 264, 504, 540, 444, 324, 360, 360, 432, 468, 456, 432, 456, 468, 456, 444, 408, 552, 348, 516, 528, 408, 228, 408, 288, 360, 468, 396, 408, 300, 372, 408, 312, 384, 360, 336, 324, 372, 444, 492, 480, 432, 420, 576, 480, 588, 492, 468, 480, 528, 492, 432, 540, 528, 444, 720, 516, 576, 576, 576, 576, 528, 636, 696, 696, 672, 648, 600, 576, 564, 588, 708, 576, 576, 588, 564, 516, 444, 504, 600, 372, 528, 444, 420, 444, 408, 528, 276, 420, 384, 312, 360, 336, 180, 252, 276, 240, 324, 96, 240, 240, 252, 132, 168, 228, 96, 216, 180, 192, 132, 96, 84, 156, 192, 144, 84, 216, 156, 216, 84, 96, 156, 120, 108, 156, 192, 108, 144, 108, 72, 72, 108, 120, 120, 120, 108, 108]",44.4694018980083,11.3854132162291,6716,6672.0
0.127 4.98 8 1,"[36, 0, 12, 12, 24, 48, 12, 12, 0, 24, 0, 24, 12, 0, 12, 0, 12, 24, 0, 24, 12, 24, 24, 12, 12, 0, 12, 0, 0, 0, 0, 0, 0, 0, 0, 0, 0, 12, 0, 0, 0, 12, 0, 0, 12, 12, 0, 0, 0, 12, 0, 0, 24, 12, 0, 12, 12, 0, 0, 24, 24, 12, 24, 12, 60, 12, 60, 60, 24, 48, 12, 12, 24, 72, 24, 48, 60, 72, 120, 84, 180, 120, 108, 144, 156, 252, 216, 228, 264, 336, 444, 528, 480, 600, 528, 432, 444, 480, 480, 588, 312, 384, 348, 252, 408, 408, 360, 300, 540, 240, 288, 384, 300, 204, 252, 324, 336, 264, 288, 204, 204, 276, 240, 252, 228, 240, 288, 180, 144, 276, 300, 216, 252, 204, 192, 228, 216, 288, 288, 192, 228, 204, 180, 264, 180, 288, 216, 240, 300, 228, 180, 192, 228, 276, 216, 312, 204, 276, 264, 180, 300, 192, 192, 324, 336, 372, 408, 300, 240, 324, 288, 192, 252, 168, 252, 276, 276, 324, 252, 168, 264, 276, 276, 192, 180, 192, 228, 240, 228, 156, 252, 252, 204, 252, 372, 408, 336, 324, 252, 252, 396, 420, 360, 324, 276, 384, 276, 420, 240, 252, 408, 288, 288, 192, 312, 216, 288, 276, 360, 312, 324, 276, 216, 216, 360, 240, 336, 252, 228, 324, 264, 156, 108, 252, 312, 144, 252, 228, 204, 264, 132, 264, 276, 48, 216, 156, 144, 156, 132, 72, 84, 60, 60, 60, 120, 84, 72, 84, 156, 108, 108, 24, 48, 84, 48, 36, 108, 36, 96, 36, 60, 60, 96, 72, 60, 48, 60, 24, 72, 36, 48, 96, 48, 36, 108, 24, 60, 24]",44.4692607764911,11.3850273090993,6650,6672.0
1.1 1.2 4 1,"[144, 84, 144, 156, 132, 132, 84, 132, 36, 96, 84, 36, 60, 48, 60, 24, 24, 72, 84, 24, 24, 60, 48, 60, 48, 24, 24, 36, 36, 72, 0, 12, 12, 24, 12, 12, 36, 0, 0, 48, 0, 0, 48, 12, 48, 36, 12, 12, 12, 12, 36, 24, 24, 24, 60, 12, 0, 36, 72, 12, 24, 36, 60, 36, 48, 60, 72, 60, 120, 72, 120, 72, 36, 72, 108, 180, 132, 132, 84, 168, 156, 192, 240, 240, 252, 264, 216, 288, 312, 348, 336, 528, 516, 684, 504, 720, 552, 672, 612, 612, 636, 600, 552, 540, 672, 636, 480, 528, 672, 660, 432, 660, 480, 648, 480, 600, 528, 552, 576, 564, 444, 540, 432, 636, 348, 504, 504, 432, 372, 372, 408, 408, 336, 456, 456, 372, 492, 312, 456, 408, 492, 360, 420, 396, 288, 312, 276, 348, 468, 336, 324, 420, 420, 312, 384, 288, 396, 312, 528, 432, 432, 384, 372, 372, 396, 396, 264, 420, 324, 252, 468, 384, 324, 396, 384, 420, 456, 408, 504, 372, 216, 516, 444, 396, 492, 504, 276, 516, 492, 444, 384, 480, 360, 456, 384, 444, 336, 408, 444, 420, 384, 516, 408, 516, 240, 456, 288, 420, 540, 468, 588, 552, 348, 600, 528, 384, 372, 492, 480, 312, 636, 516, 576, 456, 480, 684, 432, 504, 408, 372, 372, 372, 528, 480, 456, 456, 516, 444, 456, 492, 528, 384, 432, 408, 528, 516, 408, 444, 240, 420, 348, 288, 372, 252, 252, 384, 264, 312, 300, 228, 240, 252, 264, 228, 192, 156, 120, 228, 228, 180, 264, 168, 240, 228, 168, 216, 204, 156, 108, 240, 288, 156, 240, 276, 108, 204, 96, 168]",44.4988352006824,11.3541905267056,10461,10297.0
1.1 3.50 6 1,"[144, 96, 132, 144, 132, 96, 72, 132, 36, 132, 36, 108, 72, 84, 48, 84, 24, 48, 108, 72, 24, 36, 24, 0, 60, 84, 48, 96, 24, 72, 72, 24, 24, 12, 36, 36, 0, 0, 0, 12, 12, 36, 24, 0, 12, 0, 12, 24, 36, 36, 48, 24, 12, 12, 48, 12, 36, 24, 48, 0, 12, 12, 12, 24, 60, 60, 12, 48, 24, 24, 48, 12, 48, 60, 72, 48, 72, 60, 60, 84, 84, 72, 120, 72, 120, 144, 144, 108, 180, 168, 252, 192, 216, 312, 360, 228, 336, 420, 216, 204, 192, 204, 300, 264, 240, 312, 336, 288, 300, 336, 192, 276, 324, 336, 300, 288, 252, 312, 312, 312, 216, 312, 420, 348, 288, 300, 324, 420, 216, 324, 252, 228, 168, 360, 228, 252, 312, 336, 300, 408, 336, 408, 468, 372, 252, 360, 384, 252, 240, 228, 324, 312, 372, 348, 252, 336, 276, 396, 408, 384, 204, 264, 336, 228, 288, 300, 456, 264, 324, 324, 372, 348, 300, 300, 204, 336, 360, 336, 324, 312, 336, 324, 372, 264, 300, 312, 348, 360, 432, 276, 408, 324, 276, 360, 300, 240, 288, 420, 276, 312, 324, 468, 348, 252, 228, 492, 432, 264, 312, 324, 240, 348, 360, 288, 312, 288, 264, 420, 240, 360, 432, 312, 312, 348, 468, 240, 324, 312, 264, 408, 396, 360, 276, 396, 336, 288, 300, 240, 240, 180, 264, 300, 252, 384, 336, 312, 312, 216, 180, 192, 300, 204, 216, 108, 156, 144, 168, 120, 252, 144, 192, 96, 144, 120, 144, 180, 264, 180, 276, 312, 168, 252, 240, 168, 204, 240, 144, 216, 216, 168, 156, 204, 228, 96, 204, 216, 120, 192]",44.4986745500237,11.3544256459412,10461,10460.0
1.2 1.1 8 1,"[132, 96, 156, 180, 108, 120, 96, 144, 12, 120, 36, 84, 72, 72, 36, 60, 0, 96, 60, 48, 36, 36, 24, 0, 60, 84, 24, 96, 36, 84, 60, 24, 12, 24, 48, 24, 0, 0, 0, 36, 12, 36, 48, 24, 0, 0, 0, 60, 24, 24, 60, 24, 12, 12, 60, 12, 12, 48, 0, 0, 24, 24, 12, 24, 72, 36, 24, 48, 24, 24, 48, 24, 48, 48, 72, 84, 60, 96, 60, 108, 48, 36, 72, 48, 132, 120, 144, 120, 180, 192, 204, 204, 240, 372, 276, 288, 372, 420, 168, 300, 132, 264, 0, 60, 228, 396, 336, 276, 324, 264, 288, 276, 372, 312, 264, 324, 312, 300, 240, 336, 324, 300, 372, 336, 288, 348, 372, 336, 240, 360, 336, 240, 252, 420, 252, 336, 228, 228, 396, 300, 288, 516, 480, 288, 312, 456, 360, 324, 312, 180, 384, 276, 384, 348, 288, 264, 264, 336, 456, 228, 288, 312, 348, 216, 276, 276, 348, 312, 348, 324, 396, 276, 264, 324, 156, 324, 300, 288, 324, 192, 300, 324, 312, 252, 300, 372, 348, 396, 348, 288, 204, 180, 276, 324, 348, 288, 312, 336, 240, 372, 288, 420, 372, 228, 228, 408, 504, 288, 264, 348, 288, 396, 384, 276, 372, 324, 348, 456, 228, 372, 456, 408, 204, 360, 528, 264, 312, 228, 288, 432, 420, 408, 348, 336, 372, 276, 240, 228, 264, 192, 312, 348, 396, 360, 348, 384, 384, 168, 216, 252, 264, 276, 192, 192, 192, 156, 180, 180, 264, 240, 192, 132, 144, 144, 192, 204, 240, 192, 288, 264, 252, 192, 252, 84, 228, 228, 144, 216, 216, 204, 180, 276, 144, 72, 216, 192, 156, 240]",44.4996257932061,11.3506167328376,10285,10296.0
1.2 1.3 4 1,"[276, 180, 252, 180, 204, 132, 180, 204, 144, 72, 120, 48, 144, 96, 144, 84, 72, 156, 168, 96, 60, 84, 72, 144, 60, 48, 60, 48, 24, 96, 12, 12, 36, 24, 36, 24, 72, 0, 12, 36, 48, 24, 96, 12, 36, 60, 24, 48, 12, 60, 48, 24, 60, 36, 0, 24, 12, 48, 60, 24, 48, 156, 96, 168, 96, 132, 132, 144, 168, 144, 264, 156, 156, 168, 264, 180, 264, 240, 264, 300, 288, 444, 444, 444, 360, 396, 288, 324, 480, 480, 456, 552, 612, 972, 756, 984, 732, 816, 876, 684, 720, 816, 636, 720, 912, 744, 756, 660, 924, 876, 600, 804, 600, 900, 636, 708, 696, 588, 732, 768, 612, 828, 648, 684, 852, 588, 600, 600, 648, 552, 624, 444, 492, 636, 744, 480, 504, 564, 576, 636, 672, 612, 600, 552, 480, 348, 492, 468, 456, 504, 552, 600, 612, 588, 516, 564, 528, 468, 600, 480, 600, 648, 660, 600, 444, 444, 444, 528, 468, 372, 648, 588, 504, 552, 552, 468, 540, 492, 828, 588, 468, 648, 576, 660, 708, 552, 552, 792, 624, 636, 576, 564, 528, 516, 612, 576, 372, 588, 516, 648, 564, 588, 696, 804, 444, 684, 648, 576, 720, 684, 696, 612, 576, 828, 576, 684, 612, 660, 696, 576, 708, 744, 732, 636, 744, 756, 660, 720, 636, 600, 432, 708, 636, 648, 612, 576, 600, 444, 540, 636, 660, 696, 672, 600, 408, 756, 576, 564, 432, 588, 384, 468, 468, 468, 468, 540, 264, 408, 564, 312, 336, 432, 300, 420, 324, 312, 300, 240, 372, 276, 372, 264, 276, 432, 216, 420, 252, 264, 192, 372, 300, 336, 348, 324, 168, 240, 180, 300]",44.4997826599602,11.3503575936824,10285,15185.0
1.3 1.2 8 1,"[108, 84, 120, 108, 72, 108, 48, 132, 36, 72, 36, 60, 72, 60, 60, 48, 36, 60, 60, 48, 60, 36, 12, 24, 36, 72, 36, 48, 60, 36, 72, 12, 12, 24, 12, 24, 0, 12, 0, 12, 12, 12, 36, 24, 0, 0, 12, 12, 12, 12, 48, 24, 12, 12, 60, 12, 24, 36, 0, 0, 12, 24, 12, 12, 96, 12, 12, 36, 12, 12, 48, 24, 60, 60, 72, 72, 36, 84, 48, 84, 72, 60, 108, 96, 84, 108, 96, 84, 144, 120, 144, 120, 204, 324, 216, 228, 300, 276, 120, 192, 108, 288, 216, 192, 216, 216, 300, 252, 312, 204, 192, 228, 360, 168, 192, 204, 204, 276, 288, 240, 216, 180, 240, 252, 276, 240, 288, 300, 168, 288, 168, 216, 192, 276, 204, 324, 192, 336, 240, 240, 300, 492, 276, 168, 240, 360, 276, 264, 204, 228, 228, 240, 276, 312, 204, 252, 288, 240, 396, 300, 228, 264, 288, 240, 228, 240, 312, 312, 240, 360, 348, 228, 312, 216, 192, 204, 252, 216, 300, 228, 288, 360, 204, 228, 300, 228, 324, 216, 252, 288, 324, 300, 192, 312, 192, 192, 276, 288, 216, 240, 252, 348, 312, 228, 252, 336, 384, 240, 264, 264, 300, 300, 408, 204, 288, 264, 324, 276, 204, 360, 288, 288, 264, 336, 360, 204, 324, 264, 312, 312, 384, 324, 252, 252, 312, 192, 204, 168, 228, 144, 264, 264, 312, 240, 300, 276, 264, 132, 180, 192, 192, 240, 168, 180, 180, 120, 168, 132, 156, 204, 192, 156, 60, 84, 120, 156, 132, 216, 252, 216, 168, 168, 180, 108, 204, 204, 108, 192, 168, 108, 180, 276, 144, 108, 156, 180, 60, 192]",44.4999688279646,11.3492242898421,15185,10285.0
1.3 1.4 4 1,"[252, 192, 240, 168, 156, 168, 96, 228, 120, 84, 144, 72, 132, 36, 120, 72, 120, 132, 144, 60, 48, 180, 72, 132, 72, 60, 60, 36, 36, 108, 12, 24, 36, 24, 36, 24, 60, 12, 24, 48, 48, 36, 84, 24, 36, 72, 12, 72, 60, 36, 24, 48, 60, 36, 0, 36, 12, 36, 72, 48, 72, 108, 96, 168, 36, 144, 120, 132, 120, 144, 252, 180, 228, 132, 252, 216, 228, 216, 192, 264, 216, 420, 276, 396, 276, 384, 252, 348, 480, 504, 480, 576, 588, 1008, 624, 876, 756, 732, 780, 696, 696, 768, 768, 708, 936, 744, 720, 660, 744, 852, 744, 672, 624, 852, 744, 732, 660, 576, 648, 684, 624, 648, 696, 708, 720, 576, 636, 564, 600, 564, 612, 588, 552, 588, 600, 408, 528, 552, 432, 552, 648, 600, 624, 420, 468, 504, 516, 456, 456, 684, 540, 468, 612, 564, 540, 564, 588, 468, 492, 408, 660, 672, 600, 684, 444, 552, 396, 564, 516, 432, 576, 552, 576, 552, 528, 588, 540, 456, 804, 540, 480, 612, 564, 588, 636, 660, 432, 612, 708, 648, 468, 660, 504, 612, 600, 492, 420, 636, 456, 660, 516, 612, 576, 720, 552, 540, 480, 600, 684, 600, 732, 564, 480, 744, 600, 696, 696, 576, 576, 624, 636, 696, 576, 540, 720, 684, 624, 492, 648, 648, 432, 504, 528, 612, 564, 576, 660, 492, 492, 576, 624, 540, 672, 624, 528, 660, 540, 528, 432, 396, 396, 456, 324, 468, 372, 468, 252, 288, 528, 312, 228, 372, 252, 276, 372, 276, 348, 288, 288, 288, 312, 240, 204, 372, 252, 336, 276, 240, 192, 372, 252, 240, 264, 420, 204, 276, 144, 192]",44.5001454592337,11.3488837772446,15185,15174.0
1.3 3.54 6 1,"[12, 12, 48, 60, 60, 0, 48, 36, 24, 24, 0, 0, 0, 24, 12, 24, 12, 24, 36, 60, 0, 24, 0, 24, 12, 0, 36, 0, 0, 12, 12, 0, 12, 0, 0, 0, 36, 24, 12, 12, 0, 12, 12, 12, 0, 0, 12, 12, 12, 12, 12, 12, 0, 24, 24, 12, 0, 24, 0, 12, 0, 36, 12, 12, 36, 0, 12, 12, 12, 24, 24, 0, 0, 36, 12, 12, 36, 24, 48, 84, 0, 24, 12, 84, 60, 48, 12, 36, 24, 96, 132, 72, 96, 144, 120, 108, 84, 144, 156, 120, 84, 156, 24, 96, 132, 84, 36, 168, 72, 144, 144, 132, 132, 48, 84, 72, 84, 180, 108, 96, 132, 72, 156, 120, 120, 84, 108, 60, 36, 132, 96, 24, 60, 192, 72, 132, 108, 156, 72, 72, 96, 84, 144, 132, 108, 84, 108, 96, 84, 120, 72, 168, 84, 120, 132, 84, 60, 12, 84, 156, 36, 72, 108, 48, 48, 72, 96, 84, 144, 84, 120, 96, 96, 84, 96, 96, 108, 48, 144, 96, 96, 84, 108, 144, 156, 96, 108, 132, 120, 84, 72, 144, 60, 24, 132, 108, 72, 84, 48, 132, 132, 96, 72, 36, 48, 132, 96, 96, 84, 168, 108, 96, 132, 96, 48, 84, 108, 84, 144, 96, 24, 108, 36, 108, 108, 132, 60, 132, 144, 84, 120, 96, 84, 108, 84, 24, 48, 60, 72, 48, 144, 144, 144, 84, 108, 156, 168, 60, 84, 84, 84, 60, 24, 84, 156, 60, 12, 144, 120, 0, 36, 96, 24, 48, 12, 48, 84, 36, 72, 24, 36, 48, 48, 96, 48, 24, 24, 0, 36, 48, 72, 36, 72, 24, 36, 0, 48, 60]",44.500196171144,11.3491670622651,15185,15183.0
1.3 3.54 6 2,"[0, 0, 0, 0, 0, 0, 0, 0, 0, 0, 0, 0, 0, 0, 0, 0, 0, 0, 0, 0, 0, 0, 0, 0, 0, 0, 0, 0, 0, 0, 0, 0, 0, 0, 0, 0, 0, 0, 0, 0, 0, 0, 0, 0, 0, 0, 0, 0, 0, 0, 0, 0, 0, 0, 0, 0, 0, 0, 0, 0, 0, 0, 0, 0, 0, 0, 0, 0, 0, 0, 0, 0, 0, 0, 0, 0, 0, 0, 0, 0, 0, 0, 0, 0, 0, 0, 0, 0, 0, 0, 0, 0, 0, 0, 0, 0, 0, 0, 0, 0, 0, 0, 0, 0, 0, 0, 0, 0, 0, 0, 0, 0, 0, 0, 0, 0, 0, 0, 0, 0, 0, 0, 0, 0, 0, 0, 0, 0, 0, 0, 0, 0, 0, 0, 0, 0, 0, 0, 0, 0, 0, 0, 0, 0, 0, 0, 0, 0, 0, 0, 0, 0, 0, 0, 0, 0, 0, 0, 0, 0, 0, 0, 0, 0, 0, 0, 0, 0, 0, 0, 0, 0, 0, 0, 0, 0, 0, 0, 0, 0, 0, 0, 0, 0, 0, 0, 0, 0, 0, 0, 0, 0, 0, 0, 0, 0, 0, 0, 0, 0, 0, 0, 0, 0, 0, 0, 0, 0, 0, 0, 0, 0, 0, 0, 0, 0, 0, 0, 0, 0, 0, 0, 0, 0, 0, 0, 0, 0, 0, 0, 0, 0, 0, 0, 0, 0, 0, 0, 0, 0, 0, 0, 0, 0, 0, 0, 0, 0, 0, 0, 0, 0, 0, 0, 0, 0, 0, 0, 0, 0, 0, 0, 0, 0, 0, 0, 0, 0, 0, 0, 0, 0, 0, 0, 0, 0, 0, 0, 0, 0, 0, 0, 0, 0, 0, 0, 0, 0]",44.5028662709022,11.3505678317739,15192,15198.0
1.4 1.3 8 1,"[96, 84, 72, 120, 36, 48, 72, 48, 48, 48, 36, 24, 48, 72, 72, 24, 36, 36, 72, 48, 36, 60, 0, 12, 36, 12, 48, 12, 48, 36, 36, 12, 12, 36, 0, 36, 36, 24, 12, 12, 12, 24, 0, 24, 0, 0, 0, 12, 0, 24, 24, 12, 24, 12, 36, 12, 24, 12, 0, 36, 24, 12, 12, 12, 72, 24, 12, 12, 12, 24, 0, 24, 48, 48, 48, 36, 24, 72, 36, 24, 60, 60, 60, 96, 84, 84, 72, 72, 96, 108, 72, 84, 180, 96, 144, 204, 240, 180, 96, 120, 108, 156, 168, 144, 120, 192, 168, 168, 300, 156, 156, 156, 204, 180, 216, 192, 156, 192, 204, 96, 216, 228, 168, 156, 348, 156, 240, 144, 144, 264, 144, 132, 168, 180, 168, 312, 180, 192, 288, 144, 264, 360, 300, 156, 264, 336, 240, 240, 168, 192, 156, 240, 96, 192, 204, 240, 240, 156, 300, 216, 180, 204, 276, 180, 204, 144, 264, 132, 144, 228, 156, 192, 216, 132, 168, 228, 192, 216, 192, 192, 156, 324, 168, 144, 192, 240, 324, 120, 156, 276, 216, 216, 252, 192, 132, 120, 240, 168, 168, 288, 216, 204, 144, 180, 228, 276, 324, 132, 228, 216, 252, 228, 276, 168, 192, 240, 216, 324, 192, 228, 240, 216, 288, 312, 276, 156, 300, 228, 228, 216, 252, 264, 240, 156, 228, 180, 192, 132, 180, 84, 264, 216, 132, 204, 204, 240, 156, 144, 192, 156, 120, 168, 156, 96, 144, 84, 168, 120, 108, 144, 144, 96, 48, 108, 168, 108, 120, 96, 216, 204, 84, 132, 168, 84, 204, 120, 96, 120, 132, 60, 144, 180, 132, 96, 144, 144, 96, 144]",44.500438454732,11.3473933293812,15170,15174.0
1.4 1.4 4 1,"[216, 144, 180, 180, 168, 144, 144, 180, 132, 84, 168, 72, 144, 48, 36, 60, 72, 156, 108, 60, 48, 84, 84, 60, 72, 36, 48, 60, 72, 84, 48, 36, 24, 36, 36, 36, 36, 0, 24, 48, 48, 24, 72, 24, 36, 36, 24, 48, 24, 48, 12, 36, 72, 24, 0, 36, 12, 48, 84, 36, 60, 84, 132, 120, 72, 192, 156, 144, 168, 192, 144, 132, 156, 132, 180, 180, 228, 180, 132, 252, 192, 264, 252, 288, 288, 348, 324, 336, 312, 432, 396, 564, 588, 804, 612, 852, 636, 600, 708, 624, 516, 684, 720, 612, 732, 744, 612, 372, 600, 744, 480, 588, 540, 540, 552, 516, 432, 420, 492, 420, 444, 468, 420, 420, 552, 444, 468, 420, 420, 384, 396, 492, 420, 312, 480, 324, 396, 492, 312, 372, 468, 384, 480, 384, 456, 408, 408, 312, 324, 504, 408, 384, 396, 408, 336, 444, 456, 504, 396, 348, 516, 516, 468, 468, 348, 384, 408, 468, 336, 396, 552, 504, 432, 444, 456, 420, 360, 360, 540, 468, 372, 456, 456, 504, 588, 444, 408, 504, 504, 468, 360, 456, 420, 468, 540, 468, 504, 540, 372, 576, 480, 588, 504, 612, 456, 456, 564, 456, 804, 480, 564, 552, 408, 612, 480, 480, 600, 408, 480, 564, 456, 576, 444, 456, 468, 516, 420, 492, 612, 432, 336, 396, 420, 480, 480, 624, 444, 372, 432, 432, 456, 372, 444, 576, 408, 336, 444, 336, 288, 408, 312, 384, 240, 372, 324, 384, 192, 288, 480, 300, 252, 288, 240, 300, 276, 156, 360, 192, 288, 312, 228, 264, 264, 324, 324, 312, 276, 252, 192, 300, 216, 300, 252, 240, 204, 264, 192, 156]",44.5005935358197,11.3471054934818,15170,15168.0
1.4 1.4 8 1,"[84, 84, 72, 108, 12, 36, 72, 48, 48, 24, 60, 12, 48, 60, 60, 36, 36, 12, 48, 48, 24, 60, 0, 48, 36, 0, 72, 12, 48, 24, 24, 12, 12, 24, 12, 36, 36, 36, 0, 12, 12, 12, 12, 48, 0, 0, 0, 12, 12, 12, 24, 24, 24, 24, 36, 12, 24, 0, 0, 36, 24, 12, 0, 24, 60, 36, 12, 24, 12, 24, 0, 36, 48, 36, 48, 48, 36, 60, 48, 36, 84, 60, 48, 144, 72, 96, 84, 96, 60, 132, 120, 72, 204, 72, 144, 180, 276, 168, 84, 156, 204, 240, 132, 144, 144, 168, 120, 180, 312, 180, 156, 180, 204, 156, 240, 180, 192, 132, 192, 120, 252, 252, 180, 228, 360, 192, 252, 156, 216, 252, 156, 168, 240, 192, 204, 204, 240, 228, 264, 192, 324, 324, 312, 228, 240, 288, 300, 168, 216, 216, 168, 276, 144, 216, 252, 192, 264, 192, 312, 276, 180, 192, 252, 156, 228, 192, 228, 144, 216, 216, 180, 204, 228, 120, 252, 192, 252, 240, 228, 192, 192, 324, 144, 228, 216, 216, 288, 156, 204, 276, 240, 204, 216, 144, 156, 156, 228, 204, 72, 324, 168, 240, 180, 168, 252, 300, 312, 168, 228, 216, 240, 204, 312, 108, 204, 252, 240, 264, 204, 276, 240, 228, 276, 288, 276, 108, 312, 264, 252, 192, 252, 216, 240, 192, 168, 216, 180, 132, 180, 132, 216, 144, 168, 228, 180, 264, 156, 168, 144, 228, 132, 168, 204, 108, 120, 72, 120, 132, 120, 180, 84, 96, 84, 132, 144, 96, 144, 120, 168, 192, 96, 108, 180, 72, 180, 96, 72, 120, 96, 84, 144, 156, 132, 108, 108, 156, 48, 108]",44.5006745125564,11.3464045268346,10245,15168.0
1.4 1.5 4 1,"[420, 312, 264, 336, 228, 240, 204, 324, 132, 180, 168, 156, 216, 48, 84, 96, 84, 312, 156, 144, 72, 96, 132, 108, 72, 48, 72, 108, 108, 132, 60, 60, 36, 72, 48, 24, 72, 12, 36, 72, 36, 36, 108, 60, 24, 60, 36, 60, 24, 48, 24, 36, 96, 48, 0, 96, 24, 36, 72, 48, 72, 96, 168, 156, 48, 192, 204, 132, 168, 216, 252, 144, 204, 120, 204, 180, 228, 168, 156, 276, 204, 276, 300, 300, 300, 420, 372, 468, 336, 552, 408, 660, 708, 924, 780, 852, 840, 744, 816, 672, 564, 732, 804, 624, 840, 900, 612, 384, 672, 828, 540, 684, 576, 756, 636, 612, 504, 504, 612, 516, 612, 600, 660, 504, 564, 588, 564, 444, 444, 504, 408, 564, 504, 312, 564, 456, 480, 588, 372, 576, 552, 492, 504, 540, 516, 420, 504, 372, 396, 624, 432, 420, 432, 480, 444, 528, 492, 576, 456, 432, 564, 612, 540, 552, 468, 492, 480, 468, 480, 468, 588, 588, 540, 480, 516, 528, 468, 420, 636, 564, 576, 780, 552, 552, 528, 564, 600, 708, 564, 528, 492, 528, 528, 504, 612, 552, 612, 648, 384, 648, 612, 612, 540, 732, 504, 540, 600, 672, 912, 552, 768, 636, 456, 744, 624, 564, 756, 492, 636, 612, 612, 804, 684, 648, 516, 588, 660, 696, 756, 564, 504, 624, 468, 492, 684, 792, 540, 540, 468, 564, 540, 408, 600, 696, 420, 348, 528, 336, 348, 444, 324, 468, 360, 480, 468, 444, 216, 360, 564, 516, 348, 432, 420, 432, 360, 156, 408, 252, 276, 552, 360, 336, 384, 336, 480, 396, 300, 456, 324, 288, 324, 468, 336, 264, 444, 504, 372, 228]",44.5008471200629,11.3460261260327,10245,10246.0
1.5 1.4 8 1,"[24, 24, 36, 60, 12, 60, 24, 12, 24, 36, 36, 36, 36, 48, 48, 24, 60, 0, 36, 12, 0, 24, 12, 12, 12, 12, 24, 24, 0, 12, 24, 24, 12, 0, 60, 24, 36, 24, 0, 0, 0, 12, 24, 0, 0, 0, 12, 24, 0, 24, 0, 0, 12, 12, 24, 12, 36, 0, 0, 24, 0, 0, 0, 0, 48, 12, 0, 12, 24, 12, 12, 48, 24, 48, 36, 36, 24, 72, 36, 36, 36, 72, 84, 84, 48, 84, 36, 96, 48, 96, 96, 96, 96, 84, 132, 168, 228, 120, 132, 72, 192, 264, 108, 120, 108, 132, 72, 204, 204, 228, 120, 180, 144, 108, 168, 192, 156, 132, 108, 108, 204, 324, 120, 192, 216, 132, 132, 180, 216, 144, 120, 84, 180, 144, 156, 144, 168, 108, 216, 120, 264, 180, 180, 156, 252, 192, 168, 120, 144, 108, 144, 168, 84, 144, 180, 180, 168, 168, 156, 108, 132, 120, 204, 120, 192, 120, 156, 108, 204, 204, 156, 168, 120, 96, 168, 180, 96, 120, 180, 120, 168, 192, 120, 132, 240, 192, 156, 168, 132, 192, 96, 144, 156, 60, 120, 156, 132, 156, 132, 168, 108, 144, 168, 120, 216, 276, 144, 120, 108, 132, 144, 180, 132, 72, 120, 180, 144, 204, 144, 168, 72, 144, 168, 156, 108, 108, 156, 132, 168, 72, 108, 120, 108, 144, 108, 156, 108, 120, 96, 96, 108, 84, 96, 108, 60, 108, 132, 84, 132, 144, 108, 120, 132, 36, 96, 72, 72, 60, 72, 48, 24, 24, 48, 60, 108, 48, 60, 36, 84, 12, 36, 84, 96, 48, 120, 0, 72, 48, 60, 24, 60, 72, 36, 12, 36, 60, 48, 60]",44.501127242279,11.344580200454,10278,10246.0
1.5 1.5 4 1,"[264, 204, 240, 264, 156, 156, 132, 252, 120, 180, 156, 72, 168, 72, 60, 48, 60, 156, 144, 96, 24, 24, 60, 72, 48, 36, 12, 84, 96, 120, 48, 24, 48, 48, 48, 12, 48, 12, 60, 48, 24, 48, 72, 24, 12, 60, 24, 48, 36, 48, 48, 36, 36, 60, 12, 24, 24, 12, 96, 24, 36, 12, 60, 72, 72, 156, 120, 84, 48, 132, 84, 24, 60, 72, 108, 132, 144, 132, 108, 180, 144, 216, 252, 264, 228, 384, 276, 408, 372, 384, 420, 600, 564, 516, 816, 696, 792, 492, 612, 636, 468, 648, 612, 624, 732, 708, 480, 456, 504, 648, 576, 648, 348, 600, 456, 456, 444, 372, 588, 480, 468, 552, 396, 588, 384, 456, 696, 480, 492, 456, 432, 348, 480, 360, 456, 528, 348, 456, 348, 540, 408, 480, 540, 600, 480, 396, 444, 432, 348, 420, 492, 420, 432, 324, 492, 420, 492, 756, 420, 420, 432, 468, 384, 552, 468, 360, 528, 564, 384, 348, 588, 468, 504, 420, 588, 408, 492, 408, 588, 564, 456, 552, 552, 408, 504, 396, 480, 600, 540, 504, 360, 444, 636, 540, 456, 456, 408, 564, 384, 540, 504, 468, 408, 480, 504, 480, 540, 612, 600, 660, 624, 624, 456, 564, 528, 624, 708, 480, 660, 552, 432, 576, 432, 528, 432, 528, 660, 420, 672, 480, 324, 444, 360, 408, 456, 612, 372, 348, 360, 444, 420, 312, 480, 504, 432, 300, 348, 312, 384, 288, 228, 384, 276, 336, 336, 336, 168, 276, 384, 324, 288, 312, 276, 276, 312, 156, 192, 264, 264, 324, 276, 288, 252, 216, 264, 432, 228, 264, 288, 288, 252, 348, 216, 288, 300, 288, 300, 168]",44.5013160433798,11.3441847244287,10278,10242.0
1.5 1.80 2 1,"[48, 72, 24, 60, 36, 60, 60, 96, 24, 36, 84, 48, 48, 12, 24, 144, 36, 36, 24, 84, 24, 36, 48, 36, 60, 0, 36, 12, 0, 60, 12, 48, 48, 12, 24, 24, 48, 12, 12, 24, 24, 60, 60, 12, 0, 36, 48, 36, 12, 24, 36, 36, 36, 48, 60, 36, 12, 24, 60, 12, 24, 48, 48, 0, 48, 24, 24, 36, 24, 36, 36, 36, 60, 60, 48, 60, 36, 60, 60, 36, 36, 60, 60, 96, 120, 120, 132, 132, 72, 84, 120, 144, 108, 96, 168, 120, 96, 204, 120, 144, 192, 228, 156, 132, 204, 168, 204, 240, 132, 156, 144, 156, 228, 120, 240, 120, 180, 192, 192, 192, 216, 156, 168, 300, 168, 192, 216, 204, 132, 156, 132, 180, 180, 204, 264, 180, 132, 288, 156, 180, 120, 288, 276, 240, 108, 276, 216, 144, 120, 180, 144, 180, 84, 240, 180, 108, 168, 120, 252, 180, 108, 204, 156, 168, 120, 48, 156, 120, 144, 216, 144, 84, 132, 108, 108, 240, 108, 84, 204, 192, 156, 180, 228, 204, 132, 108, 120, 156, 132, 216, 156, 144, 156, 108, 192, 144, 120, 120, 108, 144, 192, 180, 132, 84, 240, 192, 72, 156, 228, 108, 144, 120, 216, 156, 180, 132, 204, 252, 204, 144, 144, 156, 168, 72, 132, 168, 192, 144, 156, 132, 192, 180, 132, 132, 84, 132, 108, 108, 132, 144, 84, 192, 96, 72, 96, 108, 96, 96, 60, 108, 36, 60, 108, 24, 84, 60, 48, 24, 72, 48, 72, 84, 60, 48, 96, 36, 84, 60, 48, 48, 24, 72, 60, 84, 60, 24, 36, 36, 0, 12, 48, 24, 24, 48, 12, 12, 36, 12]",,,,
1.5 3.25 6 1,"[192, 120, 84, 144, 84, 108, 84, 192, 108, 72, 96, 60, 72, 60, 72, 72, 24, 108, 96, 72, 60, 36, 84, 48, 36, 60, 36, 36, 48, 24, 24, 36, 60, 24, 36, 72, 36, 36, 12, 24, 72, 36, 48, 72, 36, 24, 24, 48, 12, 36, 36, 24, 84, 24, 0, 72, 24, 48, 36, 36, 60, 120, 84, 24, 60, 24, 60, 12, 36, 60, 72, 60, 36, 120, 48, 156, 60, 120, 120, 168, 120, 108, 120, 144, 168, 228, 156, 240, 264, 276, 204, 240, 252, 276, 276, 216, 264, 288, 324, 492, 348, 372, 324, 348, 180, 336, 360, 300, 384, 396, 324, 348, 312, 312, 360, 384, 264, 324, 168, 324, 336, 336, 396, 336, 348, 324, 228, 384, 336, 120, 336, 480, 360, 408, 336, 336, 420, 348, 240, 336, 396, 264, 312, 324, 396, 396, 324, 324, 264, 348, 300, 360, 420, 264, 240, 288, 312, 324, 312, 372, 336, 372, 372, 348, 372, 336, 228, 228, 312, 336, 336, 336, 276, 192, 312, 348, 228, 324, 264, 312, 468, 288, 192, 456, 420, 300, 324, 372, 324, 384, 348, 288, 336, 336, 300, 360, 360, 252, 480, 408, 384, 432, 360, 372, 324, 348, 348, 324, 324, 384, 432, 288, 324, 348, 240, 288, 312, 336, 300, 300, 288, 372, 348, 348, 264, 360, 324, 372, 348, 516, 264, 360, 288, 324, 348, 312, 276, 264, 264, 228, 264, 240, 336, 156, 204, 144, 240, 180, 252, 168, 240, 192, 192, 252, 144, 240, 132, 204, 168, 204, 144, 156, 108, 168, 204, 156, 264, 120, 48, 168, 156, 192, 144, 132, 168, 120, 96, 120, 144, 120, 168, 168, 108, 84, 108, 216, 120, 156]",44.5014009848541,11.3445247412256,10278,10277.0
1.8 0.127 2 1,"[168, 132, 108, 204, 84, 168, 132, 132, 108, 72, 108, 96, 72, 108, 132, 72, 36, 60, 120, 72, 132, 36, 72, 48, 36, 84, 36, 60, 12, 60, 48, 24, 48, 36, 84, 12, 24, 60, 96, 24, 36, 48, 60, 24, 24, 24, 36, 24, 48, 24, 48, 72, 108, 36, 132, 12, 24, 36, 36, 96, 36, 36, 60, 60, 24, 132, 60, 60, 36, 108, 132, 60, 0, 60, 108, 96, 132, 132, 144, 156, 252, 168, 180, 348, 192, 216, 240, 192, 288, 348, 348, 300, 372, 420, 396, 312, 240, 324, 444, 372, 444, 384, 348, 276, 384, 264, 360, 312, 276, 420, 516, 324, 456, 360, 420, 420, 348, 420, 312, 264, 276, 348, 324, 312, 372, 348, 360, 324, 420, 396, 240, 324, 300, 312, 276, 240, 324, 420, 264, 288, 264, 372, 300, 264, 300, 360, 456, 264, 300, 372, 408, 384, 192, 348, 144, 336, 276, 384, 228, 264, 300, 240, 288, 228, 312, 336, 240, 288, 300, 240, 288, 288, 228, 300, 216, 240, 264, 324, 276, 300, 276, 312, 288, 192, 336, 276, 276, 324, 276, 288, 252, 216, 228, 240, 288, 192, 192, 216, 384, 216, 360, 252, 360, 192, 204, 312, 420, 300, 468, 276, 264, 384, 252, 240, 396, 336, 216, 324, 252, 228, 264, 216, 336, 300, 252, 288, 312, 312, 252, 240, 288, 276, 408, 300, 204, 216, 300, 288, 276, 252, 348, 264, 300, 288, 264, 276, 204, 216, 240, 240, 132, 192, 180, 204, 120, 156, 204, 156, 180, 180, 132, 120, 108, 216, 156, 156, 168, 192, 168, 144, 144, 144, 144, 132, 132, 144, 156, 156, 180, 180, 120, 60, 132, 144, 120, 144, 144, 156]",,,,
1.8 0.127 6 1,"[0, 0, 0, 0, 0, 0, 0, 0, 0, 0, 0, 0, 0, 0, 0, 0, 0, 0, 0, 0, 0, 0, 0, 0, 0, 0, 0, 0, 0, 0, 0, 0, 0, 0, 0, 0, 0, 0, 0, 0, 0, 0, 0, 0, 0, 0, 0, 0, 0, 0, 0, 0, 0, 0, 0, 0, 0, 0, 0, 0, 0, 0, 0, 0, 0, 0, 0, 0, 0, 0, 0, 0, 0, 0, 0, 0, 0, 0, 0, 0, 0, 0, 0, 0, 0, 0, 0, 0, 0, 0, 0, 0, 0, 0, 0, 0, 0, 0, 0, 0, 0, 0, 0, 0, 0, 0, 0, 0, 0, 0, 0, 0, 0, 0, 0, 0, 0, 0, 0, 0, 0, 0, 0, 0, 0, 0, 0, 0, 0, 0, 0, 0, 0, 0, 0, 0, 0, 0, 0, 0, 0, 0, 0, 0, 0, 0, 0, 0, 0, 0, 0, 0, 0, 0, 0, 0, 0, 0, 0, 0, 0, 0, 0, 0, 0, 0, 0, 0, 0, 0, 0, 0, 0, 0, 0, 0, 0, 0, 0, 0, 0, 0, 0, 0, 0, 0, 0, 0, 0, 0, 0, 0, 0, 0, 0, 0, 0, 0, 0, 0, 0, 0, 0, 0, 0, 0, 0, 0, 0, 0, 0, 0, 0, 0, 0, 0, 0, 0, 0, 0, 0, 0, 0, 0, 0, 0, 0, 0, 0, 0, 0, 0, 0, 0, 0, 0, 0, 0, 0, 0, 0, 0, 0, 0, 0, 0, 0, 0, 0, 0, 0, 0, 0, 0, 0, 0, 0, 0, 0, 0, 0, 0, 0, 0, 0, 0, 0, 0, 0, 0, 0, 0, 0, 0, 0, 0, 0, 0, 0, 0, 0, 0, 0, 0, 0, 0, 0, 0]",,,,
1.8 1.10 6 1,"[108, 84, 96, 120, 84, 36, 84, 60, 108, 60, 48, 60, 60, 132, 72, 84, 84, 60, 60, 0, 72, 48, 60, 24, 24, 48, 36, 36, 24, 0, 36, 12, 36, 12, 48, 0, 24, 0, 36, 12, 0, 24, 24, 36, 12, 12, 0, 0, 0, 0, 0, 12, 12, 12, 48, 24, 72, 60, 12, 36, 12, 36, 36, 24, 36, 24, 84, 60, 48, 24, 48, 36, 72, 36, 72, 108, 120, 108, 48, 96, 84, 120, 144, 108, 156, 132, 120, 144, 204, 144, 120, 240, 192, 228, 240, 192, 396, 300, 360, 324, 396, 288, 372, 396, 324, 348, 252, 276, 324, 228, 312, 216, 312, 192, 216, 312, 276, 288, 240, 180, 336, 288, 324, 204, 360, 276, 324, 408, 276, 216, 276, 240, 240, 168, 216, 396, 324, 192, 288, 300, 276, 372, 204, 288, 192, 264, 192, 408, 252, 312, 312, 372, 144, 312, 252, 192, 324, 132, 468, 240, 216, 300, 264, 288, 216, 204, 324, 192, 276, 288, 288, 216, 180, 132, 228, 300, 96, 276, 324, 264, 264, 228, 300, 228, 288, 348, 216, 300, 144, 252, 204, 288, 264, 360, 288, 240, 168, 204, 264, 336, 312, 252, 192, 264, 276, 228, 228, 252, 396, 240, 252, 240, 216, 336, 240, 276, 360, 288, 192, 264, 216, 168, 264, 168, 252, 192, 336, 264, 240, 348, 264, 228, 288, 156, 288, 228, 444, 300, 264, 168, 192, 228, 276, 240, 240, 288, 168, 156, 192, 96, 108, 144, 144, 132, 156, 156, 180, 132, 120, 120, 72, 156, 144, 108, 0, 72, 120, 120, 168, 192, 156, 156, 120, 60, 84, 180, 168, 156, 132, 168, 156, 132, 72, 144, 180, 36, 108, 72]",44.4966507384083,11.3369661513812,16927,15718.0
1.8 1.11 6 1,"[120, 132, 36, 48, 60, 108, 96, 36, 48, 84, 108, 60, 72, 96, 72, 36, 132, 96, 48, 12, 12, 36, 24, 48, 48, 48, 24, 48, 24, 48, 36, 12, 24, 12, 36, 12, 72, 12, 24, 12, 0, 36, 12, 36, 12, 24, 12, 12, 24, 60, 24, 36, 72, 48, 24, 36, 24, 36, 48, 48, 36, 24, 36, 0, 24, 12, 60, 60, 84, 24, 84, 84, 48, 36, 36, 48, 60, 48, 48, 24, 84, 84, 108, 72, 12, 60, 168, 48, 12, 84, 24, 0, 96, 240, 24, 180, 36, 144, 60, 108, 48, 24, 144, 120, 96, 156, 132, 48, 36, 48, 156, 84, 60, 24, 132, 192, 144, 96, 180, 180, 144, 24, 60, 72, 132, 48, 60, 60, 264, 144, 36, 192, 180, 120, 36, 144, 180, 240, 84, 96, 240, 12, 36, 396, 168, 36, 60, 48, 108, 348, 360, 348, 36, 180, 204, 132, 144, 192, 240, 252, 60, 144, 144, 24, 252, 192, 228, 48, 72, 84, 120, 12, 192, 252, 180, 144, 48, 96, 0, 108, 144, 12, 168, 24, 48, 168, 228, 192, 108, 264, 192, 252, 108, 288, 96, 312, 276, 360, 264, 132, 168, 216, 36, 96, 276, 288, 96, 264, 192, 132, 120, 96, 336, 408, 48, 288, 108, 84, 180, 180, 192, 108, 108, 48, 300, 192, 72, 36, 180, 48, 192, 120, 36, 108, 144, 84, 108, 144, 192, 228, 168, 120, 48, 84, 240, 24, 36, 36, 24, 144, 48, 168, 48, 108, 72, 60, 12, 72, 36, 24, 108, 72, 144, 72, 168, 168, 72, 36, 108, 156, 120, 12, 72, 72, 72, 132, 24, 276, 144, 24, 84, 240, 60, 180, 72, 120, 192, 144]",44.4956026276631,11.3368384334514,87,81.0
1.8 1.12 2 1,"[156, 96, 96, 144, 60, 108, 108, 120, 48, 48, 108, 48, 72, 72, 84, 36, 12, 24, 60, 36, 108, 60, 36, 24, 48, 48, 36, 36, 0, 48, 24, 24, 24, 12, 96, 0, 12, 48, 24, 36, 36, 36, 24, 12, 0, 12, 12, 12, 72, 0, 48, 72, 72, 24, 108, 12, 48, 24, 24, 24, 36, 60, 48, 96, 24, 132, 24, 36, 36, 108, 132, 96, 60, 132, 72, 108, 132, 132, 156, 156, 324, 300, 252, 408, 156, 384, 252, 276, 396, 432, 420, 360, 480, 468, 396, 468, 444, 372, 576, 564, 504, 108, 468, 396, 432, 372, 480, 456, 540, 372, 540, 360, 516, 396, 372, 384, 336, 324, 384, 504, 456, 444, 588, 492, 552, 348, 372, 468, 408, 300, 312, 360, 504, 480, 384, 384, 408, 564, 372, 420, 348, 312, 372, 348, 348, 372, 384, 276, 180, 276, 336, 360, 228, 336, 396, 456, 348, 492, 384, 312, 228, 216, 252, 252, 276, 384, 228, 372, 372, 288, 312, 468, 288, 528, 408, 72, 336, 372, 408, 252, 228, 288, 336, 264, 336, 264, 192, 336, 276, 312, 72, 192, 432, 420, 444, 288, 228, 240, 396, 336, 360, 288, 360, 300, 288, 300, 324, 252, 372, 396, 264, 348, 312, 156, 396, 324, 252, 384, 288, 264, 324, 312, 360, 264, 372, 396, 384, 336, 288, 240, 204, 324, 408, 348, 300, 276, 276, 228, 336, 216, 240, 276, 300, 216, 264, 276, 192, 204, 276, 240, 168, 252, 180, 180, 192, 168, 204, 204, 216, 132, 168, 132, 120, 192, 168, 132, 144, 180, 168, 72, 132, 132, 144, 72, 108, 180, 216, 144, 132, 204, 132, 132, 96, 228, 168, 132, 120, 168]",44.495704939559,11.3372547926228,13517,88.0
1.8 1.18 6 1,"[36, 72, 84, 24, 84, 60, 36, 132, 60, 108, 36, 60, 132, 48, 48, 48, 132, 84, 0, 48, 36, 24, 36, 72, 24, 24, 60, 48, 24, 0, 24, 24, 36, 24, 48, 60, 36, 12, 0, 12, 36, 36, 0, 36, 0, 12, 24, 48, 36, 60, 0, 24, 12, 24, 12, 24, 60, 12, 24, 24, 24, 36, 12, 36, 24, 12, 72, 60, 24, 48, 60, 60, 60, 36, 84, 12, 72, 108, 48, 96, 144, 132, 120, 108, 48, 120, 108, 120, 180, 192, 180, 288, 312, 384, 240, 420, 288, 288, 264, 408, 300, 408, 240, 336, 396, 324, 360, 108, 360, 252, 312, 228, 288, 276, 120, 204, 192, 276, 252, 288, 252, 300, 360, 348, 324, 252, 300, 300, 168, 72, 252, 264, 300, 252, 276, 192, 276, 276, 276, 180, 240, 360, 276, 360, 252, 312, 216, 300, 252, 300, 192, 84, 252, 300, 288, 300, 300, 120, 276, 156, 252, 204, 240, 240, 288, 120, 180, 288, 204, 300, 276, 216, 276, 132, 156, 252, 264, 216, 180, 180, 348, 216, 180, 204, 216, 324, 180, 240, 264, 204, 228, 312, 192, 84, 252, 228, 216, 204, 216, 228, 252, 228, 132, 312, 252, 264, 84, 228, 240, 288, 264, 216, 288, 276, 348, 180, 252, 156, 288, 168, 216, 192, 288, 204, 228, 96, 216, 180, 192, 192, 240, 264, 204, 192, 240, 228, 216, 216, 276, 132, 132, 252, 156, 192, 156, 48, 132, 168, 216, 180, 228, 144, 144, 96, 156, 120, 84, 132, 108, 60, 180, 120, 72, 120, 84, 180, 24, 60, 120, 96, 144, 132, 72, 144, 168, 132, 144, 108, 72, 48, 96, 120, 72, 120, 96, 84, 84, 36]",44.4965862496247,11.3374391221777,100,15719.0
1.9 0.127 2 1,"[60, 60, 156, 108, 36, 108, 60, 48, 72, 48, 36, 60, 60, 0, 84, 72, 108, 12, 60, 36, 60, 24, 24, 36, 48, 36, 12, 24, 12, 36, 12, 12, 24, 0, 36, 12, 72, 12, 0, 24, 48, 12, 0, 12, 12, 12, 24, 12, 36, 24, 24, 84, 24, 24, 12, 24, 36, 36, 60, 24, 60, 48, 12, 24, 36, 144, 48, 36, 24, 48, 132, 96, 36, 120, 48, 36, 36, 120, 108, 204, 108, 156, 180, 144, 144, 120, 228, 240, 204, 204, 216, 276, 348, 252, 312, 348, 276, 432, 324, 360, 396, 216, 360, 360, 336, 276, 324, 432, 324, 264, 324, 336, 312, 288, 300, 228, 348, 360, 312, 312, 300, 348, 300, 408, 276, 336, 264, 288, 372, 288, 384, 288, 348, 276, 228, 204, 384, 264, 384, 384, 384, 324, 300, 348, 504, 204, 240, 312, 276, 420, 240, 348, 252, 252, 240, 336, 204, 276, 240, 288, 192, 228, 216, 192, 180, 288, 228, 192, 216, 264, 360, 252, 288, 168, 348, 300, 264, 324, 216, 240, 276, 312, 300, 288, 300, 264, 216, 288, 180, 288, 264, 252, 204, 252, 240, 156, 240, 216, 300, 300, 300, 288, 204, 240, 216, 204, 324, 360, 276, 228, 288, 276, 264, 312, 336, 336, 264, 324, 324, 312, 228, 312, 336, 372, 240, 336, 336, 192, 252, 204, 192, 276, 300, 276, 300, 204, 204, 276, 264, 192, 444, 312, 276, 156, 264, 156, 252, 348, 192, 156, 132, 204, 132, 204, 108, 180, 240, 228, 120, 144, 156, 156, 180, 156, 72, 168, 108, 72, 192, 228, 144, 108, 204, 288, 96, 204, 120, 180, 168, 144, 156, 120, 84, 60, 96, 156, 108, 108]",,,,
1.9 0.127 6 1,"[12, 24, 36, 36, 12, 12, 48, 0, 0, 12, 12, 48, 12, 36, 36, 12, 12, 12, 24, 12, 48, 12, 24, 0, 0, 12, 0, 12, 0, 12, 0, 0, 0, 0, 0, 0, 0, 0, 0, 0, 0, 0, 12, 24, 0, 0, 0, 0, 0, 12, 0, 0, 12, 12, 24, 0, 0, 0, 0, 12, 12, 12, 24, 0, 0, 24, 0, 0, 12, 24, 0, 12, 36, 24, 0, 24, 36, 24, 12, 12, 36, 12, 12, 60, 36, 12, 12, 60, 48, 48, 84, 60, 24, 60, 84, 36, 36, 84, 84, 36, 84, 72, 96, 36, 36, 84, 84, 36, 60, 60, 60, 48, 48, 120, 84, 48, 84, 60, 48, 108, 24, 48, 72, 12, 72, 36, 84, 84, 48, 72, 48, 72, 48, 60, 60, 60, 36, 36, 12, 84, 60, 36, 96, 60, 48, 120, 36, 24, 84, 72, 12, 84, 36, 84, 72, 48, 60, 36, 48, 12, 48, 84, 24, 72, 48, 36, 60, 48, 24, 48, 84, 36, 60, 24, 72, 24, 60, 84, 60, 72, 60, 12, 120, 72, 24, 84, 36, 24, 48, 60, 72, 36, 60, 48, 108, 36, 24, 84, 36, 60, 36, 36, 36, 24, 84, 36, 72, 48, 48, 72, 48, 96, 60, 60, 12, 36, 84, 24, 120, 24, 48, 60, 72, 60, 108, 36, 48, 84, 84, 48, 60, 12, 0, 60, 48, 48, 72, 60, 60, 12, 0, 48, 60, 60, 36, 36, 48, 36, 36, 24, 36, 24, 24, 24, 12, 12, 36, 12, 36, 24, 24, 24, 12, 12, 12, 24, 0, 12, 24, 36, 12, 48, 12, 12, 24, 36, 0, 24, 24, 12, 24, 24, 24, 24, 0, 24, 24, 24]",44.4980414260355,11.3307270636654,13540,15635.0
1.9 0.127 7 1,"[72, 48, 72, 12, 60, 120, 36, 24, 24, 72, 60, 24, 12, 84, 0, 0, 0, 60, 60, 48, 36, 36, 24, 0, 48, 24, 12, 24, 12, 12, 24, 24, 12, 36, 0, 24, 36, 12, 12, 0, 12, 0, 0, 12, 12, 24, 24, 24, 12, 0, 24, 24, 0, 0, 24, 0, 24, 108, 24, 0, 24, 36, 48, 24, 24, 0, 24, 12, 12, 24, 48, 48, 12, 12, 36, 0, 24, 60, 36, 48, 108, 96, 72, 36, 84, 108, 168, 84, 204, 144, 168, 240, 156, 204, 240, 324, 276, 396, 312, 240, 240, 264, 276, 288, 408, 396, 336, 336, 384, 288, 336, 204, 120, 300, 240, 240, 312, 336, 336, 264, 240, 240, 180, 312, 300, 60, 120, 252, 156, 360, 312, 276, 324, 324, 312, 216, 252, 336, 228, 216, 228, 300, 276, 72, 204, 288, 144, 96, 120, 24, 348, 96, 240, 228, 216, 336, 204, 204, 228, 180, 144, 264, 168, 24, 204, 168, 228, 108, 252, 276, 516, 216, 204, 228, 312, 288, 300, 264, 252, 228, 252, 240, 180, 204, 216, 252, 288, 240, 228, 132, 264, 264, 252, 276, 384, 180, 336, 96, 36, 108, 240, 312, 192, 276, 228, 264, 372, 312, 264, 300, 324, 288, 240, 312, 264, 312, 372, 192, 264, 348, 336, 192, 276, 300, 132, 432, 264, 264, 324, 468, 192, 408, 396, 252, 264, 444, 348, 12, 252, 264, 420, 324, 216, 288, 228, 288, 348, 348, 216, 360, 264, 300, 276, 372, 252, 240, 216, 204, 204, 240, 144, 204, 168, 288, 120, 204, 96, 132, 144, 168, 180, 120, 276, 288, 228, 132, 192, 228, 156, 288, 168, 192, 108, 180, 84, 72, 156, 240]",,,,
1.9 1.8 2 1,"[96, 60, 144, 156, 60, 108, 60, 72, 84, 72, 108, 96, 84, 12, 84, 84, 108, 12, 72, 60, 48, 60, 24, 72, 60, 36, 12, 24, 36, 36, 12, 12, 24, 0, 36, 12, 72, 12, 0, 24, 48, 24, 0, 12, 0, 12, 12, 24, 24, 12, 24, 96, 24, 24, 12, 24, 48, 36, 60, 24, 60, 48, 12, 24, 48, 132, 48, 36, 24, 60, 120, 108, 36, 108, 48, 36, 36, 120, 132, 192, 132, 192, 240, 180, 156, 120, 252, 312, 336, 300, 252, 336, 468, 384, 408, 420, 288, 516, 408, 468, 444, 516, 396, 444, 348, 336, 324, 516, 336, 312, 348, 408, 420, 420, 384, 276, 372, 276, 180, 132, 324, 432, 360, 468, 312, 324, 264, 336, 396, 324, 468, 324, 396, 252, 0, 36, 396, 288, 372, 468, 396, 300, 300, 360, 468, 276, 276, 360, 288, 432, 252, 408, 348, 288, 240, 372, 252, 312, 276, 300, 180, 240, 192, 216, 204, 336, 264, 204, 276, 264, 360, 288, 372, 168, 372, 348, 240, 336, 240, 276, 324, 288, 300, 324, 288, 264, 240, 228, 0, 180, 264, 324, 348, 312, 300, 180, 276, 216, 396, 324, 444, 180, 12, 324, 264, 324, 336, 396, 372, 264, 324, 348, 372, 396, 312, 360, 312, 348, 216, 0, 72, 396, 372, 372, 276, 444, 420, 336, 384, 336, 240, 396, 396, 336, 216, 0, 48, 276, 288, 264, 444, 348, 312, 180, 300, 204, 312, 360, 264, 180, 252, 204, 168, 264, 144, 204, 264, 240, 168, 204, 216, 192, 192, 204, 108, 192, 180, 108, 216, 228, 192, 132, 228, 300, 108, 216, 144, 216, 180, 192, 168, 168, 132, 84, 156, 168, 132, 84]",44.4977990469653,11.3313093788363,13540,67.0
1.9 1.10 8 1,"[96, 48, 60, 24, 84, 120, 48, 36, 24, 72, 60, 72, 24, 84, 48, 24, 84, 72, 132, 36, 36, 48, 24, 0, 72, 24, 12, 24, 12, 12, 24, 24, 12, 24, 0, 36, 36, 12, 24, 0, 12, 0, 0, 12, 12, 24, 24, 24, 12, 0, 24, 24, 0, 0, 24, 0, 24, 36, 12, 0, 24, 36, 48, 24, 24, 0, 24, 24, 24, 36, 36, 84, 12, 12, 36, 0, 24, 60, 48, 48, 108, 84, 72, 72, 108, 132, 192, 132, 240, 168, 228, 324, 168, 240, 228, 324, 336, 468, 324, 288, 348, 240, 324, 180, 480, 468, 372, 336, 408, 204, 396, 132, 0, 48, 288, 276, 336, 360, 348, 288, 276, 264, 300, 348, 336, 168, 156, 252, 264, 372, 360, 264, 408, 216, 0, 168, 300, 300, 228, 216, 120, 396, 168, 0, 96, 312, 228, 240, 408, 240, 396, 324, 324, 300, 264, 324, 264, 240, 228, 192, 192, 216, 60, 228, 48, 204, 228, 252, 252, 288, 492, 264, 228, 36, 324, 348, 312, 300, 252, 288, 456, 288, 144, 240, 216, 264, 360, 276, 252, 156, 276, 252, 264, 336, 444, 108, 324, 240, 192, 216, 240, 324, 312, 276, 276, 360, 372, 324, 276, 336, 0, 96, 384, 336, 312, 372, 372, 252, 300, 384, 312, 252, 348, 300, 480, 444, 300, 396, 312, 504, 216, 456, 408, 252, 240, 456, 408, 348, 288, 216, 504, 372, 288, 276, 396, 276, 408, 396, 192, 372, 300, 288, 300, 372, 264, 240, 252, 216, 228, 252, 312, 192, 216, 300, 120, 168, 96, 168, 144, 156, 180, 180, 300, 300, 240, 156, 192, 252, 144, 300, 180, 192, 108, 180, 108, 180, 132, 348]",44.4980639850571,11.331481319828,13540,13570.0
1.9 1.10 8 2,"[36, 36, 48, 36, 84, 84, 0, 60, 24, 36, 84, 12, 12, 24, 72, 12, 60, 60, 24, 36, 36, 48, 24, 12, 36, 12, 0, 48, 0, 12, 12, 12, 24, 24, 0, 12, 36, 0, 24, 12, 12, 24, 24, 24, 12, 12, 12, 0, 24, 24, 24, 24, 24, 0, 48, 0, 12, 36, 36, 0, 48, 0, 24, 12, 36, 12, 24, 48, 24, 36, 24, 72, 36, 24, 36, 12, 72, 72, 72, 36, 24, 108, 132, 84, 96, 72, 120, 192, 180, 84, 252, 192, 252, 336, 228, 312, 396, 444, 312, 372, 324, 132, 372, 300, 360, 432, 300, 276, 288, 312, 360, 348, 288, 372, 336, 360, 276, 300, 360, 336, 288, 348, 252, 300, 300, 348, 276, 264, 288, 252, 312, 240, 264, 288, 276, 300, 204, 276, 300, 276, 252, 288, 264, 312, 300, 276, 264, 312, 240, 216, 216, 240, 276, 372, 180, 252, 228, 192, 180, 168, 228, 192, 180, 180, 252, 336, 168, 288, 240, 204, 300, 336, 276, 240, 168, 228, 192, 312, 240, 216, 324, 264, 288, 264, 192, 240, 276, 228, 240, 216, 252, 228, 36, 228, 288, 276, 336, 336, 132, 276, 204, 324, 228, 276, 252, 240, 276, 240, 264, 324, 312, 288, 252, 360, 336, 288, 396, 144, 348, 240, 300, 288, 252, 300, 360, 336, 396, 468, 240, 348, 360, 276, 360, 324, 360, 360, 228, 264, 312, 324, 336, 408, 288, 360, 264, 264, 300, 204, 300, 216, 168, 216, 252, 192, 156, 216, 312, 264, 156, 180, 168, 180, 180, 156, 84, 132, 96, 132, 144, 228, 168, 192, 204, 204, 180, 168, 204, 192, 132, 192, 144, 120, 96, 96, 120, 144, 96, 84]",44.4983502636748,11.3355035956399,191,193.0
1.10 1.9 4 1,"[12, 72, 24, 60, 24, 36, 72, 36, 72, 48, 84, 24, 48, 84, 48, 36, 48, 24, 36, 36, 60, 0, 48, 0, 0, 48, 24, 12, 0, 0, 24, 24, 12, 0, 0, 0, 0, 0, 12, 0, 0, 12, 48, 24, 0, 12, 12, 12, 0, 48, 24, 12, 0, 0, 24, 0, 12, 12, 36, 0, 24, 0, 36, 12, 48, 24, 36, 24, 24, 24, 24, 24, 24, 48, 24, 48, 48, 36, 96, 48, 60, 96, 108, 84, 24, 84, 108, 84, 108, 156, 156, 132, 168, 192, 264, 144, 192, 192, 216, 132, 156, 228, 192, 120, 240, 216, 252, 264, 204, 216, 216, 120, 276, 192, 240, 276, 204, 216, 204, 276, 204, 228, 240, 168, 192, 252, 240, 192, 228, 240, 156, 96, 120, 192, 156, 192, 276, 204, 252, 264, 264, 216, 360, 300, 264, 252, 144, 336, 288, 216, 120, 192, 240, 216, 216, 228, 204, 180, 204, 192, 276, 192, 84, 192, 204, 192, 168, 192, 156, 180, 228, 144, 228, 168, 132, 180, 168, 168, 204, 228, 96, 276, 108, 252, 96, 204, 288, 252, 180, 192, 216, 216, 240, 204, 264, 192, 156, 180, 228, 180, 180, 168, 192, 216, 228, 156, 240, 144, 288, 240, 144, 312, 276, 192, 192, 252, 228, 216, 252, 192, 252, 180, 240, 240, 216, 252, 192, 276, 312, 252, 240, 192, 288, 192, 144, 324, 72, 300, 252, 192, 180, 228, 216, 264, 120, 180, 252, 228, 240, 312, 96, 168, 132, 132, 192, 192, 144, 168, 180, 96, 132, 156, 192, 132, 72, 120, 84, 72, 96, 216, 168, 120, 192, 120, 156, 144, 108, 120, 144, 144, 144, 108, 60, 156, 132, 60, 144, 84]",44.4986402189515,11.3352662215662,192,191.0
1.10 1.9 4 2,"[0, 0, 0, 0, 0, 0, 0, 0, 0, 0, 0, 0, 0, 0, 0, 0, 0, 0, 0, 0, 0, 0, 0, 0, 0, 0, 0, 0, 0, 0, 0, 0, 0, 0, 0, 0, 0, 0, 0, 0, 0, 0, 0, 0, 0, 0, 0, 0, 0, 0, 0, 0, 0, 0, 0, 0, 0, 0, 0, 0, 0, 0, 0, 0, 0, 0, 0, 0, 0, 0, 0, 0, 0, 0, 0, 0, 0, 0, 0, 0, 0, 0, 0, 0, 0, 0, 0, 0, 0, 0, 0, 0, 0, 0, 0, 0, 0, 0, 0, 0, 0, 0, 0, 0, 0, 0, 0, 0, 0, 0, 0, 0, 0, 0, 0, 0, 0, 0, 0, 0, 0, 0, 0, 0, 0, 0, 0, 0, 0, 0, 0, 0, 0, 0, 0, 0, 0, 0, 0, 0, 0, 0, 0, 0, 0, 0, 0, 0, 0, 0, 0, 0, 0, 0, 0, 0, 0, 0, 0, 0, 0, 0, 0, 0, 0, 0, 0, 0, 0, 0, 0, 0, 0, 0, 0, 0, 0, 0, 0, 0, 0, 0, 0, 0, 0, 0, 0, 0, 0, 0, 0, 0, 0, 0, 0, 0, 0, 0, 0, 0, 0, 0, 0, 0, 0, 0, 0, 0, 0, 0, 0, 0, 0, 0, 0, 0, 0, 0, 0, 0, 0, 0, 0, 0, 0, 0, 0, 0, 0, 0, 0, 0, 0, 0, 0, 0, 0, 0, 0, 0, 0, 0, 0, 0, 0, 0, 0, 0, 0, 0, 0, 0, 0, 0, 0, 0, 0, 0, 0, 0, 0, 0, 0, 0, 0, 0, 0, 0, 0, 0, 0, 0, 0, 0, 0, 0, 0, 0, 0, 0, 0, 0, 0, 0, 0, 0, 0, 0]",44.4981528821138,11.3313901059351,13570,13540.0
1.10 1.18 8 1,"[24, 36, 24, 12, 48, 60, 12, 60, 36, 36, 60, 0, 0, 24, 24, 12, 48, 24, 24, 12, 24, 48, 24, 12, 24, 12, 24, 48, 0, 0, 0, 0, 24, 36, 12, 12, 24, 0, 12, 12, 12, 0, 0, 36, 12, 12, 12, 0, 24, 24, 12, 24, 36, 12, 24, 12, 0, 24, 36, 0, 36, 24, 24, 24, 36, 12, 24, 36, 24, 48, 12, 84, 36, 12, 24, 36, 48, 96, 84, 24, 48, 96, 96, 96, 120, 96, 84, 180, 180, 120, 144, 180, 264, 192, 336, 288, 288, 408, 348, 372, 408, 192, 360, 408, 324, 468, 240, 336, 420, 348, 288, 300, 360, 348, 276, 372, 312, 216, 444, 264, 312, 300, 324, 192, 324, 360, 312, 360, 264, 252, 312, 168, 48, 264, 156, 348, 204, 204, 336, 288, 276, 372, 216, 444, 264, 300, 276, 252, 204, 168, 36, 276, 264, 264, 276, 264, 252, 264, 120, 216, 180, 240, 228, 204, 252, 168, 96, 204, 324, 240, 264, 312, 240, 180, 192, 192, 228, 312, 252, 228, 336, 204, 240, 180, 276, 228, 312, 228, 204, 264, 228, 240, 216, 276, 264, 240, 108, 240, 204, 264, 228, 216, 240, 240, 264, 216, 216, 276, 228, 336, 312, 240, 312, 240, 192, 300, 228, 204, 228, 252, 324, 252, 264, 264, 216, 348, 240, 324, 228, 288, 312, 192, 312, 204, 276, 336, 192, 216, 276, 288, 444, 216, 348, 264, 300, 240, 288, 204, 300, 132, 240, 216, 264, 252, 240, 180, 264, 204, 108, 132, 132, 132, 156, 216, 84, 108, 144, 108, 144, 168, 204, 168, 204, 240, 156, 168, 168, 144, 120, 180, 120, 108, 72, 72, 108, 120, 48, 108]",44.4985433372994,11.3361015838849,17074,195.0
1.10 3.7 6 1,"[132, 120, 132, 144, 120, 96, 108, 60, 168, 48, 144, 72, 84, 108, 72, 60, 24, 84, 24, 48, 12, 36, 36, 12, 84, 24, 24, 60, 36, 24, 48, 24, 24, 12, 48, 24, 24, 24, 24, 12, 12, 24, 24, 12, 36, 0, 12, 36, 60, 36, 0, 12, 0, 12, 24, 48, 72, 48, 24, 24, 24, 12, 12, 48, 36, 36, 72, 48, 36, 24, 60, 24, 60, 48, 72, 60, 96, 36, 60, 84, 72, 108, 108, 96, 216, 120, 132, 216, 204, 228, 240, 312, 264, 324, 348, 276, 504, 336, 456, 360, 420, 384, 420, 432, 324, 276, 252, 348, 384, 396, 156, 336, 180, 348, 408, 396, 276, 384, 192, 312, 384, 300, 408, 360, 336, 312, 420, 348, 468, 288, 420, 396, 252, 288, 312, 420, 300, 108, 336, 312, 348, 384, 372, 336, 288, 264, 300, 420, 312, 228, 396, 432, 348, 312, 360, 276, 348, 432, 492, 264, 216, 360, 360, 336, 324, 36, 288, 384, 216, 348, 396, 384, 372, 336, 348, 228, 252, 348, 336, 264, 408, 288, 468, 384, 384, 408, 276, 444, 312, 336, 300, 312, 372, 324, 360, 324, 348, 324, 312, 216, 456, 288, 360, 360, 348, 276, 420, 348, 336, 384, 408, 396, 360, 468, 384, 312, 396, 504, 420, 372, 288, 324, 384, 192, 348, 360, 456, 372, 300, 396, 384, 156, 360, 360, 384, 360, 372, 492, 384, 348, 336, 468, 360, 408, 264, 372, 168, 156, 204, 252, 156, 156, 216, 120, 204, 120, 180, 276, 144, 204, 156, 192, 108, 228, 180, 132, 144, 180, 156, 228, 144, 168, 132, 84, 240, 120, 216, 132, 216, 180, 276, 132, 132, 120, 216, 60, 156, 108]",44.4987730185279,11.3355331653889,192,190.0
1.10 3.7 6 2,"[132, 192, 96, 132, 156, 96, 108, 108, 108, 84, 84, 120, 96, 108, 132, 48, 84, 84, 48, 24, 24, 72, 24, 12, 96, 48, 12, 36, 72, 48, 24, 24, 36, 0, 96, 24, 48, 36, 12, 36, 24, 0, 24, 24, 36, 36, 48, 36, 48, 12, 12, 72, 0, 0, 24, 36, 36, 48, 24, 36, 0, 24, 48, 48, 24, 36, 36, 48, 60, 24, 84, 84, 36, 72, 120, 84, 108, 84, 108, 60, 132, 96, 132, 132, 156, 192, 204, 252, 276, 348, 276, 552, 372, 492, 600, 564, 576, 612, 528, 600, 540, 564, 504, 432, 696, 480, 408, 372, 456, 528, 372, 420, 360, 312, 468, 504, 492, 492, 456, 360, 456, 432, 564, 420, 468, 468, 444, 396, 540, 480, 372, 360, 432, 408, 456, 456, 456, 516, 516, 408, 324, 468, 648, 360, 492, 492, 504, 432, 468, 384, 540, 528, 600, 348, 444, 444, 552, 468, 600, 492, 348, 432, 540, 336, 420, 312, 384, 360, 444, 504, 492, 576, 480, 540, 348, 456, 528, 336, 384, 372, 492, 528, 300, 528, 468, 444, 456, 384, 576, 540, 336, 396, 360, 456, 444, 480, 408, 492, 504, 504, 420, 480, 456, 588, 492, 396, 456, 408, 432, 408, 432, 492, 660, 372, 564, 504, 492, 480, 504, 360, 552, 432, 372, 336, 420, 456, 444, 492, 492, 372, 516, 456, 444, 324, 444, 288, 492, 384, 540, 384, 300, 336, 444, 456, 372, 360, 348, 264, 324, 360, 276, 252, 276, 240, 120, 192, 240, 312, 192, 228, 240, 192, 216, 324, 228, 192, 240, 264, 108, 276, 360, 192, 240, 120, 264, 228, 252, 240, 228, 264, 276, 324, 192, 324, 168, 204, 228, 288]",44.5020728531246,11.333447903251,10202,10200.0
1.11 0.127 6 1,"[168, 264, 240, 168, 60, 132, 108, 132, 96, 120, 156, 108, 180, 108, 48, 36, 132, 72, 60, 96, 36, 72, 132, 96, 84, 48, 36, 36, 24, 24, 36, 24, 0, 24, 24, 0, 72, 12, 36, 0, 0, 36, 12, 24, 0, 12, 12, 24, 36, 24, 24, 0, 24, 12, 0, 12, 12, 12, 36, 24, 24, 12, 0, 36, 24, 12, 36, 36, 24, 36, 72, 72, 24, 48, 60, 84, 72, 120, 156, 156, 72, 96, 120, 168, 132, 228, 228, 156, 300, 252, 300, 456, 420, 540, 564, 612, 660, 444, 480, 420, 564, 336, 432, 456, 600, 504, 516, 552, 528, 516, 492, 396, 492, 444, 432, 564, 384, 372, 408, 396, 420, 324, 420, 420, 312, 456, 324, 372, 396, 492, 276, 492, 300, 576, 480, 444, 360, 420, 576, 336, 576, 396, 504, 480, 432, 528, 504, 396, 468, 504, 468, 516, 564, 480, 576, 516, 564, 492, 480, 564, 576, 420, 372, 252, 492, 540, 432, 432, 336, 384, 372, 336, 432, 432, 336, 480, 432, 384, 396, 420, 516, 420, 444, 432, 396, 660, 336, 564, 408, 336, 408, 432, 480, 564, 360, 564, 540, 432, 432, 504, 468, 528, 624, 564, 504, 420, 564, 600, 528, 396, 492, 456, 420, 516, 528, 456, 564, 624, 480, 600, 516, 612, 396, 648, 588, 528, 528, 528, 468, 660, 744, 456, 576, 576, 624, 624, 432, 552, 456, 456, 528, 420, 696, 516, 588, 456, 492, 468, 396, 372, 432, 336, 324, 216, 264, 336, 216, 300, 300, 252, 240, 204, 228, 204, 252, 240, 168, 216, 216, 300, 192, 204, 300, 204, 372, 192, 156, 324, 408, 264, 336, 384, 240, 240, 192, 204, 180, 204]",44.4930734341144,11.3357500770563,13554,18.0
1.11 1.8 2 1,"[108, 120, 120, 108, 108, 132, 120, 180, 84, 84, 120, 108, 108, 96, 132, 48, 36, 60, 36, 48, 60, 0, 48, 72, 48, 36, 120, 48, 0, 72, 60, 0, 12, 48, 120, 24, 36, 24, 60, 36, 48, 24, 12, 12, 12, 0, 24, 48, 24, 12, 24, 72, 72, 12, 108, 24, 48, 24, 36, 36, 36, 72, 36, 24, 60, 24, 120, 96, 108, 108, 120, 36, 144, 96, 60, 192, 120, 96, 48, 192, 276, 264, 156, 300, 300, 228, 264, 300, 372, 276, 456, 408, 552, 540, 480, 516, 708, 672, 696, 768, 744, 552, 564, 768, 540, 720, 696, 612, 720, 372, 564, 588, 636, 528, 456, 648, 456, 564, 564, 480, 540, 588, 528, 564, 456, 600, 492, 480, 492, 456, 432, 588, 348, 492, 468, 384, 456, 336, 492, 564, 516, 480, 600, 564, 528, 408, 576, 420, 468, 336, 600, 264, 396, 420, 348, 408, 432, 552, 408, 372, 372, 372, 420, 348, 276, 420, 228, 432, 348, 432, 444, 396, 324, 336, 420, 372, 360, 336, 528, 420, 432, 384, 408, 348, 504, 444, 360, 348, 516, 384, 420, 360, 384, 300, 444, 324, 360, 480, 360, 384, 492, 288, 228, 240, 408, 576, 324, 492, 540, 432, 444, 336, 564, 420, 372, 372, 360, 276, 396, 372, 264, 444, 312, 528, 456, 348, 384, 324, 348, 444, 348, 420, 444, 456, 300, 408, 396, 372, 420, 300, 348, 300, 540, 192, 480, 420, 408, 300, 396, 348, 252, 240, 324, 204, 288, 240, 144, 132, 240, 216, 156, 216, 180, 228, 252, 264, 216, 252, 132, 264, 204, 180, 192, 132, 324, 180, 228, 240, 276, 240, 204, 192, 204, 264, 180, 180, 108, 36]",44.4933134856802,11.3359305011787,13554,77.0
1.11 2.10 4 1,"[72, 0, 24, 48, 48, 0, 24, 12, 12, 36, 12, 24, 48, 24, 36, 24, 24, 12, 24, 60, 0, 0, 0, 0, 0, 24, 24, 24, 24, 24, 24, 24, 0, 24, 0, 12, 12, 24, 12, 12, 0, 12, 12, 0, 12, 12, 12, 0, 12, 12, 0, 24, 24, 0, 0, 12, 12, 0, 0, 24, 0, 12, 24, 0, 0, 12, 24, 12, 48, 0, 12, 24, 24, 0, 24, 36, 36, 0, 0, 24, 12, 12, 36, 12, 24, 36, 48, 24, 36, 36, 72, 84, 96, 144, 192, 180, 120, 96, 132, 72, 84, 120, 120, 144, 96, 84, 132, 72, 120, 48, 72, 120, 108, 120, 84, 108, 48, 24, 60, 36, 96, 108, 24, 72, 48, 132, 60, 72, 84, 0, 96, 108, 36, 60, 108, 72, 48, 96, 84, 84, 60, 96, 48, 72, 72, 36, 192, 60, 48, 48, 72, 72, 180, 60, 120, 168, 96, 120, 120, 72, 84, 72, 108, 24, 132, 48, 72, 120, 60, 72, 96, 60, 84, 144, 72, 84, 72, 120, 36, 60, 36, 132, 60, 108, 84, 24, 60, 72, 24, 144, 48, 120, 84, 24, 72, 84, 60, 84, 60, 36, 48, 60, 84, 84, 60, 48, 108, 120, 84, 84, 120, 96, 132, 96, 48, 96, 132, 96, 132, 60, 48, 84, 60, 96, 72, 84, 156, 192, 60, 36, 84, 120, 156, 72, 120, 132, 120, 156, 60, 132, 84, 96, 72, 48, 168, 84, 72, 60, 120, 72, 72, 48, 36, 60, 0, 60, 48, 60, 0, 24, 60, 72, 24, 0, 36, 36, 12, 60, 36, 36, 24, 24, 12, 72, 36, 48, 12, 36, 0, 36, 12, 48, 24, 72, 48, 24, 48, 24]",44.4932825534639,11.3357757807336,13554,41.0
1.12 0.127 2 1,"[0, 0, 0, 0, 0, 0, 0, 0, 0, 0, 0, 0, 0, 0, 0, 0, 0, 0, 0, 0, 0, 0, 0, 0, 0, 0, 0, 0, 0, 0, 0, 0, 0, 0, 0, 0, 0, 0, 0, 0, 0, 0, 0, 0, 0, 0, 0, 0, 0, 0, 0, 0, 0, 0, 0, 0, 0, 0, 0, 0, 0, 0, 0, 0, 0, 0, 0, 0, 0, 0, 0, 0, 0, 0, 0, 0, 0, 0, 0, 0, 0, 0, 0, 0, 0, 0, 0, 0, 0, 0, 0, 0, 0, 0, 0, 0, 0, 0, 0, 0, 0, 0, 0, 0, 0, 0, 0, 0, 0, 0, 0, 0, 0, 0, 0, 0, 0, 0, 0, 0, 0, 0, 0, 0, 0, 0, 0, 0, 0, 0, 0, 0, 0, 0, 0, 0, 0, 0, 0, 0, 0, 0, 0, 0, 0, 0, 0, 0, 0, 0, 0, 0, 0, 0, 0, 0, 0, 0, 0, 0, 0, 0, 0, 0, 0, 0, 0, 0, 0, 0, 0, 0, 0, 0, 0, 0, 0, 0, 0, 0, 0, 0, 0, 0, 0, 0, 0, 0, 0, 0, 0, 0, 0, 0, 0, 0, 0, 0, 0, 0, 0, 0, 0, 0, 0, 0, 0, 0, 0, 0, 0, 0, 0, 0, 0, 0, 0, 0, 0, 0, 0, 0, 0, 0, 0, 0, 0, 0, 0, 0, 0, 0, 0, 0, 0, 0, 0, 0, 0, 0, 0, 0, 0, 0, 0, 0, 0, 0, 0, 0, 0, 0, 0, 0, 0, 0, 0, 0, 0, 0, 0, 0, 0, 0, 0, 0, 0, 0, 0, 0, 0, 0, 0, 0, 0, 0, 0, 0, 0, 0, 0, 0, 0, 0, 0, 0, 0, 0]",,,,
1.12 1.8 6 1,"[72, 120, 96, 60, 48, 48, 96, 36, 96, 48, 12, 48, 132, 96, 36, 60, 144, 60, 24, 48, 48, 24, 48, 24, 48, 12, 24, 48, 48, 12, 48, 12, 36, 36, 36, 12, 24, 12, 24, 12, 12, 60, 36, 24, 0, 12, 36, 48, 24, 24, 36, 0, 12, 36, 24, 24, 48, 12, 12, 24, 24, 36, 36, 12, 36, 0, 60, 36, 36, 24, 48, 60, 72, 24, 60, 60, 72, 24, 84, 72, 96, 84, 84, 168, 96, 144, 132, 96, 168, 132, 180, 96, 192, 240, 156, 192, 108, 240, 216, 168, 192, 204, 240, 156, 228, 300, 156, 276, 252, 240, 288, 180, 216, 156, 240, 216, 156, 228, 240, 168, 216, 276, 216, 360, 228, 276, 312, 216, 240, 240, 180, 216, 216, 264, 348, 264, 300, 192, 204, 228, 312, 240, 264, 288, 204, 264, 168, 204, 240, 204, 204, 312, 168, 204, 168, 336, 240, 204, 288, 144, 156, 96, 144, 324, 192, 144, 192, 156, 132, 204, 288, 120, 180, 204, 180, 216, 240, 192, 240, 312, 192, 204, 180, 180, 276, 276, 192, 204, 180, 204, 192, 192, 144, 252, 156, 168, 168, 324, 228, 168, 288, 132, 228, 192, 96, 204, 228, 204, 240, 276, 180, 180, 204, 264, 168, 216, 204, 180, 204, 180, 192, 120, 156, 228, 204, 168, 264, 228, 240, 192, 204, 312, 228, 144, 204, 252, 372, 168, 216, 180, 120, 228, 336, 132, 120, 156, 84, 72, 168, 132, 108, 144, 180, 48, 72, 60, 156, 144, 120, 108, 132, 132, 84, 48, 96, 108, 96, 120, 108, 96, 144, 84, 132, 132, 120, 108, 48, 120, 72, 84, 72, 60, 120, 120, 132, 96, 144, 108]",44.4955401496078,11.3387350245924,84,79.0
1.12 1.80 2 1,"[96, 36, 60, 96, 48, 36, 36, 72, 96, 36, 72, 60, 84, 36, 60, 24, 12, 0, 48, 72, 72, 12, 12, 24, 36, 48, 24, 36, 0, 60, 36, 36, 48, 0, 96, 0, 0, 36, 24, 36, 24, 24, 36, 0, 0, 12, 24, 12, 24, 12, 48, 48, 24, 24, 144, 12, 72, 24, 12, 24, 24, 60, 36, 24, 12, 60, 60, 12, 12, 60, 96, 48, 36, 96, 96, 72, 48, 0, 60, 84, 132, 180, 204, 192, 132, 180, 144, 156, 24, 12, 0, 180, 204, 240, 312, 240, 252, 336, 348, 348, 312, 312, 312, 228, 288, 276, 240, 228, 360, 216, 336, 240, 360, 204, 276, 360, 264, 300, 132, 312, 276, 276, 168, 228, 312, 324, 192, 240, 300, 240, 300, 192, 288, 324, 324, 300, 180, 324, 204, 300, 276, 228, 264, 264, 312, 252, 372, 240, 264, 0, 0, 228, 252, 204, 192, 228, 240, 216, 204, 144, 144, 276, 216, 144, 216, 204, 144, 216, 156, 252, 156, 228, 216, 192, 252, 240, 156, 288, 264, 192, 252, 216, 204, 300, 156, 288, 120, 240, 240, 180, 192, 168, 240, 216, 300, 156, 180, 168, 252, 180, 240, 96, 312, 204, 180, 228, 180, 216, 180, 228, 156, 156, 228, 144, 192, 192, 192, 252, 96, 276, 120, 180, 240, 156, 132, 180, 264, 216, 252, 144, 180, 120, 216, 228, 204, 132, 252, 96, 180, 240, 252, 204, 108, 204, 156, 132, 60, 180, 108, 96, 48, 96, 84, 84, 72, 72, 144, 84, 96, 84, 72, 48, 84, 108, 84, 96, 72, 96, 84, 24, 84, 60, 84, 48, 48, 96, 84, 60, 60, 120, 120, 12, 60, 120, 108, 96, 36, 108]",44.4951923248476,11.3407015529974,163,166.0
1.13 1.19 8 1,"[0, 0, 0, 0, 0, 0, 0, 0, 0, 0, 0, 0, 0, 0, 0, 0, 0, 0, 0, 0, 0, 0, 0, 0, 0, 0, 0, 0, 0, 0, 0, 0, 0, 0, 0, 0, 0, 0, 0, 0, 0, 0, 0, 0, 0, 0, 0, 0, 0, 0, 0, 0, 0, 0, 0, 0, 0, 0, 0, 0, 0, 0, 0, 0, 0, 0, 0, 0, 0, 0, 0, 0, 0, 0, 0, 0, 0, 0, 0, 0, 0, 0, 0, 0, 0, 0, 0, 0, 0, 0, 0, 0, 0, 0, 0, 0, 0, 0, 0, 0, 0, 0, 0, 0, 0, 0, 0, 0, 0, 0, 0, 0, 0, 0, 0, 0, 0, 0, 0, 0, 0, 0, 0, 0, 0, 0, 0, 0, 0, 0, 0, 0, 0, 0, 0, 0, 0, 0, 0, 0, 0, 0, 0, 0, 0, 0, 0, 0, 0, 0, 0, 0, 0, 0, 0, 0, 0, 0, 0, 0, 0, 0, 0, 0, 0, 0, 0, 0, 0, 0, 0, 0, 0, 0, 0, 0, 0, 0, 0, 0, 0, 0, 0, 0, 0, 0, 0, 0, 0, 0, 0, 0, 0, 0, 0, 0, 0, 0, 0, 0, 0, 0, 0, 0, 0, 0, 0, 0, 0, 0, 0, 0, 0, 0, 0, 0, 0, 0, 0, 0, 0, 0, 0, 0, 0, 0, 0, 0, 0, 0, 0, 0, 0, 0, 0, 0, 0, 0, 0, 0, 0, 0, 0, 0, 0, 0, 0, 0, 0, 0, 0, 0, 0, 0, 0, 0, 0, 0, 0, 0, 0, 0, 0, 0, 0, 0, 0, 0, 0, 0, 0, 0, 0, 0, 0, 0, 0, 0, 0, 0, 0, 0, 0, 0, 0, 0, 0, 0]",44.4915421459711,11.346225398506,6108,6129.0
1.13 1.82 6 1,"[60, 48, 12, 60, 24, 36, 36, 24, 24, 24, 36, 24, 12, 36, 48, 24, 0, 0, 24, 24, 12, 0, 0, 0, 0, 36, 12, 12, 12, 0, 24, 12, 0, 12, 0, 0, 0, 0, 12, 0, 0, 12, 12, 0, 12, 12, 24, 0, 12, 0, 0, 12, 0, 36, 24, 12, 0, 0, 0, 0, 12, 24, 24, 12, 12, 0, 12, 0, 12, 12, 12, 24, 24, 12, 24, 36, 12, 12, 48, 36, 12, 72, 12, 24, 24, 24, 72, 72, 48, 72, 36, 60, 60, 108, 60, 72, 96, 96, 72, 72, 24, 84, 60, 84, 72, 84, 108, 96, 60, 120, 84, 96, 96, 96, 120, 60, 84, 72, 120, 84, 84, 84, 108, 144, 72, 72, 120, 72, 96, 96, 96, 72, 60, 84, 144, 96, 72, 156, 120, 96, 96, 84, 60, 84, 60, 108, 72, 108, 144, 48, 48, 120, 108, 156, 96, 48, 180, 60, 84, 192, 132, 72, 144, 120, 96, 120, 120, 84, 72, 48, 84, 60, 60, 72, 108, 72, 96, 84, 60, 72, 48, 96, 60, 96, 84, 96, 60, 96, 60, 108, 60, 60, 96, 96, 24, 36, 120, 72, 96, 72, 132, 96, 156, 72, 120, 60, 84, 72, 108, 96, 96, 72, 96, 108, 24, 60, 84, 108, 60, 84, 96, 96, 108, 72, 72, 96, 72, 84, 84, 72, 156, 84, 36, 48, 108, 84, 72, 108, 84, 60, 120, 60, 84, 108, 60, 72, 12, 60, 48, 72, 36, 0, 12, 48, 24, 24, 36, 72, 12, 12, 24, 24, 36, 48, 24, 24, 0, 24, 48, 72, 12, 36, 60, 24, 48, 48, 24, 36, 12, 0, 48, 24, 48, 12, 12, 96, 36, 60]",,,,
1.14 1.15 4 1,"[84, 60, 156, 108, 60, 0, 24, 84, 24, 36, 72, 72, 12, 60, 0, 12, 24, 12, 48, 12, 36, 12, 60, 12, 24, 24, 24, 0, 36, 24, 36, 0, 12, 12, 0, 12, 0, 60, 0, 0, 0, 0, 12, 0, 36, 0, 0, 0, 12, 0, 12, 0, 0, 0, 0, 12, 0, 0, 0, 12, 0, 0, 0, 0, 0, 0, 0, 12, 12, 0, 36, 24, 36, 12, 12, 60, 60, 12, 60, 48, 36, 24, 60, 108, 24, 72, 132, 108, 144, 132, 144, 168, 252, 240, 312, 276, 372, 324, 276, 360, 264, 216, 300, 228, 360, 360, 240, 384, 192, 300, 276, 252, 216, 192, 276, 360, 276, 168, 192, 144, 168, 132, 180, 144, 228, 192, 288, 144, 228, 240, 204, 216, 276, 180, 336, 168, 168, 252, 204, 240, 240, 288, 372, 228, 264, 216, 192, 312, 144, 168, 264, 180, 252, 216, 156, 180, 216, 276, 204, 252, 276, 264, 216, 192, 108, 288, 288, 228, 216, 300, 180, 216, 204, 132, 180, 216, 132, 168, 240, 276, 192, 240, 192, 228, 156, 180, 432, 228, 180, 180, 228, 240, 240, 288, 120, 204, 204, 228, 168, 240, 264, 252, 216, 336, 264, 264, 156, 240, 276, 312, 264, 240, 216, 120, 288, 180, 300, 336, 276, 264, 204, 252, 336, 168, 252, 228, 252, 204, 180, 228, 384, 336, 168, 312, 240, 240, 252, 216, 204, 228, 312, 252, 192, 204, 300, 276, 264, 144, 144, 96, 144, 168, 168, 108, 108, 144, 36, 156, 84, 108, 72, 72, 96, 60, 72, 108, 60, 120, 84, 84, 120, 84, 108, 96, 120, 120, 108, 96, 180, 120, 180, 120, 120, 168, 120, 96, 84, 132]",44.4900102626705,11.3411645442514,117,6047.0
1.16 1.17 8 1,"[-1, -1, -1, -1, -1, -1, -1, -1, -1, -1, -1, -1, -1, -1, -1, -1, -1, -1, -1, -1, -1, -1, -1, -1, -1, -1, -1, -1, -1, -1, -1, -1, -1, -1, -1, -1, -1, -1, -1, -1, -1, -1, -1, -1, -1, -1, -1, -1, -1, -1, -1, -1, -1, -1, -1, -1, -1, -1, -1, -1, -1, -1, -1, -1, -1, -1, -1, -1, -1, -1, -1, -1, -1, -1, -1, -1, -1, -1, -1, -1, -1, -1, -1, -1, -1, -1, -1, -1, -1, -1, -1, -1, -1, -1, -1, -1, -1, -1, -1, -1, -1, -1, -1, -1, -1, -1, -1, -1, -1, -1, -1, -1, -1, -1, -1, -1, -1, -1, -1, -1, -1, -1, -1, -1, -1, -1, -1, -1, -1, -1, -1, -1, -1, -1, -1, -1, -1, -1, -1, -1, -1, -1, -1, -1, -1, -1, -1, -1, -1, -1, -1, -1, -1, -1, -1, -1, -1, -1, -1, -1, -1, -1, -1, -1, -1, -1, -1, -1, -1, -1, -1, -1, -1, -1, -1, -1, -1, -1, -1, -1, -1, -1, -1, -1, -1, -1, -1, -1, -1, -1, -1, -1, -1, -1, -1, -1, -1, -1, -1, -1, -1, -1, -1, -1, -1, -1, -1, -1, -1, -1, -1, -1, -1, -1, -1, -1, -1, -1, -1, -1, -1, -1, -1, -1, -1, -1, -1, -1, -1, -1, -1, -1, -1, -1, -1, -1, -1, -1, -1, -1, -1, -1, -1, -1, -1, -1, -1, -1, -1, -1, -1, -1, -1, -1, -1, -1, -1, -1, -1, -1, -1, -1, -1, -1, -1, -1, -1, -1, -1, -1, -1, -1, -1, -1, -1, -1, -1, -1, -1, -1, -1, -1, -1, -1, -1, -1, -1, -1]",44.4940776815813,11.3518989012041,6257,6140.0
1.17 0.127 6 1,"[0, 0, 0, 0, 0, 0, 0, 0, 0, 0, 0, 0, 0, 0, 0, 0, 0, 0, 0, 0, 0, 0, 0, 0, 0, 0, 0, 0, 0, 0, 0, 0, 0, 0, 0, 0, 0, 0, 0, 0, 0, 0, 0, 0, 0, 0, 0, 0, 0, 0, 0, 0, 0, 0, 0, 0, 0, 0, 0, 0, 0, 0, 0, 0, 0, 0, 0, 0, 0, 0, 0, 0, 0, 0, 0, 0, 0, 0, 0, 0, 0, 0, 0, 0, 0, 0, 0, 0, 0, 0, 0, 0, 0, 0, 0, 0, 0, 0, 0, 0, 0, 0, 0, 0, 0, 0, 0, 0, 0, 0, 0, 0, 0, 0, 0, 0, 0, 0, 0, 0, 0, 0, 0, 0, 0, 0, 0, 0, 0, 0, 0, 0, 0, 0, 0, 0, 0, 0, 0, 0, 0, 0, 0, 0, 0, 0, 0, 0, 0, 0, 0, 0, 0, 0, 0, 0, 0, 0, 0, 0, 0, 0, 0, 0, 0, 0, 0, 0, 0, 0, 0, 0, 0, 0, 0, 0, 0, 0, 0, 0, 0, 0, 0, 0, 0, 0, 0, 0, 0, 0, 0, 0, 0, 0, 0, 0, 0, 0, 0, 0, 0, 0, 0, 0, 0, 0, 0, 0, 0, 0, 0, 0, 0, 0, 0, 0, 0, 0, 0, 0, 0, 0, 0, 0, 0, 0, 0, 0, 0, 0, 0, 0, 0, 0, 0, 0, 0, 0, 0, 0, 0, 0, 0, 0, 0, 0, 0, 0, 0, 0, 0, 0, 0, 0, 0, 0, 0, 0, 0, 0, 0, 0, 0, 0, 0, 0, 0, 0, 0, 0, 0, 0, 0, 0, 0, 0, 0, 0, 0, 0, 0, 0, 0, 0, 0, 0, 0, 0]",,,,
1.17 1.82 8 1,"[36, 72, 96, 96, 72, 72, 60, 60, 48, 60, 60, 36, 60, 12, 24, 96, 84, 24, 36, 24, 24, 12, 24, 48, 48, 0, 48, 12, 12, 24, 12, 12, 48, 12, 12, 0, 0, 0, 12, 12, 12, 0, 0, 12, 0, 0, 0, 12, 0, 12, 24, 12, 24, 0, 12, 0, 12, 12, 24, 12, 0, 12, 0, 24, 12, 0, 24, 24, 24, 0, 12, 12, 24, 12, 24, 12, 24, 12, 48, 60, 36, 60, 12, 96, 84, 36, 120, 48, 12, 24, 120, 204, 132, 108, 240, 192, 228, 156, 216, 204, 156, 72, 72, 168, 204, 132, 96, 108, 192, 180, 108, 144, 144, 192, 156, 192, 228, 216, 156, 120, 180, 180, 180, 156, 204, 180, 192, 144, 240, 84, 216, 132, 156, 180, 120, 12, 192, 156, 120, 204, 228, 252, 180, 168, 216, 180, 180, 180, 204, 228, 216, 312, 204, 240, 264, 216, 168, 216, 264, 168, 228, 192, 132, 144, 96, 120, 84, 144, 156, 180, 168, 204, 60, 144, 180, 120, 156, 168, 288, 144, 192, 96, 144, 204, 156, 156, 192, 180, 108, 144, 336, 192, 204, 192, 192, 156, 132, 36, 108, 156, 156, 216, 144, 144, 156, 156, 132, 144, 144, 180, 192, 144, 144, 108, 156, 120, 156, 228, 264, 60, 216, 156, 120, 144, 168, 180, 288, 192, 204, 216, 228, 192, 132, 192, 168, 96, 180, 120, 72, 168, 228, 156, 96, 276, 240, 144, 252, 36, 72, 156, 120, 144, 216, 168, 84, 144, 132, 72, 84, 120, 60, 96, 48, 72, 108, 108, 132, 60, 108, 168, 96, 84, 132, 108, 48, 72, 72, 108, 108, 84, 72, 84, 48, 84, 60, 192, 96, 60]",44.4920624946021,11.351582172542,6111,6112.0
1.17 4.19 6 1,"[156, 84, 156, 168, 144, 108, 72, 60, 72, 96, 84, 60, 96, 108, 72, 48, 48, 108, 72, 72, 48, 132, 48, 60, 84, 36, 24, 60, 96, 12, 36, 84, 36, 60, 24, 48, 36, 36, 48, 48, 24, 60, 12, 24, 24, 24, 48, 36, 48, 36, 24, 60, 24, 48, 60, 108, 24, 48, 12, 72, 24, 72, 60, 36, 48, 36, 72, 144, 48, 24, 36, 48, 24, 96, 72, 120, 132, 96, 84, 240, 156, 120, 144, 168, 168, 180, 216, 264, 264, 300, 276, 264, 276, 372, 432, 336, 528, 396, 480, 396, 336, 312, 408, 324, 480, 432, 384, 348, 396, 360, 312, 432, 456, 336, 480, 420, 372, 444, 348, 504, 336, 324, 336, 372, 288, 324, 312, 408, 432, 396, 384, 300, 348, 504, 372, 300, 492, 408, 300, 396, 324, 312, 312, 360, 288, 372, 432, 396, 564, 264, 420, 348, 324, 564, 336, 300, 396, 372, 396, 456, 324, 312, 360, 372, 300, 348, 336, 228, 312, 300, 396, 312, 432, 288, 384, 324, 432, 300, 336, 288, 324, 456, 372, 348, 252, 396, 360, 264, 336, 336, 312, 336, 204, 444, 360, 384, 324, 396, 300, 324, 360, 336, 252, 540, 432, 252, 228, 276, 480, 396, 384, 264, 264, 312, 324, 288, 228, 228, 348, 264, 372, 204, 324, 276, 324, 300, 288, 312, 324, 408, 252, 348, 252, 228, 264, 288, 264, 252, 252, 264, 360, 240, 240, 180, 384, 252, 252, 216, 288, 264, 276, 264, 132, 228, 144, 156, 228, 108, 168, 108, 156, 168, 72, 132, 216, 168, 192, 180, 180, 156, 96, 216, 204, 132, 108, 60, 216, 144, 144, 156, 132, 228, 180, 132, 204, 120, 144, 180]",44.4921941951827,11.3518762322519,6111,6134.0
1.18 1.8 2 1,"[84, 120, 192, 72, 84, 72, 72, 72, 72, 96, 36, 36, 108, 60, 36, 48, 60, 84, 84, 36, 36, 36, 48, 36, 36, 60, 0, 36, 48, 48, 12, 24, 36, 12, 24, 0, 12, 0, 12, 0, 0, 36, 12, 36, 36, 12, 24, 12, 48, 24, 0, 24, 36, 24, 36, 12, 12, 12, 12, 48, 12, 24, 36, 48, 36, 60, 36, 36, 72, 60, 48, 24, 108, 36, 132, 132, 132, 108, 96, 72, 156, 168, 120, 216, 144, 144, 252, 144, 168, 240, 264, 252, 420, 324, 264, 324, 240, 252, 348, 276, 228, 276, 192, 288, 0, 24, 228, 252, 372, 516, 324, 372, 300, 324, 312, 264, 240, 228, 324, 276, 312, 360, 312, 252, 216, 252, 264, 264, 384, 372, 324, 300, 276, 408, 336, 288, 300, 324, 336, 372, 300, 48, 24, 312, 360, 324, 288, 228, 168, 240, 276, 432, 348, 240, 396, 240, 228, 324, 348, 264, 192, 324, 120, 180, 276, 228, 240, 180, 228, 252, 228, 216, 372, 276, 228, 240, 324, 216, 324, 276, 252, 276, 192, 216, 264, 252, 336, 252, 312, 336, 216, 252, 240, 264, 156, 372, 312, 252, 264, 192, 288, 348, 276, 228, 336, 228, 180, 336, 228, 252, 360, 288, 360, 300, 288, 216, 360, 300, 264, 288, 384, 372, 312, 168, 240, 288, 408, 300, 228, 276, 156, 192, 264, 348, 156, 192, 156, 168, 216, 108, 300, 348, 300, 264, 348, 264, 216, 300, 228, 96, 156, 216, 156, 192, 132, 144, 156, 96, 108, 156, 60, 180, 192, 180, 180, 108, 60, 144, 120, 108, 216, 132, 156, 132, 156, 72, 132, 120, 192, 132, 144, 72, 156, 120, 108, 144, 72, 96]",44.4988722153097,11.338358211919,200,197.0
1.18 1.10 4 1,"[12, 36, 48, 48, 12, 60, 36, 12, 60, 24, 36, 12, 0, 36, 60, 36, 24, 36, 0, 24, 0, 12, 12, 12, 36, 0, 24, 36, 0, 12, 0, 36, 0, 0, 0, 0, 12, 0, 0, 0, 12, 12, 36, 0, 0, 12, 12, 0, 12, 12, 12, 48, 0, 0, 12, 12, 0, 0, 36, 12, 0, 12, 12, 36, 24, 12, 0, 24, 24, 0, 24, 0, 24, 12, 36, 12, 12, 12, 60, 36, 48, 96, 24, 48, 48, 24, 36, 24, 60, 108, 96, 120, 108, 108, 144, 168, 120, 132, 60, 132, 132, 144, 72, 36, 108, 132, 144, 180, 108, 120, 96, 180, 132, 132, 108, 156, 72, 96, 228, 192, 108, 144, 168, 156, 108, 120, 168, 132, 204, 216, 180, 72, 36, 132, 84, 84, 168, 144, 108, 180, 132, 204, 180, 108, 108, 120, 252, 120, 216, 132, 96, 108, 96, 144, 180, 168, 84, 168, 120, 132, 132, 144, 84, 108, 144, 120, 132, 168, 144, 168, 156, 96, 192, 144, 108, 60, 144, 96, 132, 120, 108, 132, 132, 168, 132, 192, 156, 156, 84, 120, 108, 120, 228, 120, 168, 84, 144, 204, 120, 108, 156, 108, 192, 132, 120, 96, 72, 144, 168, 180, 192, 180, 120, 120, 84, 168, 84, 168, 240, 132, 144, 120, 132, 108, 96, 180, 180, 144, 132, 132, 84, 156, 144, 132, 36, 144, 36, 120, 96, 72, 108, 120, 108, 120, 108, 156, 120, 120, 180, 144, 24, 96, 72, 48, 84, 108, 96, 132, 60, 84, 36, 108, 60, 60, 72, 108, 84, 96, 48, 120, 36, 84, 24, 60, 84, 96, 72, 0, 120, 60, 72, 48, 96, 36, 144, 24, 108, 84]",44.4990381830808,11.3382218715859,200,195.0
1.80 0.127 6 1,"[84, 168, 120, 108, 108, 144, 168, 132, 192, 216, 168, 96, 108, 120, 240, 144, 180, 156, 168, 264, 204, 108, 60, 24, 96, 60, 96, 156, 132, 84, 72, 24, 72, 108, 84, 84, 84, 24, 72, 144, 84, 144, 96, 72, 60, 84, 108, 108, 48, 84, 84, 60, 156, 72, 12, 72, 96, 48, 36, 36, 24, 48, 168, 108, 36, 48, 96, 84, 132, 156, 144, 48, 120, 156, 84, 132, 96, 120, 168, 144, 216, 372, 132, 120, 84, 108, 108, 132, 96, 216, 120, 228, 312, 276, 180, 240, 180, 324, 144, 192, 216, 216, 216, 192, 300, 264, 324, 228, 252, 252, 216, 168, 204, 228, 168, 144, 204, 168, 192, 168, 216, 228, 276, 48, 180, 432, 180, 276, 180, 240, 132, 120, 72, 108, 180, 192, 96, 144, 216, 120, 216, 228, 132, 168, 204, 252, 132, 120, 312, 156, 204, 48, 228, 192, 228, 396, 156, 192, 84, 144, 108, 228, 264, 132, 156, 240, 72, 180, 276, 264, 192, 24, 216, 120, 228, 48, 120, 108, 192, 192, 156, 168, 192, 168, 144, 168, 96, 216, 168, 168, 168, 192, 144, 132, 216, 216, 180, 72, 156, 108, 204, 276, 144, 168, 132, 72, 264, 252, 168, 84, 132, 84, 108, 72, 180, 216, 228, 288, 84, 252, 252, 36, 108, 336, 192, 180, 144, 192, 300, 120, 300, 288, 204, 144, 192, 216, 252, 144, 228, 156, 144, 120, 276, 384, 240, 132, 132, 132, 228, 72, 132, 252, 168, 132, 192, 192, 300, 276, 336, 108, 192, 264, 144, 24, 108, 108, 168, 132, 132, 60, 36, 36, 24, 36, 252, 252, 72, 24, 24, 24, 12, 0, 192, 108, 96, 156, 264, 48]",,,,
1.80 1.5 6 1,"[36, 24, 36, 36, 48, 36, 72, 12, 60, 24, 0, 24, 24, 36, 36, 24, 24, 12, 12, 24, 24, 12, 24, 60, 24, 24, 12, 24, 24, 36, 0, 12, 36, 36, 24, 48, 12, 24, 12, 12, 0, 36, 12, 24, 12, 12, 0, 24, 12, 24, 24, 0, 36, 12, 36, 0, 24, 24, 12, 0, 36, 24, 0, 0, 12, 24, 12, 12, 36, 12, 36, 36, 36, 72, 36, 12, 72, 60, 48, 36, 48, 48, 24, 48, 60, 36, 48, 84, 84, 132, 84, 84, 96, 156, 72, 168, 72, 96, 156, 120, 192, 168, 156, 84, 108, 144, 204, 132, 216, 144, 228, 180, 204, 144, 132, 192, 132, 120, 84, 216, 156, 168, 180, 204, 156, 132, 216, 108, 180, 96, 96, 60, 204, 180, 180, 132, 120, 168, 132, 120, 168, 120, 144, 168, 120, 180, 156, 180, 120, 132, 96, 108, 132, 108, 132, 36, 144, 120, 144, 96, 156, 72, 96, 120, 108, 60, 72, 108, 108, 84, 96, 84, 108, 96, 144, 132, 72, 204, 84, 132, 96, 96, 96, 168, 120, 192, 180, 108, 132, 108, 156, 36, 96, 120, 84, 84, 156, 156, 96, 156, 144, 84, 144, 144, 108, 204, 108, 96, 120, 84, 156, 84, 144, 60, 96, 84, 120, 96, 84, 132, 120, 72, 168, 72, 144, 108, 144, 156, 84, 108, 108, 108, 84, 96, 144, 144, 12, 96, 96, 96, 96, 108, 84, 60, 60, 48, 84, 120, 48, 60, 24, 72, 48, 0, 60, 60, 60, 24, 48, 60, 12, 12, 60, 48, 48, 48, 60, 60, 36, 24, 72, 36, 60, 0, 96, 36, 24, 24, 48, 48, 108, 60, 36, 48, 60, 12, 12, 72]",44.4950576691206,11.3426627722195,6143,6142.0
1.80 1.5 6 2,"[204, 72, 108, 132, 24, 84, 84, 108, 96, 72, 84, 12, 120, 96, 84, 60, 12, 36, 72, 60, 24, 12, 36, 72, 12, 48, 24, 36, 36, 72, 48, 24, 24, 24, 60, 36, 0, 24, 12, 0, 48, 48, 24, 24, 12, 24, 24, 24, 24, 24, 24, 36, 24, 48, 12, 12, 12, 72, 48, 12, 48, 36, 24, 24, 0, 36, 36, 36, 24, 60, 48, 60, 48, 84, 84, 48, 36, 108, 120, 60, 72, 108, 144, 216, 96, 144, 120, 252, 216, 264, 216, 240, 264, 204, 216, 252, 240, 276, 264, 252, 336, 384, 408, 228, 288, 264, 252, 396, 372, 336, 300, 264, 312, 384, 192, 396, 252, 252, 228, 384, 384, 372, 432, 384, 384, 456, 408, 432, 312, 204, 384, 336, 288, 360, 384, 324, 360, 312, 348, 348, 432, 372, 300, 456, 360, 324, 384, 336, 264, 408, 288, 264, 300, 384, 288, 252, 384, 336, 288, 360, 312, 288, 276, 240, 300, 216, 240, 228, 348, 276, 240, 360, 288, 216, 336, 336, 276, 384, 252, 264, 288, 228, 264, 432, 312, 264, 300, 252, 300, 432, 276, 264, 312, 276, 288, 288, 288, 288, 288, 396, 336, 312, 324, 360, 312, 372, 312, 348, 252, 312, 384, 252, 288, 168, 192, 324, 444, 324, 288, 372, 276, 252, 312, 300, 276, 408, 324, 360, 264, 288, 324, 228, 300, 252, 240, 384, 228, 264, 204, 216, 264, 216, 348, 132, 252, 192, 216, 156, 252, 216, 192, 192, 204, 156, 108, 252, 180, 96, 144, 192, 132, 96, 132, 144, 252, 180, 204, 180, 120, 108, 108, 252, 96, 48, 144, 120, 72, 120, 156, 144, 144, 108, 72, 120, 96, 192, 84, 204]",44.5009852775668,11.3443929160912,10279,10278.0
1.80 1.12 6 1,"[72, 72, 48, 36, 24, 48, 72, 24, 60, 12, 36, 60, 84, 48, 12, 72, 48, 24, 48, 24, 36, 36, 12, 12, 48, 12, 12, 36, 24, 24, 24, 12, 36, 48, 12, 36, 24, 0, 12, 24, 24, 12, 24, 24, 12, 0, 12, 0, 24, 12, 24, 24, 36, 36, 12, 36, 24, 36, 12, 12, 12, 36, 12, 0, 24, 12, 24, 24, 24, 24, 24, 24, 48, 24, 48, 120, 60, 12, 60, 36, 60, 60, 96, 96, 72, 72, 108, 108, 72, 180, 108, 120, 216, 204, 132, 204, 120, 168, 192, 144, 132, 204, 192, 168, 168, 252, 288, 240, 168, 312, 180, 192, 144, 144, 204, 156, 120, 144, 216, 204, 216, 156, 192, 216, 168, 252, 180, 144, 204, 240, 144, 108, 192, 204, 132, 192, 192, 168, 264, 156, 288, 192, 240, 216, 168, 180, 96, 120, 252, 180, 228, 144, 156, 132, 144, 240, 156, 84, 108, 132, 108, 192, 120, 192, 84, 168, 72, 144, 156, 180, 108, 96, 120, 72, 156, 180, 108, 216, 204, 228, 96, 156, 156, 216, 204, 228, 132, 156, 204, 108, 192, 108, 72, 108, 144, 108, 120, 180, 60, 120, 144, 168, 108, 108, 84, 132, 180, 204, 144, 132, 180, 144, 108, 144, 120, 144, 156, 276, 108, 156, 156, 96, 180, 228, 180, 156, 144, 216, 132, 156, 180, 216, 144, 84, 192, 96, 168, 120, 144, 120, 168, 144, 144, 96, 108, 132, 108, 48, 60, 108, 96, 36, 120, 36, 72, 60, 36, 48, 96, 96, 96, 84, 72, 36, 48, 72, 120, 120, 36, 24, 96, 60, 24, 108, 60, 60, 36, 60, 60, 48, 24, 0, 84, 72, 84, 108, 84, 60]",44.4949821149014,11.3423397141025,6142,145.0
1.80 1.81 2 1,"[132, 108, 96, 108, 120, 84, 96, 84, 60, 72, 48, 108, 84, 48, 60, 120, 84, 24, 60, 60, 144, 72, 84, 48, 96, 72, 36, 48, 12, 48, 36, 48, 36, 24, 132, 48, 24, 36, 36, 24, 36, 36, 108, 12, 24, 48, 24, 60, 60, 24, 60, 60, 48, 60, 156, 24, 60, 60, 48, 24, 12, 72, 36, 72, 36, 108, 72, 36, 24, 84, 72, 84, 48, 120, 84, 96, 108, 72, 168, 108, 96, 180, 144, 168, 180, 240, 240, 240, 84, 96, 180, 276, 444, 288, 300, 300, 336, 372, 432, 432, 336, 132, 324, 324, 372, 120, 324, 396, 276, 324, 324, 396, 372, 348, 264, 384, 336, 300, 288, 288, 264, 348, 288, 228, 276, 348, 420, 252, 300, 312, 360, 288, 348, 372, 420, 324, 312, 360, 324, 240, 288, 336, 312, 324, 312, 348, 336, 408, 300, 96, 312, 228, 312, 252, 264, 384, 300, 264, 324, 216, 240, 288, 240, 228, 348, 240, 228, 288, 216, 324, 204, 276, 240, 312, 216, 252, 108, 204, 360, 324, 288, 288, 312, 312, 288, 312, 168, 288, 288, 312, 216, 156, 300, 288, 312, 276, 216, 216, 348, 324, 252, 204, 348, 312, 288, 216, 264, 288, 228, 348, 288, 276, 264, 300, 312, 204, 264, 348, 216, 264, 228, 264, 240, 288, 192, 240, 264, 312, 384, 252, 312, 324, 312, 276, 312, 228, 252, 192, 168, 252, 228, 240, 204, 288, 228, 156, 108, 204, 168, 180, 96, 60, 108, 132, 72, 120, 168, 96, 36, 144, 144, 84, 156, 132, 96, 120, 96, 168, 144, 84, 84, 84, 108, 60, 60, 96, 84, 84, 144, 96, 180, 84, 168, 216, 108, 108, 48, 168]",44.4948279343394,11.3427806045619,6142,6166.0
1.81 0.127 6 1,"[72, 60, 60, 48, 108, 48, 96, 36, 72, 24, 12, 72, 60, 36, 48, 36, 48, 24, 48, 36, 36, 60, 12, 36, 36, 12, 0, 48, 12, 36, 36, 60, 36, 36, 24, 0, 36, 24, 12, 24, 24, 60, 0, 24, 12, 12, 0, 12, 24, 0, 0, 12, 0, 0, 0, 12, 48, 36, 0, 24, 12, 48, 12, 36, 12, 48, 24, 36, 84, 48, 36, 48, 12, 36, 60, 60, 36, 12, 84, 12, 84, 96, 60, 84, 96, 24, 72, 120, 84, 192, 84, 132, 108, 132, 84, 144, 108, 108, 180, 84, 168, 84, 204, 132, 204, 180, 168, 108, 192, 204, 144, 84, 180, 108, 144, 96, 144, 84, 180, 156, 168, 108, 156, 156, 120, 144, 216, 180, 108, 108, 96, 96, 120, 240, 168, 132, 204, 180, 180, 120, 156, 276, 168, 132, 96, 168, 132, 132, 192, 96, 156, 144, 60, 156, 108, 96, 180, 96, 108, 180, 144, 144, 96, 192, 84, 156, 84, 96, 72, 144, 144, 84, 144, 120, 108, 264, 120, 132, 132, 156, 120, 168, 156, 204, 108, 144, 96, 156, 84, 96, 120, 84, 108, 72, 84, 108, 132, 180, 120, 156, 132, 144, 144, 132, 108, 132, 120, 108, 120, 120, 144, 96, 132, 120, 60, 84, 156, 120, 84, 156, 120, 120, 132, 120, 180, 120, 180, 228, 60, 72, 168, 144, 96, 132, 120, 72, 84, 108, 72, 84, 144, 120, 36, 84, 36, 48, 60, 120, 84, 72, 84, 84, 60, 48, 84, 48, 12, 48, 84, 60, 60, 60, 36, 36, 48, 60, 60, 36, 48, 24, 60, 60, 60, 72, 36, 60, 12, 12, 72, 48, 24, 12, 96, 36, 24, 12, 60, 24]",,,,
1.81 1.17 6 1,"[60, 120, 72, 60, 60, 12, 48, 60, 60, 24, 60, 36, 72, 24, 48, 12, 108, 12, 48, 84, 84, 60, 24, 24, 48, 12, 24, 36, 24, 12, 48, 12, 48, 12, 12, 60, 12, 60, 48, 12, 0, 48, 24, 0, 0, 36, 0, 12, 60, 24, 36, 36, 48, 24, 108, 24, 36, 12, 12, 24, 12, 24, 36, 48, 24, 12, 96, 24, 12, 48, 48, 48, 12, 60, 24, 72, 96, 12, 120, 72, 72, 156, 84, 48, 132, 132, 72, 180, 60, 72, 96, 144, 168, 132, 228, 144, 168, 132, 240, 228, 180, 168, 108, 240, 192, 72, 84, 96, 168, 156, 132, 180, 216, 204, 192, 192, 180, 216, 120, 132, 156, 120, 192, 228, 36, 204, 252, 192, 216, 204, 240, 144, 84, 324, 132, 300, 192, 132, 144, 120, 192, 144, 228, 216, 168, 276, 180, 264, 168, 72, 48, 228, 108, 216, 192, 168, 132, 168, 204, 144, 96, 192, 120, 156, 156, 120, 96, 180, 120, 216, 96, 192, 156, 240, 84, 108, 72, 156, 204, 180, 120, 168, 144, 156, 132, 84, 84, 144, 156, 240, 108, 72, 156, 132, 192, 144, 180, 72, 108, 192, 132, 96, 144, 132, 252, 96, 84, 84, 156, 192, 156, 144, 84, 144, 168, 132, 72, 84, 132, 156, 108, 120, 108, 96, 144, 96, 168, 60, 204, 132, 120, 144, 96, 132, 108, 180, 132, 84, 120, 132, 168, 132, 84, 108, 168, 96, 84, 60, 132, 72, 84, 36, 60, 120, 72, 72, 60, 48, 48, 84, 96, 96, 84, 60, 108, 108, 108, 96, 132, 60, 72, 96, 60, 48, 12, 96, 96, 120, 96, 48, 132, 96, 84, 108, 108, 36, 48, 48]",44.4940929520574,11.3466950886085,13541,6214.0
1.81 1.17 6 2,"[156, 132, 120, 144, 120, 96, 60, 60, 24, 60, 60, 60, 72, 72, 60, 96, 36, 84, 96, 60, 60, 84, 60, 24, 72, 36, 36, 36, 72, 12, 72, 12, 48, 24, 12, 24, 36, 36, 36, 36, 0, 48, 12, 12, 12, 12, 24, 12, 72, 24, 12, 36, 24, 24, 36, 84, 48, 36, 0, 48, 12, 48, 48, 48, 12, 36, 72, 60, 12, 12, 60, 24, 36, 60, 0, 48, 132, 48, 84, 132, 132, 72, 156, 96, 156, 156, 156, 144, 192, 120, 216, 156, 156, 324, 336, 264, 240, 264, 240, 336, 288, 252, 216, 276, 264, 144, 144, 60, 216, 216, 228, 264, 216, 312, 288, 288, 192, 252, 228, 252, 168, 144, 144, 240, 276, 228, 204, 228, 240, 324, 276, 216, 156, 204, 228, 264, 324, 300, 264, 252, 204, 180, 228, 192, 228, 264, 252, 336, 252, 132, 96, 252, 276, 240, 312, 276, 264, 276, 336, 264, 336, 120, 204, 192, 192, 216, 156, 216, 204, 264, 228, 240, 240, 240, 216, 192, 108, 156, 312, 300, 192, 312, 252, 264, 180, 216, 156, 252, 204, 240, 228, 204, 84, 276, 156, 204, 240, 180, 216, 156, 276, 300, 228, 216, 348, 180, 228, 144, 204, 288, 336, 216, 204, 228, 228, 240, 180, 216, 384, 192, 276, 144, 288, 180, 204, 180, 360, 240, 216, 300, 276, 252, 300, 168, 216, 216, 204, 84, 144, 168, 288, 252, 240, 180, 204, 216, 204, 132, 132, 192, 168, 168, 132, 132, 132, 96, 108, 84, 96, 96, 120, 168, 120, 156, 168, 108, 192, 108, 156, 132, 120, 48, 180, 132, 60, 12, 156, 120, 84, 156, 108, 84, 120, 216, 144, 72, 120, 108]",44.492571937379,11.3507808619747,6138,6137.0
1.81 1.80 6 1,"[60, 48, 60, 48, 36, 48, 72, 24, 60, 24, 12, 48, 60, 36, 36, 0, 24, 12, 36, 12, 36, 24, 12, 36, 24, 0, 12, 48, 12, 0, 12, 60, 36, 12, 24, 12, 24, 12, 0, 12, 24, 36, 0, 24, 12, 0, 0, 12, 36, 0, 0, 12, 12, 24, 24, 0, 48, 36, 0, 0, 12, 24, 0, 0, 12, 24, 12, 24, 84, 36, 24, 48, 12, 36, 72, 48, 36, 0, 96, 0, 72, 96, 60, 60, 84, 24, 48, 120, 84, 60, 60, 108, 72, 60, 72, 144, 108, 120, 168, 84, 216, 84, 144, 108, 36, 132, 156, 120, 192, 192, 108, 108, 168, 120, 120, 84, 132, 108, 168, 84, 144, 132, 120, 132, 120, 156, 204, 156, 96, 96, 144, 108, 120, 168, 120, 84, 156, 156, 144, 132, 96, 192, 132, 132, 36, 180, 108, 36, 132, 96, 132, 132, 48, 132, 108, 96, 96, 72, 84, 72, 108, 96, 108, 108, 60, 108, 36, 60, 72, 72, 84, 24, 60, 96, 84, 168, 60, 96, 12, 120, 84, 120, 132, 168, 108, 132, 84, 156, 60, 48, 84, 24, 96, 60, 60, 84, 132, 168, 60, 120, 108, 96, 36, 24, 60, 120, 108, 120, 60, 48, 132, 108, 132, 60, 36, 120, 72, 60, 48, 108, 84, 96, 96, 108, 132, 96, 84, 120, 24, 48, 84, 168, 48, 144, 96, 48, 72, 84, 48, 72, 96, 120, 36, 72, 36, 48, 36, 96, 48, 84, 36, 36, 48, 24, 60, 36, 12, 36, 48, 60, 24, 24, 36, 36, 48, 48, 72, 36, 36, 24, 36, 60, 72, 60, 24, 48, 12, 12, 60, 36, 48, 24, 84, 36, 24, 24, 60, 36]",44.4943363479201,11.3461499695622,6220,13239.0
1.82 0.127 8 1,"[156, 144, 192, 180, 192, 120, 168, 60, 120, 96, 132, 72, 120, 132, 156, 84, 96, 120, 84, 96, 96, 60, 96, 60, 84, 60, 84, 60, 24, 48, 84, 36, 72, 60, 48, 24, 36, 48, 36, 48, 12, 36, 36, 60, 60, 12, 60, 48, 84, 60, 24, 60, 36, 24, 24, 48, 24, 72, 60, 60, 60, 60, 72, 60, 60, 84, 72, 108, 120, 48, 84, 168, 120, 108, 96, 120, 36, 120, 180, 120, 132, 132, 84, 144, 240, 252, 144, 192, 180, 192, 216, 336, 324, 456, 384, 420, 348, 432, 444, 300, 408, 444, 444, 432, 540, 408, 276, 420, 312, 372, 240, 396, 468, 336, 336, 384, 408, 432, 360, 360, 360, 264, 336, 300, 300, 264, 264, 276, 324, 300, 288, 288, 324, 276, 372, 312, 312, 420, 360, 240, 216, 300, 348, 312, 348, 252, 312, 312, 384, 252, 396, 312, 384, 288, 288, 300, 336, 372, 324, 384, 324, 276, 348, 288, 264, 264, 60, 420, 336, 504, 396, 348, 288, 288, 276, 324, 312, 252, 216, 264, 264, 336, 204, 264, 384, 264, 240, 300, 240, 336, 324, 420, 372, 240, 312, 420, 420, 372, 408, 432, 528, 480, 432, 372, 420, 408, 420, 492, 420, 492, 300, 468, 408, 396, 456, 384, 420, 372, 456, 444, 396, 528, 312, 504, 384, 396, 444, 516, 372, 396, 360, 420, 348, 384, 360, 372, 384, 288, 276, 372, 168, 360, 396, 516, 276, 372, 516, 336, 312, 288, 300, 336, 240, 192, 252, 288, 204, 192, 240, 192, 276, 156, 240, 252, 240, 144, 276, 168, 228, 300, 288, 264, 204, 264, 204, 312, 228, 168, 216, 180, 168, 180, 204, 204, 156, 180, 192, 132]",,,,
1.82 1.13 8 1,"[180, 132, 156, 240, 180, 156, 96, 72, 96, 132, 108, 108, 108, 84, 120, 72, 36, 72, 48, 72, 60, 48, 144, 60, 60, 36, 72, 12, 0, 12, 36, 12, 60, 0, 36, 0, 12, 12, 24, 24, 12, 0, 24, 24, 36, 0, 12, 12, 60, 24, 0, 36, 24, 24, 36, 24, 12, 36, 36, 36, 72, 24, 48, 24, 36, 60, 48, 84, 96, 24, 12, 132, 108, 48, 72, 108, 24, 132, 60, 144, 144, 180, 84, 144, 216, 228, 240, 276, 204, 348, 264, 516, 552, 468, 696, 588, 696, 684, 648, 552, 756, 684, 636, 672, 744, 768, 600, 636, 624, 600, 528, 672, 708, 540, 552, 708, 540, 588, 552, 492, 516, 360, 420, 504, 420, 504, 732, 360, 480, 432, 456, 384, 528, 444, 600, 432, 564, 528, 396, 420, 408, 672, 540, 384, 492, 468, 552, 540, 480, 408, 564, 588, 468, 588, 480, 468, 504, 492, 612, 564, 600, 420, 456, 420, 360, 288, 312, 420, 492, 528, 492, 432, 300, 432, 348, 564, 468, 396, 504, 468, 480, 576, 408, 384, 528, 540, 252, 372, 360, 432, 624, 528, 420, 408, 384, 492, 444, 360, 444, 540, 528, 516, 408, 408, 480, 468, 408, 516, 432, 516, 384, 552, 444, 408, 408, 456, 504, 420, 444, 480, 384, 528, 372, 516, 492, 432, 444, 540, 468, 444, 504, 480, 456, 528, 420, 408, 504, 372, 324, 492, 396, 456, 384, 588, 384, 408, 552, 516, 336, 372, 384, 384, 204, 252, 240, 228, 192, 192, 192, 168, 276, 180, 288, 216, 216, 144, 252, 192, 240, 264, 300, 252, 204, 264, 204, 312, 204, 192, 276, 180, 192, 228, 216, 276, 156, 192, 204, 108]",44.4901106688309,11.3502248323425,13196,13194.0
2.1 2.2 8 1,"[156, 120, 48, 36, 72, 48, 12, 96, 60, 0, 24, 24, 12, 48, 24, 48, 48, 24, 24, 24, 24, 12, 12, 12, 36, 12, 12, 12, 12, 0, 12, 12, 0, 0, 12, 12, 0, 0, 12, 12, 48, 12, 0, 0, 0, 24, 36, 36, 48, 36, 36, 12, 0, 12, 36, 0, 48, 36, 0, 12, 0, 24, 24, 24, 72, 12, 36, 60, 60, 36, 108, 84, 108, 60, 144, 120, 156, 120, 252, 156, 204, 132, 336, 264, 348, 312, 432, 408, 372, 660, 672, 888, 564, 672, 744, 756, 648, 756, 624, 660, 648, 696, 660, 576, 768, 564, 612, 660, 648, 516, 600, 660, 504, 432, 360, 576, 540, 480, 336, 276, 420, 312, 468, 516, 480, 432, 384, 360, 468, 384, 324, 456, 336, 420, 432, 456, 384, 504, 372, 372, 360, 492, 360, 528, 348, 444, 264, 324, 384, 312, 420, 432, 432, 624, 288, 372, 312, 552, 384, 444, 372, 348, 336, 456, 444, 336, 384, 348, 420, 432, 252, 504, 288, 312, 384, 432, 312, 420, 372, 420, 372, 564, 348, 540, 312, 396, 504, 432, 420, 348, 276, 432, 552, 516, 540, 468, 516, 396, 540, 468, 348, 552, 528, 372, 516, 432, 588, 504, 588, 456, 588, 528, 492, 612, 444, 456, 504, 576, 504, 648, 552, 564, 516, 612, 588, 384, 456, 552, 588, 624, 444, 612, 468, 408, 372, 288, 324, 432, 360, 420, 276, 444, 360, 312, 420, 264, 288, 264, 300, 312, 324, 180, 132, 360, 180, 288, 204, 288, 144, 204, 300, 168, 144, 120, 192, 168, 252, 216, 156, 252, 144, 132, 156, 228, 132, 120, 132, 132, 180, 228, 132, 120, 84, 144, 132, 108, 96, 60]",44.4907828959186,11.3016125829722,13983,16156.0
2.2 2.1 4 1,"[252, 228, 144, 96, 192, 120, 120, 108, 108, 84, 96, 120, 108, 48, 72, 144, 36, 36, 36, 84, 48, 60, 60, 48, 72, 24, 48, 12, 36, 60, 36, 24, 36, 36, 12, 0, 24, 24, 36, 0, 0, 0, 36, 24, 0, 0, 12, 12, 0, 36, 24, 24, 24, 24, 36, 48, 72, 12, 72, 36, 24, 24, 24, 36, 72, 36, 24, 36, 108, 36, 60, 72, 60, 72, 108, 36, 84, 168, 228, 156, 168, 360, 156, 168, 264, 228, 420, 120, 432, 480, 528, 648, 624, 600, 684, 780, 636, 288, 348, 720, 684, 600, 540, 648, 636, 708, 780, 480, 456, 624, 636, 204, 444, 516, 516, 432, 684, 600, 516, 588, 516, 612, 720, 540, 648, 348, 564, 552, 552, 528, 456, 348, 516, 600, 420, 636, 540, 588, 468, 648, 492, 372, 468, 516, 480, 348, 288, 552, 492, 468, 576, 516, 492, 504, 552, 576, 564, 552, 708, 168, 516, 480, 456, 144, 384, 624, 468, 516, 636, 456, 648, 600, 132, 504, 612, 564, 540, 480, 516, 720, 624, 540, 552, 756, 36, 876, 384, 660, 348, 804, 492, 588, 516, 540, 588, 708, 528, 576, 204, 492, 612, 60, 612, 564, 828, 600, 780, 684, 732, 744, 528, 576, 864, 600, 660, 720, 624, 552, 660, 624, 504, 696, 708, 684, 804, 636, 492, 612, 300, 576, 492, 336, 876, 576, 720, 684, 504, 636, 600, 552, 516, 492, 480, 564, 384, 576, 432, 372, 336, 396, 372, 372, 300, 228, 300, 216, 312, 240, 204, 252, 180, 120, 216, 180, 192, 240, 312, 168, 156, 204, 168, 180, 216, 120, 300, 132, 96, 216, 288, 396, 216, 300, 312, 216, 312, 276, 216, 156]",44.4909183605136,11.3016214226843,16156,13983.0
2.2 2.2 4 1,"[12, 0, 36, 48, 12, 36, 12, 60, 0, 0, 84, 12, 84, 24, 60, 48, 36, 12, 24, 48, 12, 24, 0, 0, 48, 12, 12, 0, 24, 12, 12, 0, 0, 36, 0, 12, 12, 0, 0, 0, 24, 0, 0, 0, 0, 0, 24, 24, 0, 0, 0, 0, 12, 12, 12, 0, 12, 0, 12, 24, 36, 12, 0, 0, 24, 12, 0, 60, 60, 12, 12, 0, 48, 48, 12, 0, 36, 60, 12, 24, 84, 72, 96, 72, 96, 84, 132, 156, 108, 144, 84, 120, 240, 204, 204, 240, 264, 168, 252, 204, 468, 216, 264, 192, 192, 204, 312, 372, 192, 156, 264, 192, 156, 204, 168, 168, 252, 228, 264, 312, 132, 168, 204, 276, 336, 168, 204, 252, 204, 192, 204, 192, 264, 156, 204, 240, 360, 180, 252, 216, 276, 120, 276, 156, 240, 240, 264, 168, 240, 288, 312, 264, 252, 372, 180, 348, 204, 252, 408, 312, 288, 276, 192, 204, 204, 168, 144, 288, 228, 312, 360, 204, 324, 180, 288, 360, 240, 216, 144, 312, 228, 240, 192, 228, 216, 324, 204, 216, 192, 360, 120, 216, 240, 228, 324, 300, 216, 240, 228, 396, 300, 324, 156, 228, 348, 240, 336, 276, 372, 204, 192, 324, 348, 324, 288, 324, 252, 264, 288, 360, 216, 264, 240, 240, 432, 240, 156, 348, 348, 252, 288, 348, 228, 204, 288, 252, 264, 348, 276, 336, 180, 204, 252, 168, 180, 348, 228, 252, 360, 168, 96, 144, 120, 168, 132, 168, 168, 132, 120, 96, 60, 132, 108, 108, 132, 180, 144, 84, 96, 108, 84, 48, 180, 12, 48, 180, 120, 180, 132, 156, 72, 264, 96, 48, 84, 48, 60, 60]",44.4921066212946,11.3021084330199,16161,16156.0
2.2 2.2 8 1,"[240, 120, 120, 84, 252, 156, 48, 96, 108, 48, 36, 60, 96, 48, 24, 96, 84, 48, 60, 24, 36, 12, 48, 12, 60, 48, 12, 36, 48, 0, 36, 36, 24, 24, 12, 24, 12, 0, 48, 24, 72, 24, 0, 12, 0, 36, 48, 72, 48, 36, 96, 12, 36, 36, 48, 12, 48, 60, 0, 60, 24, 36, 24, 48, 60, 72, 24, 108, 132, 36, 168, 120, 108, 84, 216, 132, 300, 240, 252, 336, 456, 288, 396, 504, 324, 600, 360, 600, 624, 756, 972, 1020, 1152, 396, 900, 1092, 984, 1056, 924, 972, 888, 984, 888, 1044, 852, 888, 828, 744, 1104, 744, 876, 1032, 744, 672, 792, 660, 900, 684, 768, 540, 552, 648, 672, 684, 684, 816, 540, 480, 600, 660, 576, 540, 744, 600, 744, 708, 756, 684, 768, 516, 660, 816, 696, 600, 720, 648, 624, 564, 648, 504, 780, 552, 756, 900, 600, 480, 660, 672, 552, 732, 792, 624, 456, 564, 756, 636, 588, 636, 528, 720, 564, 636, 648, 420, 768, 480, 708, 708, 660, 528, 744, 744, 504, 456, 612, 648, 804, 636, 660, 612, 456, 600, 756, 816, 648, 972, 792, 564, 684, 936, 708, 888, 612, 948, 732, 888, 660, 792, 780, 852, 660, 876, 768, 900, 936, 780, 792, 828, 828, 804, 888, 912, 732, 768, 924, 720, 576, 828, 792, 780, 1020, 660, 828, 576, 660, 588, 564, 744, 720, 612, 492, 756, 696, 576, 420, 600, 612, 420, 564, 552, 456, 288, 288, 480, 324, 360, 300, 492, 372, 336, 432, 372, 288, 216, 312, 204, 396, 360, 252, 336, 384, 180, 300, 228, 468, 192, 288, 192, 216, 312, 300, 312, 324, 216, 288, 300, 312, 204]",44.4920804779848,11.3022424841515,16161,16156.0
2.2 2.3 2 1,"[12, 0, 24, 12, 12, 0, 12, 12, 24, 24, 0, 0, 12, 12, 0, 0, 0, 0, 0, 0, 0, 0, 0, 0, 0, 0, 0, 0, 0, 0, 0, 0, 0, 0, 0, 0, 0, 0, 0, 0, 0, 0, 0, 0, 0, 0, 0, 0, 0, 12, 12, 0, 0, 0, 0, 0, 0, 12, 0, 0, 0, 0, 12, 0, 0, 12, 0, 0, 48, 0, 0, 12, 0, 0, 24, 24, 0, 24, 12, 24, 24, 24, 60, 48, 60, 36, 108, 36, 84, 84, 72, 132, 168, 96, 96, 84, 168, 132, 84, 72, 120, 48, 72, 96, 108, 48, 60, 84, 60, 72, 72, 96, 96, 36, 36, 96, 48, 36, 72, 36, 24, 60, 60, 48, 60, 12, 60, 36, 48, 36, 48, 36, 24, 24, 60, 60, 84, 12, 24, 60, 36, 36, 96, 48, 36, 48, 72, 48, 0, 60, 48, 36, 24, 36, 36, 48, 36, 96, 36, 72, 36, 36, 36, 60, 84, 60, 60, 60, 36, 36, 60, 36, 36, 72, 12, 48, 36, 48, 12, 60, 84, 24, 96, 36, 36, 84, 72, 24, 24, 84, 72, 12, 36, 60, 48, 24, 84, 36, 36, 12, 12, 108, 24, 24, 36, 24, 36, 72, 48, 84, 48, 48, 36, 48, 72, 0, 24, 84, 48, 36, 72, 12, 60, 72, 60, 96, 12, 60, 72, 36, 36, 24, 12, 24, 120, 72, 72, 72, 24, 12, 36, 72, 36, 96, 36, 24, 24, 24, 12, 12, 60, 12, 12, 36, 24, 36, 12, 12, 0, 24, 12, 12, 12, 12, 12, 24, 0, 0, 12, 0, 0, 24, 24, 0, 0, 12, 36, 12, 0, 12, 36, 0, 12, 12, 48, 0, 0, 12]",44.4901467875666,11.310585105461,16158,16166.0
2.2 2.3 2 2,"[12, 24, 12, 24, 0, 12, 0, 36, 24, 0, 0, 0, 0, 12, 0, 0, 0, 12, 0, 0, 12, 0, 0, 0, 0, 0, 0, 0, 0, 0, 0, 0, 12, 0, 0, 0, 0, 0, 0, 0, 0, 0, 0, 0, 0, 0, 0, 0, 0, 12, 12, 0, 0, 0, 12, 0, 0, 12, 0, 0, 0, 0, 12, 0, 12, 12, 0, 0, 72, 0, 0, 12, 0, 24, 0, 24, 12, 24, 12, 12, 24, 24, 36, 36, 48, 72, 84, 36, 60, 72, 60, 108, 84, 36, 36, 96, 120, 48, 72, 60, 60, 24, 84, 12, 96, 60, 36, 60, 48, 96, 48, 48, 96, 36, 36, 72, 24, 36, 48, 36, 60, 24, 48, 72, 24, 24, 24, 36, 36, 36, 60, 24, 12, 24, 60, 36, 48, 12, 36, 60, 36, 36, 72, 24, 36, 36, 24, 48, 0, 48, 36, 36, 12, 12, 12, 48, 24, 60, 36, 60, 24, 36, 12, 96, 36, 72, 36, 24, 48, 36, 48, 24, 60, 36, 24, 24, 36, 24, 24, 72, 36, 60, 72, 24, 36, 36, 60, 36, 48, 48, 36, 24, 24, 48, 36, 24, 84, 24, 24, 24, 24, 36, 36, 24, 36, 12, 72, 24, 48, 72, 36, 36, 36, 60, 36, 24, 48, 24, 48, 48, 24, 24, 36, 72, 60, 36, 24, 72, 48, 48, 36, 24, 0, 48, 36, 36, 36, 48, 12, 24, 0, 24, 12, 24, 12, 12, 24, 24, 12, 12, 36, 0, 12, 36, 12, 24, 12, 0, 0, 0, 12, 0, 24, 12, 24, 24, 12, 0, 12, 0, 0, 24, 12, 0, 0, 12, 60, 0, 12, 24, 12, 0, 12, 0, 24, 0, 12, 12]",44.4911043766214,11.302195911367,16156,16164.0
2.2 2.7 6 1,"[168, 96, 60, 72, 96, 96, 132, 96, 132, 72, 72, 72, 60, 36, 12, 108, 48, 48, 36, 12, 12, 24, 36, 0, 48, 36, 12, 48, 24, 12, 24, 24, 60, 48, 0, 12, 0, 0, 36, 48, 12, 12, 12, 12, 12, 24, 0, 12, 24, 0, 36, 24, 24, 24, 12, 36, 72, 36, 0, 60, 36, 48, 24, 72, 84, 36, 84, 48, 96, 84, 132, 48, 60, 108, 72, 156, 228, 132, 120, 204, 156, 192, 360, 348, 444, 384, 432, 540, 624, 576, 612, 924, 744, 612, 768, 780, 780, 768, 720, 816, 768, 912, 756, 684, 708, 828, 804, 732, 708, 816, 636, 672, 660, 408, 648, 684, 660, 540, 576, 576, 456, 540, 480, 636, 696, 528, 612, 504, 624, 576, 408, 780, 684, 636, 600, 648, 552, 744, 504, 672, 552, 456, 564, 648, 612, 912, 660, 516, 492, 624, 588, 636, 600, 516, 600, 636, 552, 804, 756, 516, 900, 432, 444, 504, 504, 624, 684, 588, 576, 720, 540, 672, 600, 648, 780, 672, 480, 624, 588, 600, 540, 576, 660, 564, 624, 684, 480, 576, 612, 372, 660, 420, 588, 504, 708, 600, 408, 804, 588, 756, 576, 612, 732, 684, 672, 864, 552, 588, 564, 600, 684, 852, 636, 684, 612, 600, 840, 648, 732, 768, 696, 600, 744, 660, 528, 660, 492, 576, 624, 624, 588, 708, 540, 612, 624, 540, 756, 444, 600, 492, 564, 420, 588, 504, 528, 492, 396, 456, 444, 252, 432, 408, 156, 276, 276, 228, 180, 216, 276, 252, 216, 216, 204, 216, 300, 240, 204, 264, 180, 192, 300, 240, 204, 204, 132, 240, 144, 240, 288, 180, 312, 252, 216, 144, 156, 168, 372, 204]",44.4942742967034,11.2961565433655,4486,15506.0
2.2 2.7 6 2,"[168, 96, 96, 144, 156, 144, 84, 108, 96, 72, 72, 60, 72, 24, 24, 108, 48, 36, 36, 12, 24, 24, 48, 0, 48, 24, 24, 72, 12, 0, 36, 60, 36, 24, 0, 0, 12, 24, 36, 36, 12, 12, 12, 36, 12, 12, 0, 24, 36, 12, 48, 12, 36, 12, 36, 24, 48, 36, 12, 60, 24, 48, 36, 48, 96, 60, 48, 48, 120, 60, 132, 24, 36, 36, 72, 144, 216, 96, 132, 168, 180, 156, 276, 312, 312, 336, 240, 480, 528, 612, 660, 624, 756, 576, 612, 696, 732, 684, 900, 804, 660, 672, 744, 564, 660, 612, 864, 588, 828, 600, 504, 624, 492, 372, 576, 588, 564, 480, 576, 468, 408, 396, 492, 720, 480, 528, 420, 504, 456, 456, 504, 564, 612, 588, 432, 576, 612, 372, 636, 552, 384, 540, 492, 636, 636, 612, 468, 456, 540, 600, 540, 564, 624, 660, 576, 540, 492, 516, 624, 768, 708, 480, 504, 420, 504, 516, 588, 516, 528, 564, 600, 612, 540, 600, 696, 408, 492, 588, 444, 564, 504, 516, 588, 480, 708, 516, 516, 492, 468, 468, 504, 432, 528, 540, 516, 492, 600, 408, 600, 540, 600, 684, 588, 648, 612, 648, 648, 456, 492, 636, 576, 732, 444, 732, 564, 636, 456, 672, 696, 744, 624, 540, 564, 504, 588, 660, 528, 516, 576, 648, 660, 648, 612, 636, 552, 672, 612, 552, 612, 552, 384, 492, 528, 540, 396, 516, 360, 444, 348, 324, 492, 336, 180, 276, 288, 216, 204, 252, 360, 204, 216, 228, 264, 300, 216, 252, 252, 252, 132, 252, 264, 228, 252, 120, 132, 204, 108, 228, 204, 264, 252, 228, 252, 180, 228, 180, 336, 264]",44.4925365105699,11.3018465270564,4573,15961.0
2.2 2.8 8 1,"[180, 216, 108, 24, 96, 108, 72, 156, 60, 144, 60, 96, 60, 84, 36, 84, 84, 48, 60, 36, 12, 36, 24, 24, 12, 36, 12, 24, 36, 12, 0, 12, 24, 36, 12, 24, 0, 0, 36, 0, 72, 12, 12, 12, 24, 12, 36, 60, 60, 60, 36, 0, 24, 12, 24, 0, 84, 36, 60, 36, 24, 12, 48, 72, 36, 72, 60, 96, 72, 132, 156, 108, 204, 96, 156, 144, 228, 264, 264, 396, 312, 384, 492, 492, 540, 660, 756, 756, 720, 1020, 1080, 1428, 1236, 1488, 1380, 1260, 1248, 720, 420, 516, 936, 1092, 1224, 1212, 1272, 1212, 1068, 924, 1044, 1188, 1008, 1116, 948, 888, 780, 744, 756, 876, 768, 720, 720, 720, 864, 660, 876, 768, 624, 840, 684, 672, 708, 768, 732, 672, 912, 744, 708, 720, 828, 588, 876, 780, 720, 840, 696, 780, 636, 744, 684, 660, 660, 732, 708, 996, 732, 768, 744, 696, 828, 660, 828, 888, 732, 660, 804, 624, 864, 720, 516, 780, 708, 732, 768, 612, 648, 708, 780, 624, 792, 600, 732, 852, 648, 900, 624, 684, 768, 816, 840, 816, 744, 492, 900, 936, 876, 1032, 996, 840, 900, 984, 1080, 1248, 984, 888, 960, 1020, 1020, 1008, 1176, 1164, 996, 1140, 1092, 948, 1224, 1056, 912, 876, 1284, 1008, 936, 1056, 1116, 1152, 1068, 1260, 984, 852, 1332, 1008, 492, 1044, 1008, 888, 600, 936, 732, 864, 840, 924, 660, 900, 816, 780, 636, 600, 756, 660, 588, 492, 504, 384, 324, 492, 312, 420, 312, 372, 336, 372, 252, 432, 264, 240, 528, 228, 456, 384, 408, 348, 288, 192, 288, 240, 504, 204, 288, 288, 336, 324, 336, 324, 252, 228, 288, 240, 204, 156]",44.4929234732667,11.3037697479955,4574,4577.0
2.3 2.2 6 1,"[192, 276, 228, 168, 192, 204, 108, 48, 144, 120, 108, 96, 96, 60, 48, 108, 48, 36, 48, 84, 36, 84, 84, 60, 60, 24, 36, 24, 36, 48, 48, 48, 36, 36, 12, 0, 12, 24, 60, 0, 0, 12, 36, 24, 0, 24, 0, 0, 24, 0, 60, 24, 60, 24, 48, 36, 48, 48, 36, 60, 12, 60, 24, 48, 108, 60, 12, 48, 132, 36, 84, 84, 36, 72, 108, 84, 132, 156, 204, 180, 288, 276, 156, 264, 300, 180, 516, 516, 636, 792, 708, 636, 720, 696, 648, 768, 876, 636, 708, 696, 672, 756, 528, 636, 720, 852, 576, 552, 744, 684, 720, 660, 480, 720, 504, 600, 744, 564, 684, 528, 684, 564, 696, 720, 552, 564, 684, 420, 576, 588, 480, 588, 468, 528, 612, 588, 576, 408, 732, 540, 588, 516, 672, 588, 588, 480, 684, 588, 744, 540, 708, 468, 720, 612, 576, 660, 648, 672, 672, 768, 696, 516, 660, 516, 648, 720, 480, 576, 612, 444, 660, 840, 492, 552, 684, 636, 720, 480, 864, 600, 696, 732, 744, 624, 876, 588, 684, 588, 552, 576, 600, 780, 516, 732, 672, 612, 732, 612, 780, 600, 660, 840, 540, 912, 684, 552, 720, 804, 600, 636, 768, 612, 756, 768, 660, 720, 696, 564, 744, 792, 684, 852, 672, 636, 708, 612, 708, 780, 540, 720, 708, 624, 708, 780, 684, 816, 516, 780, 588, 492, 588, 648, 480, 504, 636, 432, 372, 432, 312, 444, 360, 312, 324, 300, 240, 240, 288, 156, 288, 240, 228, 168, 228, 132, 192, 288, 192, 180, 240, 192, 204, 216, 156, 312, 252, 300, 180, 252, 372, 192, 264, 444, 288, 276, 348, 360, 252, 324]",44.4901717635522,11.3107267587054,16166,16158.0
2.3 2.4 2 1,"[12, 12, 36, 12, 12, 12, 24, 12, 36, 36, 12, 0, 24, 0, 0, 12, 0, 0, 12, 24, 0, 0, 0, 0, 0, 0, 0, 0, 0, 0, 0, 0, 0, 0, 12, 0, 0, 0, 0, 0, 0, 0, 0, 0, 0, 0, 0, 0, 0, 12, 12, 0, 12, 0, 0, 12, 0, 12, 0, 0, 0, 0, 12, 0, 0, 24, 0, 0, 60, 0, 0, 12, 12, 0, 36, 12, 0, 12, 12, 24, 24, 60, 36, 36, 48, 60, 120, 36, 96, 60, 48, 144, 144, 60, 132, 84, 108, 168, 60, 72, 84, 48, 12, 120, 60, 72, 72, 120, 60, 108, 24, 48, 132, 48, 60, 72, 36, 84, 24, 96, 36, 72, 48, 60, 72, 24, 60, 36, 36, 60, 60, 12, 36, 36, 24, 48, 48, 60, 36, 48, 24, 48, 60, 60, 36, 72, 36, 12, 0, 84, 36, 72, 24, 12, 60, 60, 24, 72, 108, 120, 24, 48, 72, 36, 108, 72, 72, 48, 48, 72, 60, 72, 36, 108, 36, 24, 36, 96, 0, 72, 36, 24, 96, 48, 24, 72, 48, 48, 36, 72, 60, 60, 48, 24, 72, 36, 36, 84, 12, 60, 60, 48, 96, 12, 24, 60, 48, 36, 60, 84, 60, 48, 36, 24, 96, 48, 36, 84, 24, 24, 72, 12, 72, 24, 72, 84, 12, 48, 72, 48, 60, 24, 24, 36, 120, 72, 120, 84, 12, 12, 60, 36, 60, 48, 12, 12, 24, 48, 12, 12, 24, 12, 12, 48, 36, 48, 12, 0, 0, 12, 12, 0, 24, 36, 12, 12, 0, 0, 24, 12, 0, 36, 12, 24, 12, 12, 24, 24, 12, 0, 48, 0, 0, 48, 36, 12, 12, 24]",44.4900650900654,11.3115191788761,4534,4533.0
2.3 2.8 6 1,"[48, 36, 0, 24, 36, 36, 36, 24, 48, 36, 24, 0, 24, 0, 12, 12, 0, 24, 0, 12, 36, 12, 12, 0, 0, 12, 0, 24, 0, 24, 12, 0, 12, 0, 0, 0, 12, 12, 0, 0, 0, 12, 0, 0, 12, 12, 0, 12, 0, 0, 12, 0, 0, 0, 0, 0, 12, 0, 0, 0, 0, 12, 0, 12, 12, 12, 0, 12, 24, 24, 24, 0, 0, 36, 60, 24, 48, 48, 12, 24, 12, 36, 72, 60, 60, 36, 84, 120, 168, 204, 192, 240, 204, 252, 288, 324, 336, 264, 468, 300, 396, 252, 276, 372, 348, 312, 276, 276, 288, 204, 240, 216, 192, 252, 168, 180, 228, 96, 144, 156, 120, 96, 192, 216, 144, 192, 204, 264, 204, 96, 216, 108, 144, 144, 156, 180, 156, 108, 228, 168, 120, 168, 132, 192, 144, 144, 156, 144, 96, 180, 216, 216, 276, 192, 216, 192, 156, 144, 252, 228, 180, 156, 192, 96, 192, 192, 192, 216, 192, 240, 252, 192, 180, 264, 132, 132, 168, 96, 156, 120, 216, 240, 240, 120, 180, 144, 204, 144, 156, 168, 252, 120, 132, 120, 204, 132, 60, 216, 180, 348, 264, 348, 216, 204, 324, 252, 228, 216, 252, 264, 360, 288, 180, 264, 264, 192, 168, 192, 240, 276, 204, 180, 216, 192, 348, 240, 180, 204, 204, 156, 228, 240, 216, 192, 180, 180, 192, 192, 228, 180, 180, 204, 192, 168, 156, 156, 192, 132, 156, 108, 156, 108, 72, 120, 108, 120, 96, 144, 108, 48, 96, 96, 72, 120, 84, 24, 48, 108, 48, 60, 72, 108, 24, 36, 84, 48, 12, 84, 84, 60, 60, 60, 24, 72, 60, 12, 24, 24]",44.4935430651191,11.3109398117451,17301,4571.0
2.4 0.127 2 1,"[36, 0, 12, 48, 0, 36, 36, 36, 36, 48, 0, 0, 0, 0, 48, 24, 0, 12, 24, 12, 36, 0, 36, 0, 12, 12, 12, 0, 12, 12, 12, 0, 0, 12, 0, 0, 0, 0, 0, 0, 0, 24, 12, 0, 0, 12, 0, 0, 0, 12, 0, 12, 0, 0, 0, 0, 0, 0, 0, 0, 12, 0, 0, 0, 0, 0, 12, 0, 0, 0, 0, 12, 0, 0, 12, 24, 12, 24, 36, 36, 24, 12, 48, 12, 24, 24, 24, 72, 36, 72, 36, 96, 72, 48, 108, 96, 36, 96, 72, 60, 96, 84, 48, 36, 60, 60, 120, 132, 96, 84, 48, 36, 120, 72, 60, 60, 96, 60, 72, 84, 36, 60, 72, 36, 72, 72, 72, 60, 144, 48, 72, 132, 48, 84, 132, 84, 84, 96, 84, 96, 84, 48, 72, 48, 144, 60, 48, 120, 120, 60, 156, 120, 84, 132, 84, 108, 144, 120, 120, 120, 96, 96, 168, 72, 108, 84, 48, 132, 60, 48, 108, 168, 60, 192, 36, 132, 108, 36, 84, 60, 96, 72, 12, 96, 72, 60, 144, 72, 48, 84, 120, 60, 96, 132, 132, 96, 84, 120, 120, 84, 72, 36, 60, 84, 72, 72, 84, 84, 84, 96, 132, 180, 108, 60, 84, 84, 84, 72, 72, 240, 108, 156, 84, 156, 132, 60, 96, 144, 72, 108, 156, 108, 204, 72, 204, 180, 132, 180, 84, 132, 96, 96, 120, 84, 120, 84, 96, 60, 24, 96, 84, 48, 96, 48, 72, 96, 36, 24, 84, 36, 36, 12, 12, 60, 36, 60, 48, 36, 36, 24, 12, 36, 60, 12, 24, 72, 36, 60, 24, 36, 48, 84, 36, 36, 24, 24, 60, 72]",44.4887527933422,11.3162217985906,4542,15514.0
2.4 2.3 6 1,"[372, 216, 228, 276, 180, 336, 144, 216, 168, 156, 180, 240, 144, 72, 168, 108, 60, 60, 60, 84, 72, 60, 156, 72, 84, 48, 48, 12, 60, 72, 84, 60, 60, 36, 0, 0, 24, 24, 60, 0, 24, 12, 36, 24, 0, 12, 12, 12, 24, 0, 96, 36, 24, 36, 84, 96, 48, 72, 84, 48, 36, 60, 36, 108, 132, 96, 132, 96, 108, 84, 120, 84, 60, 108, 96, 228, 204, 180, 264, 252, 336, 312, 288, 216, 408, 408, 708, 720, 876, 960, 972, 780, 828, 960, 912, 996, 804, 888, 792, 852, 924, 876, 672, 816, 840, 792, 720, 660, 708, 864, 768, 768, 696, 1032, 720, 684, 876, 780, 780, 780, 696, 660, 900, 660, 708, 840, 480, 732, 672, 744, 684, 660, 516, 840, 792, 780, 612, 816, 804, 600, 852, 720, 804, 552, 684, 696, 612, 912, 660, 768, 756, 744, 864, 792, 612, 804, 840, 552, 1044, 768, 660, 732, 840, 624, 876, 648, 684, 648, 696, 816, 876, 840, 756, 732, 588, 852, 684, 780, 840, 816, 780, 840, 696, 912, 864, 792, 876, 576, 744, 852, 864, 732, 852, 804, 792, 888, 900, 900, 768, 780, 900, 960, 888, 900, 684, 792, 888, 756, 828, 876, 780, 876, 744, 888, 912, 804, 780, 720, 732, 864, 924, 912, 708, 864, 864, 912, 768, 960, 600, 744, 828, 792, 816, 864, 924, 564, 684, 696, 636, 612, 744, 756, 624, 648, 684, 600, 492, 468, 480, 504, 576, 432, 456, 360, 396, 372, 288, 192, 372, 408, 384, 312, 360, 216, 300, 384, 360, 276, 312, 216, 408, 156, 276, 300, 456, 384, 288, 324, 288, 360, 360, 504, 312, 516, 288, 492, 348, 504]",44.489298031335,11.3156471560001,4547,16253.0
2.4 2.95 2 1,"[12, 12, 24, 24, 12, 0, 12, 0, 36, 24, 0, 0, 12, 0, 0, 0, 0, 0, 0, 12, 0, 0, 0, 12, 0, 0, 0, 0, 0, 0, 0, 0, 0, 0, 12, 0, 0, 0, 0, 0, 0, 0, 0, 0, 0, 0, 0, 0, 0, 0, 12, 12, 0, 0, 0, 0, 0, 0, 0, 0, 0, 0, 12, 0, 0, 24, 0, 0, 48, 0, 0, 12, 0, 0, 36, 12, 0, 12, 12, 36, 24, 48, 12, 48, 48, 48, 84, 96, 60, 60, 36, 120, 108, 144, 108, 144, 96, 156, 120, 108, 72, 72, 36, 120, 72, 72, 96, 120, 84, 108, 48, 48, 132, 96, 72, 60, 48, 96, 60, 72, 12, 24, 24, 72, 72, 48, 48, 0, 60, 36, 84, 24, 24, 60, 48, 24, 36, 36, 72, 24, 48, 12, 60, 48, 12, 72, 36, 12, 24, 24, 72, 36, 48, 36, 12, 36, 48, 48, 72, 24, 84, 24, 48, 24, 72, 12, 36, 60, 60, 24, 60, 24, 36, 72, 12, 36, 72, 108, 36, 0, 60, 36, 84, 48, 60, 60, 72, 60, 48, 48, 84, 36, 72, 24, 24, 84, 36, 60, 48, 60, 36, 48, 96, 60, 36, 48, 60, 36, 48, 48, 84, 12, 108, 36, 72, 72, 60, 96, 60, 24, 36, 36, 60, 24, 72, 60, 36, 12, 60, 48, 60, 24, 36, 12, 60, 36, 84, 48, 84, 0, 84, 48, 72, 24, 48, 12, 36, 60, 0, 24, 48, 48, 12, 12, 12, 36, 12, 0, 0, 12, 0, 12, 24, 36, 12, 0, 12, 0, 24, 12, 12, 36, 12, 24, 12, 24, 36, 36, 0, 0, 12, 24, 0, 24, 12, 24, 24, 0]",44.48884289735,11.3179616324142,15985,4548.0
2.5 2.6 2 1,"[0, 24, 12, 36, 12, 12, 24, 0, 36, 12, 24, 0, 12, 0, 12, 0, 0, 0, 0, 24, 0, 0, 0, 12, 0, 0, 0, 0, 0, 0, 0, 0, 0, 0, 0, 12, 0, 0, 0, 0, 0, 0, 12, 12, 0, 0, 0, 0, 12, 12, 12, 24, 0, 12, 0, 0, 0, 12, 12, 0, 12, 0, 12, 0, 0, 36, 0, 0, 12, 36, 12, 0, 24, 12, 24, 24, 0, 36, 36, 24, 48, 60, 24, 72, 96, 72, 132, 96, 72, 180, 60, 108, 192, 180, 108, 240, 144, 228, 276, 156, 168, 168, 60, 204, 240, 60, 156, 108, 168, 120, 96, 48, 144, 120, 120, 84, 84, 84, 60, 108, 36, 24, 48, 84, 48, 132, 24, 60, 48, 72, 60, 108, 84, 96, 72, 60, 60, 108, 72, 60, 1596, 84, 96, 96, 24, 12, 96, 60, 36, 48, 12, 108, 60, 72, 24, 84, 36, 72, 60, 108, 84, 24, 0, 96, 144, 96, 36, 96, 60, 60, 96, 36, 84, 84, 12, 72, 48, 72, 84, 24, 96, 48, 36, 96, 84, 96, 24, 156, 84, 72, 108, 96, 36, 72, 12, 132, 60, 96, 36, 132, 84, 72, 132, 84, 36, 96, 72, 132, 84, 84, 96, 36, 132, 84, 72, 84, 48, 36, 144, 96, 96, 108, 72, 132, 84, 84, 24, 60, 96, 84, 120, 60, 36, 72, 84, 72, 84, 72, 108, 60, 36, 108, 60, 72, 84, 12, 12, 60, 36, 12, 72, 60, 36, 36, 48, 72, 24, 12, 0, 12, 0, 24, 36, 36, 60, 12, 24, 12, 12, 36, 0, 24, 0, 48, 36, 36, 36, 36, 12, 12, 0, 24, 12, 0, 60, 24, 12, 12]",44.4902829674151,11.3262840081656,4664,15712.0
2.5 2.95 6 1,"[360, 264, 312, 288, 180, 360, 192, 288, 216, 216, 240, 216, 96, 108, 252, 72, 120, 96, 108, 96, 36, 168, 132, 168, 84, 72, 120, 60, 12, 96, 108, 60, 36, 48, 0, 0, 24, 48, 72, 0, 24, 48, 48, 24, 48, 12, 12, 12, 36, 48, 96, 36, 48, 60, 120, 96, 96, 84, 72, 72, 48, 72, 24, 120, 168, 108, 108, 204, 132, 72, 156, 48, 84, 120, 156, 156, 300, 192, 252, 324, 456, 300, 480, 456, 456, 684, 756, 948, 1092, 1044, 1008, 912, 1116, 1032, 828, 996, 864, 828, 816, 960, 660, 780, 924, 840, 792, 564, 888, 672, 924, 888, 876, 828, 924, 972, 804, 792, 900, 636, 1080, 1116, 792, 888, 732, 744, 912, 936, 708, 756, 780, 864, 792, 744, 912, 1020, 828, 780, 756, 924, 924, 876, 864, 996, 828, 924, 696, 780, 1080, 936, 1056, 984, 780, 1044, 1020, 1080, 852, 1068, 852, 1080, 1176, 1044, 960, 936, 924, 1116, 744, 804, 828, 924, 948, 1332, 1104, 1200, 804, 1128, 888, 804, 1008, 984, 900, 876, 864, 1032, 1092, 936, 1008, 1116, 828, 1008, 828, 1140, 900, 1056, 924, 996, 1008, 1032, 1032, 1032, 984, 852, 1164, 1056, 1116, 1032, 1068, 1104, 876, 924, 1332, 984, 984, 972, 1056, 912, 1416, 1128, 1044, 1140, 1080, 1104, 948, 984, 1020, 972, 792, 864, 1032, 996, 1032, 888, 1308, 1032, 984, 1044, 720, 1104, 1008, 1008, 960, 1020, 924, 1008, 732, 564, 888, 864, 708, 672, 696, 612, 624, 696, 564, 420, 360, 624, 264, 408, 456, 396, 480, 528, 360, 480, 492, 300, 384, 252, 432, 360, 312, 336, 324, 384, 468, 396, 468, 504, 312, 372, 492, 504, 444, 480, 624, 384, 396, 552]",44.4903451512572,11.3258609026138,4665,4651.0
2.6 0.127 6 1,"[348, 228, 336, 396, 144, 348, 228, 276, 252, 240, 144, 216, 120, 120, 264, 48, 120, 132, 84, 120, 48, 192, 96, 132, 48, 84, 60, 72, 48, 72, 120, 60, 12, 48, 12, 12, 24, 48, 60, 0, 12, 36, 48, 24, 60, 24, 24, 24, 48, 60, 72, 84, 48, 60, 84, 96, 72, 72, 84, 72, 48, 60, 48, 120, 132, 96, 156, 108, 72, 120, 168, 84, 72, 132, 228, 144, 300, 300, 336, 384, 336, 360, 408, 324, 456, 828, 672, 984, 972, 924, 960, 852, 1308, 1380, 1296, 1416, 1140, 1104, 1044, 1104, 960, 948, 1128, 912, 744, 996, 1056, 960, 1140, 1020, 1032, 972, 1188, 948, 996, 792, 924, 912, 888, 960, 1008, 756, 732, 900, 1032, 780, 756, 792, 1116, 828, 768, 684, 1056, 768, 912, 900, 780, 852, 936, 1020, 732, 912, 804, 1032, 720, 852, 912, 828, 1200, 924, 852, 888, 1188, 1212, 1008, 888, 768, 1212, 1176, 1188, 924, 1008, 1068, 1020, 948, 792, 720, 972, 972, 1272, 1212, 1152, 1056, 984, 840, 888, 1044, 1056, 996, 900, 984, 1356, 888, 948, 1020, 1032, 864, 900, 804, 1188, 1020, 1080, 816, 972, 840, 960, 1008, 1020, 948, 960, 1176, 1200, 960, 1056, 1104, 1116, 1140, 1152, 1068, 972, 864, 1392, 1104, 1092, 1116, 1104, 1044, 984, 1320, 1236, 1176, 984, 1008, 972, 900, 1080, 1164, 1260, 1128, 1008, 1308, 1164, 984, 948, 816, 1356, 1104, 948, 948, 1152, 996, 900, 756, 924, 1080, 804, 684, 708, 852, 648, 708, 828, 708, 552, 360, 624, 372, 432, 552, 504, 516, 492, 348, 444, 444, 264, 504, 384, 504, 480, 312, 372, 336, 348, 612, 360, 324, 600, 312, 360, 576, 348, 504, 528, 480, 432, 384, 468]",,,,
2.6 2.5 6 1,"[180, 180, 228, 180, 120, 192, 120, 168, 120, 132, 120, 96, 60, 72, 144, 48, 36, 72, 60, 24, 0, 108, 60, 84, 48, 72, 60, 60, 36, 24, 84, 48, 0, 24, 12, 0, 24, 24, 60, 0, 12, 12, 36, 0, 36, 0, 24, 36, 24, 12, 48, 24, 36, 24, 48, 60, 60, 48, 48, 12, 36, 48, 36, 72, 108, 84, 96, 72, 60, 84, 96, 72, 48, 96, 132, 84, 132, 0, 108, 192, 192, 192, 192, 180, 288, 324, 276, 456, 408, 396, 480, 432, 708, 744, 732, 744, 588, 564, 600, 612, 480, 396, 696, 444, 432, 540, 564, 456, 576, 588, 504, 552, 660, 552, 468, 396, 492, 468, 396, 252, 204, 348, 408, 384, 432, 384, 372, 240, 576, 360, 372, 312, 468, 384, 384, 432, 432, 468, 528, 420, 324, 480, 432, 480, 420, 492, 396, 120, 480, 456, 420, 468, 684, 540, 576, 408, 372, 612, 492, 348, 444, 480, 492, 504, 408, 420, 276, 504, 408, 552, 528, 516, 540, 372, 456, 396, 444, 612, 528, 420, 504, 636, 528, 468, 528, 540, 480, 456, 312, 576, 504, 576, 492, 504, 516, 492, 432, 492, 492, 480, 552, 648, 528, 528, 468, 564, 588, 600, 588, 540, 468, 624, 528, 456, 540, 624, 576, 396, 672, 576, 528, 528, 588, 540, 408, 492, 636, 612, 492, 396, 624, 648, 360, 552, 384, 564, 468, 540, 492, 420, 456, 396, 252, 504, 348, 336, 348, 360, 432, 372, 396, 408, 348, 168, 132, 300, 204, 228, 228, 276, 300, 252, 108, 312, 312, 156, 264, 180, 264, 228, 132, 204, 216, 192, 324, 216, 240, 300, 132, 216, 348, 228, 156, 120, 312, 228, 156, 288]",44.4904721417666,11.3288713971023,1,6025.0
2.6 2.10 6 1,"[228, 264, 168, 192, 372, 216, 204, 84, 168, 240, 132, 120, 204, 84, 60, 84, 168, 132, 132, 156, 60, 84, 24, 60, 108, 120, 84, 12, 60, 24, 48, 12, 48, 84, 12, 108, 12, 24, 60, 24, 0, 12, 0, 12, 24, 72, 24, 0, 36, 0, 60, 36, 12, 36, 12, 48, 84, 48, 48, 24, 36, 60, 48, 96, 72, 36, 12, 144, 108, 132, 96, 120, 84, 204, 240, 228, 180, 288, 264, 504, 300, 360, 456, 660, 468, 684, 900, 960, 984, 1152, 1572, 1740, 1560, 2160, 1656, 1680, 1548, 1692, 1680, 1416, 1248, 1524, 1236, 1476, 1680, 1332, 1548, 1284, 1212, 1512, 1500, 1332, 948, 948, 1320, 1140, 924, 948, 1212, 1224, 1116, 984, 1056, 1056, 864, 1176, 1236, 864, 1128, 1008, 1020, 948, 912, 1200, 1080, 972, 1044, 912, 1092, 1104, 996, 1128, 1032, 1020, 984, 1284, 1236, 888, 1212, 1152, 1008, 804, 1464, 1164, 1020, 828, 1236, 1080, 1128, 1044, 1332, 1092, 1236, 1284, 1332, 1188, 1176, 1104, 1236, 1596, 1404, 1200, 1092, 1140, 1044, 1056, 972, 1140, 1212, 1164, 828, 1080, 1128, 1128, 1080, 1032, 1032, 1044, 948, 1152, 1296, 1080, 936, 1308, 1236, 1080, 1008, 888, 972, 1116, 1020, 1092, 1188, 1188, 1236, 1452, 1212, 1356, 1380, 1500, 1200, 1044, 1128, 1392, 1248, 1092, 1188, 1140, 1200, 1128, 1416, 1164, 1188, 1248, 960, 1188, 1200, 1260, 1284, 1068, 1500, 1212, 1332, 1176, 1032, 1500, 1152, 1320, 1224, 1032, 1164, 1260, 912, 1164, 1056, 1272, 888, 852, 1032, 876, 684, 852, 624, 816, 624, 636, 720, 516, 624, 456, 648, 432, 480, 552, 384, 456, 432, 468, 396, 480, 564, 384, 468, 396, 456, 444, 312, 504, 444, 420, 312, 516, 492, 492, 516, 480, 456, 516]",44.4912436304454,11.3295725650354,16659,16665.0
2.6 4.47 4 1,"[312, 324, 324, 240, 336, 180, 132, 192, 60, 192, 192, 132, 132, 144, 108, 156, 72, 192, 156, 120, 108, 96, 72, 60, 72, 108, 12, 48, 72, 72, 72, 108, 24, 36, 36, 0, 72, 72, 0, 12, 0, 24, 36, 48, 48, 12, 36, 0, 12, 48, 48, 60, 60, 36, 12, 36, 72, 96, 60, 48, 72, 60, 72, 84, 60, 120, 60, 120, 240, 216, 144, 156, 300, 228, 360, 684, 348, 732, 624, 528, 516, 828, 1008, 948, 720, 864, 1272, 1332, 1200, 1656, 1644, 1908, 1356, 1644, 1380, 1704, 1872, 1812, 1812, 1548, 1776, 1476, 888, 1368, 1392, 1320, 1404, 972, 996, 1104, 1056, 1176, 1392, 1092, 960, 1200, 780, 600, 1104, 864, 672, 936, 1092, 792, 888, 1068, 1056, 792, 852, 960, 900, 1008, 972, 1188, 1140, 864, 984, 972, 1344, 792, 756, 1440, 1080, 900, 1260, 1308, 1104, 984, 1092, 960, 744, 1068, 984, 984, 876, 1404, 1404, 1248, 1416, 1116, 1188, 1044, 852, 1344, 1068, 960, 972, 1068, 1164, 1020, 1488, 876, 1272, 1200, 1248, 720, 1200, 1068, 1080, 1392, 1056, 924, 948, 1296, 1224, 960, 972, 1752, 1056, 912, 1152, 1248, 1188, 1236, 1284, 1356, 1092, 1404, 1692, 1344, 1380, 1212, 1212, 1188, 972, 1416, 1140, 1428, 1272, 1308, 1584, 1056, 1212, 1848, 1224, 1572, 1284, 1620, 1212, 1452, 1212, 1128, 1284, 1692, 1512, 1200, 1680, 1248, 1212, 1404, 1392, 1260, 1536, 1272, 1704, 828, 1272, 1548, 1464, 1272, 1320, 1068, 1416, 948, 852, 1188, 888, 960, 876, 720, 660, 816, 480, 684, 720, 468, 600, 492, 420, 696, 540, 492, 576, 348, 492, 444, 444, 612, 552, 384, 456, 336, 552, 420, 492, 588, 564, 420, 696, 372, 504, 660, 408, 672, 672, 444, 564, 660]",44.4900319161705,11.3297300781334,16662,16521.0
2.7 2.2 2 1,"[48, 96, 60, 0, 60, 48, 60, 72, 36, 96, 48, 48, 36, 60, 60, 36, 36, 24, 36, 36, 12, 12, 0, 24, 0, 0, 12, 0, 0, 0, 0, 12, 24, 24, 0, 24, 12, 0, 24, 0, 0, 0, 12, 0, 12, 0, 0, 12, 36, 12, 0, 12, 12, 0, 12, 12, 48, 0, 60, 12, 36, 12, 24, 24, 36, 24, 36, 48, 96, 96, 72, 36, 120, 72, 144, 84, 96, 192, 144, 180, 132, 264, 300, 300, 360, 336, 408, 456, 420, 600, 600, 852, 720, 816, 768, 636, 744, 624, 480, 648, 528, 576, 660, 684, 720, 552, 624, 708, 396, 660, 480, 468, 444, 552, 456, 408, 468, 456, 504, 372, 396, 576, 504, 348, 564, 384, 324, 420, 432, 468, 336, 444, 480, 468, 432, 444, 372, 360, 492, 408, 552, 480, 408, 408, 384, 480, 468, 456, 348, 468, 444, 528, 372, 408, 444, 444, 372, 396, 420, 432, 396, 540, 384, 468, 432, 336, 456, 420, 300, 348, 384, 504, 528, 372, 444, 456, 420, 492, 396, 408, 324, 504, 300, 504, 348, 372, 420, 396, 420, 552, 360, 384, 420, 420, 552, 612, 576, 648, 444, 540, 672, 708, 468, 504, 588, 588, 648, 600, 672, 732, 624, 672, 600, 636, 744, 660, 552, 564, 636, 744, 468, 672, 588, 600, 648, 696, 636, 612, 708, 684, 612, 600, 516, 564, 660, 540, 528, 456, 468, 432, 396, 456, 564, 396, 492, 480, 456, 384, 408, 252, 240, 288, 180, 264, 252, 288, 180, 216, 168, 168, 120, 216, 180, 156, 336, 228, 156, 204, 204, 84, 84, 108, 96, 108, 168, 168, 84, 216, 192, 168, 168, 264, 96, 144, 120, 60, 72, 60]",44.492451385739,11.3018326491012,15961,4573.0
2.7 2.2 2 2,"[216, 180, 96, 72, 144, 144, 252, 204, 240, 120, 180, 120, 108, 84, 96, 180, 108, 120, 72, 48, 12, 72, 36, 48, 60, 36, 36, 48, 24, 12, 36, 24, 84, 72, 24, 36, 12, 12, 36, 48, 12, 12, 24, 12, 12, 36, 0, 36, 60, 12, 48, 12, 36, 24, 36, 48, 132, 48, 36, 96, 48, 72, 60, 72, 132, 72, 132, 96, 156, 180, 180, 132, 216, 204, 156, 240, 312, 300, 276, 336, 276, 480, 612, 600, 732, 708, 840, 864, 900, 1032, 1056, 1356, 1344, 1008, 1056, 1128, 1212, 1176, 1188, 1308, 1176, 1260, 1116, 984, 1200, 1236, 1128, 1140, 984, 1236, 1152, 972, 1104, 864, 1116, 984, 1020, 984, 900, 864, 876, 972, 948, 1020, 1212, 876, 1020, 852, 900, 1068, 840, 1020, 1152, 1008, 948, 1116, 828, 1032, 1044, 1080, 948, 888, 1020, 1032, 960, 1248, 984, 1008, 996, 1020, 948, 984, 1068, 1080, 1080, 972, 960, 1092, 996, 1008, 1116, 1056, 936, 888, 804, 948, 936, 996, 984, 876, 864, 1176, 1116, 1056, 1200, 1044, 816, 1128, 984, 984, 1008, 996, 1044, 912, 1008, 1044, 972, 996, 984, 888, 1068, 960, 1020, 972, 1008, 1068, 972, 1356, 1056, 1140, 1116, 1248, 1260, 1260, 1140, 1092, 1104, 1188, 1188, 1176, 1200, 1308, 1224, 1308, 1260, 1224, 1176, 1164, 1356, 1224, 1104, 1152, 1296, 1164, 1188, 1248, 1176, 1116, 1032, 1128, 984, 1164, 984, 1104, 1152, 900, 1152, 852, 1056, 996, 948, 828, 936, 996, 960, 936, 768, 852, 792, 528, 732, 564, 408, 540, 504, 480, 372, 444, 504, 396, 468, 408, 336, 456, 504, 384, 360, 492, 396, 252, 384, 408, 324, 348, 300, 324, 324, 408, 432, 396, 456, 372, 300, 324, 252, 252, 492, 288]",44.494233100611,11.2961034896178,4486,15506.0
2.8 0.127 8 1,"[144, 96, 96, 36, 60, 96, 12, 48, 72, 84, 24, 12, 60, 24, 24, 36, 60, 60, 36, 12, 0, 12, 12, 48, 24, 36, 12, 12, 0, 0, 12, 12, 12, 12, 24, 12, 12, 0, 36, 0, 36, 0, 0, 24, 12, 12, 0, 48, 48, 24, 36, 12, 0, 12, 24, 0, 60, 36, 36, 12, 24, 12, 72, 60, 24, 48, 48, 84, 60, 48, 108, 96, 132, 84, 204, 132, 144, 96, 120, 180, 216, 168, 276, 264, 216, 324, 336, 276, 288, 276, 420, 396, 432, 408, 492, 432, 456, 492, 336, 372, 444, 492, 420, 420, 504, 348, 396, 324, 396, 300, 396, 276, 0, 0, 456, 372, 264, 660, 360, 288, 408, 444, 516, 420, 516, 408, 288, 396, 360, 456, 492, 456, 420, 252, 0, 12, 552, 372, 408, 420, 516, 504, 252, 384, 456, 384, 480, 504, 120, 0, 240, 396, 408, 396, 360, 72, 0, 72, 432, 312, 420, 324, 360, 300, 432, 228, 384, 384, 360, 276, 312, 312, 504, 288, 240, 396, 360, 324, 360, 240, 408, 408, 336, 456, 324, 300, 336, 420, 480, 432, 228, 348, 492, 348, 432, 480, 432, 360, 348, 300, 492, 300, 288, 384, 348, 456, 408, 396, 420, 384, 228, 384, 372, 312, 528, 456, 228, 396, 288, 252, 312, 516, 108, 0, 132, 456, 408, 384, 480, 396, 444, 312, 360, 372, 228, 384, 264, 348, 300, 444, 456, 312, 204, 0, 0, 192, 384, 336, 240, 252, 276, 156, 168, 264, 180, 228, 168, 108, 156, 216, 108, 144, 156, 156, 60, 0, 144, 228, 276, 156, 252, 168, 228, 180, 264, 252, 228, 132, 264, 312, 264, 180, 192, 144, 252, 180, 144, 108]",44.4939849418073,11.3110304555682,4571,4596.0
2.8 2.2 4 1,"[84, 84, 60, 84, 72, 84, 36, 60, 60, 24, 96, 24, 120, 0, 96, 24, 36, 24, 36, 24, 36, 36, 12, 24, 36, 24, 36, 36, 36, 36, 12, 36, 24, 12, 0, 0, 0, 12, 12, 48, 12, 12, 0, 12, 24, 0, 12, 24, 24, 12, 24, 0, 24, 0, 12, 12, 12, 0, 24, 12, 36, 12, 24, 24, 12, 48, 0, 60, 72, 72, 12, 36, 36, 36, 72, 84, 144, 72, 72, 96, 84, 108, 204, 120, 180, 156, 216, 348, 300, 456, 372, 468, 540, 408, 456, 660, 552, 612, 744, 804, 684, 504, 540, 540, 492, 696, 648, 708, 600, 540, 408, 348, 384, 480, 324, 420, 444, 372, 360, 96, 12, 0, 72, 480, 372, 372, 348, 504, 420, 300, 516, 588, 384, 360, 456, 504, 372, 384, 456, 480, 336, 384, 348, 132, 0, 252, 420, 360, 468, 372, 480, 336, 768, 528, 480, 444, 432, 492, 576, 528, 552, 372, 372, 396, 312, 72, 0, 348, 528, 528, 516, 396, 444, 360, 624, 276, 312, 408, 420, 432, 360, 528, 528, 444, 396, 468, 348, 420, 336, 324, 468, 300, 468, 504, 480, 432, 348, 468, 552, 732, 720, 576, 552, 660, 516, 564, 636, 468, 468, 564, 564, 720, 468, 672, 684, 372, 372, 576, 528, 564, 564, 600, 516, 552, 672, 540, 576, 468, 660, 636, 540, 588, 504, 516, 516, 576, 348, 504, 492, 300, 312, 432, 444, 384, 336, 360, 516, 252, 216, 180, 228, 120, 168, 228, 168, 168, 180, 180, 216, 144, 144, 96, 204, 144, 204, 180, 144, 132, 204, 168, 180, 204, 192, 60, 108, 156, 96, 144, 180, 156, 144, 84, 0, 36, 120, 144, 108, 108]",44.4939477458512,11.3103052985972,4571,4572.0
2.8 2.3 2 1,"[36, 12, 48, 0, 0, 36, 60, 60, 0, 48, 36, 0, 0, 36, 0, 24, 0, 12, 24, 24, 0, 0, 0, 24, 0, 0, 0, 0, 24, 0, 0, 0, 12, 0, 0, 0, 12, 0, 0, 0, 0, 12, 0, 0, 0, 0, 0, 0, 0, 0, 12, 0, 0, 0, 0, 0, 0, 0, 12, 0, 0, 0, 0, 0, 0, 0, 0, 0, 0, 12, 24, 0, 24, 24, 36, 12, 24, 48, 12, 48, 36, 24, 72, 24, 60, 48, 60, 144, 84, 168, 252, 192, 372, 312, 324, 228, 228, 276, 360, 312, 192, 204, 312, 192, 216, 276, 312, 252, 132, 156, 192, 216, 144, 156, 156, 180, 96, 156, 108, 108, 216, 96, 120, 96, 120, 144, 132, 120, 108, 120, 72, 204, 156, 120, 144, 132, 132, 180, 156, 132, 108, 144, 156, 96, 108, 156, 72, 144, 120, 96, 108, 120, 84, 132, 156, 108, 168, 108, 120, 168, 108, 168, 144, 132, 168, 120, 156, 120, 84, 204, 96, 36, 180, 132, 156, 108, 168, 156, 264, 192, 180, 168, 96, 132, 132, 156, 180, 84, 156, 204, 108, 144, 144, 120, 240, 204, 300, 204, 180, 120, 144, 204, 264, 216, 240, 168, 228, 216, 288, 144, 204, 252, 216, 180, 264, 240, 228, 132, 216, 204, 132, 204, 264, 180, 264, 228, 312, 216, 240, 216, 192, 228, 192, 216, 180, 204, 168, 120, 156, 180, 72, 120, 132, 60, 0, 48, 96, 48, 120, 72, 60, 60, 36, 108, 96, 48, 36, 84, 36, 60, 48, 96, 24, 48, 24, 48, 24, 120, 60, 12, 24, 72, 24, 36, 84, 0, 36, 60, 60, 60, 72, 72, 48, 24, 60, 0, 60, 0]",44.4936129820353,11.3108762401867,4571,17301.0
2.9 2.10 8 1,"[192, 132, 120, 156, 108, 156, 120, 120, 120, 108, 120, 60, 72, 48, 132, 24, 96, 120, 60, 60, 48, 36, 72, 48, 48, 96, 24, 36, 12, 24, 12, 0, 36, 36, 36, 36, 24, 12, 12, 12, 36, 12, 12, 36, 24, 12, 24, 36, 48, 24, 12, 36, 12, 48, 24, 12, 72, 60, 24, 24, 48, 36, 72, 36, 72, 72, 36, 120, 72, 72, 96, 132, 168, 96, 276, 144, 180, 336, 228, 264, 312, 300, 240, 252, 456, 444, 636, 636, 828, 732, 828, 864, 732, 684, 744, 636, 492, 852, 744, 804, 732, 912, 768, 864, 132, 4008, 4464, 4908, 4800, 4752, 4800, 4296, 4824, 4500, 4608, 4872, 3132, 4668, 4956, 2796, 4260, 4956, 4608, 4860, 4428, 4560, 4056, 1548, 1836, 2796, 4584, 4032, 4392, 4848, 696, 3624, 1500, 4848, 3972, 2616, 2844, 4104, 4680, 4176, 4404, 4056, 4620, 4608, 4656, 900, 4800, 4752, 4200, 4548, 4908, 3528, 1764, 4848, 4308, 4812, 4620, 4512, 4656, 3396, 624, 588, 3876, 4704, 4392, 4464, 780, 840, 4764, 4692, 4440, 4800, 4596, 4788, 4668, 2796, 4596, 4644, 4776, 4620, 4860, 4344, 4824, 4632, 4380, 4908, 2184, 3456, 4680, 4656, 4680, 2232, 2184, 4548, 4524, 4716, 1824, 660, 696, 924, 792, 852, 756, 756, 708, 876, 972, 936, 936, 804, 756, 576, 1056, 780, 792, 804, 792, 816, 276, 384, 816, 792, 732, 564, 672, 900, 960, 780, 732, 744, 684, 792, 672, 732, 720, 756, 696, 732, 684, 828, 612, 480, 660, 624, 600, 636, 384, 348, 552, 396, 492, 348, 420, 312, 420, 300, 300, 360, 336, 240, 216, 312, 468, 348, 468, 348, 276, 228, 336, 288, 300, 528, 204, 372, 264, 96, 312, 300, 360, 324, 288, 372, 228, 216]",44.4953074040538,11.3198132852758,4621,4696.0
2.9 2.20 6 1,"[12, 48, 12, 12, 12, 12, 0, 0, 24, 12, 24, 0, 0, 12, 24, 0, 0, 0, 0, 0, 0, 0, 12, 12, 12, 0, 0, 0, 0, 12, 0, 0, 0, 12, 0, 0, 0, 0, 0, 0, 0, 0, 0, 12, 0, 0, 0, 0, 0, 0, 0, 0, 0, 12, 0, 0, 0, 0, 0, 0, 12, 0, 24, 12, 12, 24, 12, 0, 0, 0, 0, 12, 12, 12, 0, 12, 0, 12, 0, 12, 12, 12, 24, 24, 0, 48, 0, 36, 108, 108, 84, 132, 180, 312, 300, 288, 264, 180, 240, 168, 132, 108, 144, 192, 180, 144, 108, 144, 60, 132, 72, 72, 96, 48, 12, 72, 48, 48, 12, 72, 36, 108, 36, 60, 36, 60, 12, 36, 12, 72, 12, 24, 36, 48, 60, 108, 24, 24, 36, 72, 48, 24, 12, 84, 48, 96, 48, 96, 24, 12, 0, 24, 24, 48, 48, 48, 96, 48, 96, 108, 60, 48, 0, 36, 72, 72, 84, 48, 84, 132, 12, 60, 60, 36, 72, 60, 36, 12, 24, 72, 0, 36, 24, 72, 60, 48, 48, 84, 72, 36, 60, 24, 12, 0, 12, 48, 60, 12, 60, 60, 84, 96, 48, 36, 120, 48, 60, 72, 12, 84, 84, 24, 72, 120, 120, 96, 60, 12, 72, 72, 72, 36, 36, 48, 132, 12, 48, 48, 84, 60, 72, 60, 48, 48, 108, 108, 60, 12, 72, 48, 24, 72, 36, 48, 48, 60, 12, 48, 60, 72, 12, 48, 12, 72, 36, 60, 24, 24, 60, 24, 0, 12, 12, 12, 36, 0, 12, 24, 12, 24, 12, 24, 12, 12, 24, 36, 0, 0, 24, 12, 0, 36, 12, 36, 0, 24, 12, 48]",44.4953746950273,11.3184727885428,4678,14760.0
2.10 1.11 4 1,"[120, 108, 60, 60, 108, 108, 120, 60, 60, 96, 36, 72, 96, 24, 72, 36, 36, 48, 24, 48, 48, 24, 12, 24, 12, 48, 24, 12, 24, 36, 24, 12, 48, 36, 36, 12, 36, 12, 24, 12, 12, 24, 12, 12, 0, 24, 36, 12, 24, 12, 0, 24, 24, 12, 24, 12, 12, 12, 12, 36, 12, 24, 48, 24, 36, 24, 36, 36, 72, 96, 108, 156, 48, 72, 60, 96, 120, 156, 120, 192, 240, 120, 216, 192, 204, 156, 192, 348, 372, 276, 552, 624, 516, 504, 600, 612, 612, 576, 672, 588, 456, 408, 480, 456, 480, 576, 600, 528, 420, 372, 444, 504, 444, 480, 444, 420, 324, 408, 324, 324, 420, 444, 264, 276, 396, 360, 144, 420, 348, 408, 300, 288, 300, 324, 336, 384, 324, 396, 252, 372, 408, 360, 276, 360, 228, 348, 228, 300, 396, 348, 276, 288, 252, 444, 372, 372, 300, 336, 276, 348, 300, 336, 228, 276, 300, 288, 348, 396, 300, 240, 324, 252, 276, 324, 348, 264, 216, 264, 372, 288, 300, 348, 276, 276, 360, 348, 408, 360, 384, 312, 300, 312, 456, 300, 372, 288, 336, 312, 312, 336, 324, 420, 456, 384, 372, 324, 408, 348, 348, 312, 492, 312, 420, 324, 552, 444, 456, 312, 408, 360, 372, 360, 384, 396, 348, 372, 384, 372, 372, 348, 336, 492, 420, 444, 312, 360, 432, 360, 372, 360, 288, 444, 492, 408, 468, 336, 336, 336, 372, 324, 192, 288, 300, 252, 348, 264, 216, 180, 216, 108, 168, 192, 228, 192, 156, 192, 312, 240, 132, 276, 180, 144, 168, 156, 252, 144, 180, 204, 192, 168, 204, 204, 120, 288, 156, 240, 192, 108]",44.494620361561,11.328674717615,16678,56.0
2.10 2.6 6 1,"[216, 228, 324, 360, 216, 204, 204, 108, 108, 180, 192, 120, 132, 144, 72, 156, 120, 168, 120, 180, 120, 84, 108, 84, 96, 72, 12, 108, 60, 84, 84, 60, 48, 60, 36, 48, 48, 84, 36, 12, 12, 48, 48, 60, 36, 12, 36, 0, 36, 60, 24, 48, 24, 36, 24, 60, 36, 108, 36, 48, 72, 60, 60, 72, 60, 96, 24, 120, 168, 132, 156, 156, 216, 192, 348, 420, 384, 492, 372, 396, 408, 708, 792, 696, 948, 936, 1188, 900, 1116, 1068, 1152, 1248, 1164, 1344, 1296, 1320, 924, 1356, 1176, 1128, 1416, 804, 876, 1068, 1188, 1224, 876, 876, 984, 864, 1068, 744, 1116, 816, 756, 1080, 768, 720, 888, 1020, 756, 912, 828, 696, 924, 924, 852, 852, 1032, 1272, 948, 960, 708, 684, 1044, 828, 708, 900, 912, 768, 1188, 1284, 1308, 1248, 1272, 1380, 1116, 1104, 1332, 648, 864, 1272, 924, 840, 936, 1128, 1332, 1608, 1332, 1500, 1236, 1128, 1404, 1188, 1296, 1104, 1428, 1116, 1332, 1140, 1452, 1020, 1152, 1164, 984, 864, 1500, 1080, 1032, 1080, 1164, 1140, 1152, 840, 936, 816, 984, 1020, 840, 816, 1044, 984, 1032, 1320, 1032, 1188, 1008, 960, 1008, 1140, 1008, 1008, 888, 876, 1104, 1080, 1320, 1164, 1404, 780, 1296, 1308, 1332, 1476, 1188, 1332, 1428, 1092, 1188, 1044, 972, 876, 1320, 1248, 1068, 1644, 1428, 1008, 1212, 1020, 1080, 900, 1272, 1200, 996, 900, 1008, 1140, 1200, 1008, 1092, 1068, 1128, 1008, 828, 864, 756, 816, 672, 720, 528, 636, 564, 468, 552, 588, 360, 456, 540, 480, 588, 432, 420, 444, 288, 576, 456, 444, 516, 420, 384, 336, 432, 444, 432, 408, 480, 468, 408, 396, 564, 468, 504, 612, 480, 444, 480, 480]",44.4944770870484,11.3283224582864,16679,6028.0
2.10 2.21 6 1,"[216, 276, 144, 252, 168, 288, 156, 96, 120, 120, 132, 132, 84, 132, 72, 108, 132, 120, 108, 108, 72, 84, 48, 48, 84, 60, 96, 36, 72, 36, 48, 72, 24, 72, 48, 84, 24, 60, 84, 24, 36, 0, 12, 24, 36, 48, 48, 12, 60, 0, 24, 72, 36, 24, 60, 24, 48, 96, 48, 12, 48, 36, 12, 120, 48, 24, 48, 120, 156, 60, 84, 72, 168, 120, 180, 168, 192, 252, 216, 396, 384, 396, 408, 492, 516, 732, 576, 756, 912, 1248, 1212, 1092, 1380, 1188, 1596, 1440, 1164, 1416, 1380, 1188, 1140, 1128, 1116, 1356, 1116, 1608, 948, 1440, 1128, 1080, 1020, 1032, 1008, 948, 1080, 1308, 912, 684, 1008, 828, 744, 768, 900, 876, 900, 876, 792, 780, 876, 1044, 732, 792, 660, 780, 816, 1056, 888, 720, 792, 1044, 684, 708, 816, 648, 1068, 840, 1068, 1008, 816, 768, 792, 768, 864, 780, 984, 636, 1128, 888, 1272, 840, 864, 1116, 816, 840, 984, 948, 912, 960, 840, 1176, 1308, 852, 924, 732, 912, 780, 996, 948, 864, 888, 828, 600, 1176, 792, 648, 864, 828, 1020, 672, 1032, 984, 828, 816, 804, 1368, 948, 852, 756, 924, 840, 1008, 864, 900, 924, 948, 1128, 924, 1032, 972, 996, 900, 936, 732, 972, 852, 864, 948, 936, 1044, 708, 960, 1152, 756, 1164, 684, 708, 852, 684, 828, 876, 876, 1044, 876, 1152, 636, 948, 1080, 840, 924, 888, 648, 936, 876, 624, 1020, 672, 684, 624, 636, 588, 588, 600, 588, 408, 564, 624, 456, 420, 492, 300, 384, 312, 432, 444, 252, 408, 288, 384, 504, 444, 420, 444, 456, 264, 432, 420, 276, 432, 288, 336, 288, 396, 420, 444, 312, 396, 360, 336]",44.494907669431,11.3283987885526,16678,16693.0
2.12 2.13 8 1,"[336, 252, 204, 192, 204, 168, 192, 216, 168, 144, 240, 132, 132, 132, 120, 120, 156, 72, 120, 108, 168, 96, 96, 84, 48, 156, 204, 60, 96, 72, 96, 84, 36, 12, 36, 60, 36, 24, 144, 12, 84, 36, 60, 48, 36, 60, 12, 12, 48, 36, 60, 60, 72, 24, 60, 60, 144, 120, 72, 48, 72, 156, 168, 120, 84, 204, 192, 336, 288, 216, 264, 168, 276, 204, 264, 252, 552, 444, 636, 684, 648, 636, 744, 960, 1068, 1008, 1428, 1212, 1656, 1428, 1380, 1380, 1704, 1392, 1596, 1284, 1404, 1416, 1716, 1116, 1536, 1368, 1668, 1308, 1548, 1704, 1344, 1116, 1392, 1212, 1188, 816, 756, 960, 792, 816, 1008, 948, 912, 876, 876, 936, 1020, 744, 864, 744, 624, 732, 1020, 624, 996, 636, 816, 804, 840, 744, 900, 696, 636, 972, 816, 840, 852, 864, 684, 756, 816, 1092, 744, 840, 1152, 888, 1116, 708, 840, 768, 696, 660, 792, 780, 936, 996, 912, 756, 1044, 684, 660, 852, 756, 840, 1032, 960, 900, 936, 732, 876, 816, 840, 1116, 804, 912, 996, 1356, 1020, 1080, 768, 1068, 864, 1080, 924, 984, 936, 816, 960, 1320, 1272, 1212, 1308, 1116, 1080, 1488, 1656, 1020, 1044, 1380, 1308, 1524, 1464, 1392, 1524, 1476, 1344, 1716, 1476, 1356, 1032, 1284, 1188, 1464, 1452, 1404, 1140, 1224, 924, 1416, 708, 912, 1056, 912, 876, 960, 888, 840, 756, 960, 852, 864, 684, 780, 696, 660, 816, 612, 744, 756, 720, 636, 564, 624, 456, 504, 504, 600, 480, 408, 468, 492, 504, 468, 348, 480, 432, 384, 420, 504, 504, 504, 540, 420, 456, 432, 408, 492, 360, 420, 396, 540, 444, 444, 420, 648, 348, 336, 408, 420, 468, 372, 420]",44.5218331732732,11.2609851695321,17382,14373.0
2.12 2.23 8 1,"[24, 72, 84, 108, 24, 24, 24, 24, 36, 0, 12, 0, 24, 72, 36, 24, 24, 0, 12, 0, 24, 12, 48, 36, 0, 0, 12, 0, 24, 12, 24, 0, 0, 36, 0, 0, 0, 24, 24, 0, 0, 12, 0, 24, 0, 24, 0, 0, 0, 0, 12, 0, 72, 24, 0, 36, 48, 48, 24, 0, 72, 48, 72, 24, 120, 60, 72, 84, 108, 48, 72, 96, 84, 72, 120, 60, 180, 252, 96, 96, 228, 204, 288, 276, 228, 252, 216, 240, 300, 216, 180, 432, 396, 264, 384, 252, 420, 312, 300, 312, 444, 360, 408, 324, 576, 372, 468, 360, 480, 408, 276, 324, 384, 432, 456, 324, 372, 252, 564, 360, 444, 252, 528, 504, 456, 288, 348, 360, 588, 336, 348, 252, 336, 396, 360, 396, 312, 336, 516, 312, 276, 492, 468, 420, 228, 456, 516, 348, 384, 264, 336, 420, 360, 288, 540, 300, 384, 336, 492, 384, 324, 396, 372, 276, 456, 240, 444, 360, 504, 396, 396, 312, 324, 408, 276, 336, 408, 240, 288, 132, 276, 336, 384, 360, 228, 360, 252, 432, 288, 336, 348, 312, 336, 312, 468, 396, 408, 324, 432, 372, 396, 420, 468, 324, 348, 480, 444, 468, 480, 468, 324, 432, 420, 552, 480, 528, 552, 456, 468, 408, 636, 480, 552, 360, 384, 216, 588, 360, 396, 264, 324, 348, 324, 372, 420, 324, 528, 336, 408, 408, 240, 288, 312, 144, 204, 180, 288, 264, 264, 204, 180, 264, 156, 240, 192, 204, 84, 72, 156, 108, 156, 96, 84, 84, 72, 132, 84, 108, 108, 168, 132, 72, 48, 156, 60, 12, 60, 132, 84, 84, 12, 108, 84, 84, 48, 144, 84, 84]",44.5222492704898,11.2613891507983,8513,8517.0
2.12 2.88 4 1,"[276, 312, 216, 204, 180, 156, 108, 204, 168, 156, 204, 168, 108, 180, 48, 108, 120, 84, 120, 96, 108, 108, 120, 108, 60, 48, 144, 36, 60, 48, 36, 60, 84, 36, 24, 48, 36, 36, 120, 24, 48, 24, 36, 36, 36, 36, 24, 48, 48, 24, 72, 36, 60, 36, 132, 108, 168, 120, 72, 24, 96, 84, 228, 156, 204, 192, 252, 360, 336, 156, 276, 228, 204, 204, 288, 228, 636, 672, 432, 588, 552, 504, 888, 744, 960, 936, 1164, 1128, 1152, 1260, 1080, 1116, 1416, 1248, 1260, 1320, 1128, 1284, 1440, 1164, 1080, 1428, 1368, 1236, 1368, 1368, 1344, 1044, 1212, 984, 864, 984, 744, 888, 720, 876, 804, 936, 984, 828, 732, 756, 852, 744, 792, 840, 792, 828, 852, 672, 792, 708, 912, 588, 768, 960, 840, 660, 696, 768, 756, 912, 792, 756, 720, 732, 672, 1068, 636, 948, 876, 864, 708, 708, 864, 696, 576, 600, 804, 828, 756, 804, 708, 696, 852, 684, 708, 804, 876, 744, 900, 1044, 864, 876, 732, 828, 636, 864, 1104, 696, 876, 852, 1080, 948, 948, 756, 912, 684, 1008, 912, 984, 972, 768, 1008, 1284, 984, 1176, 1212, 972, 984, 1332, 1368, 1080, 828, 960, 1104, 1308, 1248, 972, 1176, 1248, 1080, 1248, 1044, 1212, 1032, 828, 1008, 1140, 1176, 1188, 984, 912, 936, 996, 684, 1044, 864, 732, 804, 852, 708, 684, 672, 948, 732, 576, 696, 756, 660, 576, 564, 516, 468, 432, 732, 456, 456, 504, 324, 492, 444, 600, 372, 360, 408, 480, 312, 360, 408, 468, 324, 324, 396, 396, 408, 432, 600, 360, 492, 300, 324, 456, 360, 276, 372, 384, 360, 288, 396, 444, 360, 312, 396, 240, 396, 264, 432]",,,,
2.13 2.12 4 1,"[228, 252, 168, 144, 228, 156, 144, 168, 84, 228, 216, 108, 216, 120, 84, 120, 72, 84, 156, 60, 72, 36, 72, 144, 120, 120, 36, 60, 60, 48, 72, 36, 24, 24, 24, 12, 60, 72, 24, 72, 48, 72, 72, 12, 96, 36, 60, 36, 36, 48, 12, 24, 48, 84, 36, 0, 84, 144, 72, 36, 108, 156, 168, 240, 192, 168, 192, 180, 288, 228, 288, 192, 108, 240, 252, 204, 144, 360, 348, 372, 432, 456, 252, 444, 576, 660, 708, 840, 840, 828, 1164, 1068, 1488, 1188, 1044, 1164, 804, 1140, 900, 1140, 1008, 1032, 1068, 936, 996, 864, 912, 948, 876, 888, 756, 876, 792, 924, 684, 792, 612, 660, 684, 792, 828, 828, 624, 672, 852, 768, 864, 876, 672, 924, 852, 780, 588, 780, 756, 720, 888, 768, 924, 816, 840, 672, 720, 720, 840, 888, 816, 828, 696, 684, 804, 768, 1008, 660, 828, 708, 744, 768, 648, 756, 708, 708, 744, 564, 780, 744, 924, 672, 588, 732, 804, 852, 912, 936, 780, 708, 888, 804, 936, 768, 804, 864, 876, 792, 972, 840, 828, 900, 720, 744, 732, 780, 720, 708, 1140, 828, 912, 900, 960, 900, 1128, 1008, 900, 984, 1020, 1188, 1176, 1260, 1116, 1008, 900, 948, 1080, 996, 972, 852, 912, 1176, 948, 1128, 828, 696, 780, 768, 804, 936, 852, 840, 768, 840, 552, 972, 708, 732, 540, 672, 612, 708, 660, 684, 564, 696, 600, 804, 552, 540, 480, 372, 672, 396, 276, 444, 420, 360, 348, 396, 420, 336, 348, 264, 300, 420, 336, 372, 372, 408, 492, 432, 420, 336, 216, 276, 384, 456, 432, 324, 396, 432, 336, 420, 384, 288, 396, 300, 336, 432, 348, 288]",44.5146714553018,11.2673007409733,14373,17382.0
2.13 2.24 6 1,"[120, 36, 96, 144, 72, 84, 60, 60, 84, 48, 60, 96, 60, 36, 48, 36, 24, 60, 72, 60, 60, 60, 48, 60, 36, 0, 72, 36, 36, 24, 12, 12, 36, 24, 12, 24, 12, 36, 60, 36, 12, 12, 24, 0, 24, 0, 12, 24, 24, 60, 24, 36, 96, 72, 12, 48, 60, 24, 72, 24, 48, 48, 84, 72, 132, 120, 288, 204, 408, 336, 288, 204, 144, 72, 240, 132, 108, 156, 252, 300, 468, 348, 420, 636, 576, 588, 816, 936, 984, 1020, 1044, 1008, 1080, 1200, 924, 888, 960, 960, 660, 888, 552, 972, 960, 780, 840, 732, 720, 696, 600, 732, 540, 768, 444, 540, 492, 528, 576, 480, 444, 348, 648, 624, 468, 516, 492, 504, 408, 444, 420, 492, 432, 552, 444, 576, 468, 504, 468, 444, 396, 456, 672, 504, 600, 648, 612, 564, 516, 600, 492, 516, 636, 576, 528, 540, 552, 528, 576, 576, 648, 660, 408, 504, 528, 540, 660, 504, 480, 444, 624, 660, 504, 600, 684, 708, 552, 516, 564, 420, 540, 540, 384, 684, 624, 528, 504, 576, 324, 600, 480, 432, 432, 660, 420, 648, 648, 648, 588, 588, 576, 468, 816, 744, 696, 660, 600, 516, 612, 540, 720, 588, 624, 768, 528, 564, 516, 636, 444, 612, 624, 708, 636, 552, 624, 552, 540, 624, 456, 540, 540, 516, 564, 660, 480, 552, 516, 468, 384, 456, 396, 348, 444, 396, 360, 444, 288, 336, 480, 312, 348, 228, 324, 252, 228, 240, 240, 240, 180, 288, 360, 216, 288, 204, 216, 192, 216, 216, 336, 204, 228, 180, 120, 180, 96, 156, 180, 156, 132, 120, 156, 180, 180, 168, 156, 108, 204, 168, 144, 204]",44.5146757952859,11.2681017656442,17400,14365.0
2.14 2.15 8 1,"[444, 456, 324, 324, 312, 312, 264, 240, 276, 216, 300, 240, 132, 192, 204, 204, 300, 240, 204, 96, 144, 144, 132, 84, 120, 96, 276, 96, 108, 36, 72, 72, 36, 72, 72, 48, 48, 36, 96, 36, 84, 24, 84, 36, 24, 96, 36, 24, 36, 72, 84, 24, 36, 72, 24, 120, 132, 84, 108, 60, 120, 132, 156, 204, 192, 156, 240, 264, 348, 252, 324, 168, 300, 288, 504, 348, 744, 612, 672, 816, 852, 912, 816, 984, 972, 1428, 1296, 1236, 1992, 1656, 1608, 1824, 1632, 1620, 1584, 1440, 1596, 1452, 1320, 1332, 1128, 1512, 1656, 1692, 1536, 1524, 1680, 1608, 1296, 1452, 444, 1152, 1272, 1308, 1548, 1200, 1140, 1224, 1308, 1092, 1320, 1164, 1080, 1200, 1152, 1332, 1572, 1308, 1260, 1176, 1140, 1440, 1128, 1128, 1248, 1032, 996, 1140, 1296, 1020, 1392, 1608, 1212, 1092, 1392, 1380, 1140, 1332, 1440, 1416, 1464, 1332, 1572, 1416, 1476, 1200, 1452, 1476, 1272, 1068, 1152, 1380, 1284, 1164, 1464, 1404, 1176, 1092, 1344, 1152, 1404, 912, 1344, 1308, 900, 1320, 1320, 1152, 1404, 1416, 1056, 1332, 1164, 1332, 1188, 1548, 1248, 1260, 1260, 1236, 1368, 1236, 1140, 1428, 1512, 1548, 1560, 1812, 1596, 1596, 1680, 2124, 1596, 1428, 1620, 1788, 1932, 2064, 2172, 2172, 1824, 1812, 1488, 2028, 1788, 1752, 1440, 1884, 1884, 1896, 2052, 1980, 1776, 1680, 1728, 1896, 1704, 1332, 1416, 1512, 1440, 1740, 1296, 1296, 1356, 1404, 1344, 756, 1080, 1488, 1332, 1176, 1104, 936, 1512, 972, 1164, 1044, 1032, 876, 804, 732, 876, 792, 624, 780, 636, 648, 672, 744, 828, 696, 540, 612, 468, 564, 540, 588, 600, 636, 648, 768, 480, 588, 492, 552, 624, 636, 708, 516, 444, 612, 408, 492, 612, 564, 516, 588]",44.5068736035456,11.283998102104,17138,16954.0
2.14 2.93 2 1,"[108, 96, 120, 84, 72, 60, 72, 72, 60, 24, 96, 48, 48, 12, 0, 24, 24, 48, 36, 60, 24, 60, 36, 48, 12, 36, 0, 36, 0, 36, 24, 12, 12, 0, 24, 12, 0, 0, 36, 0, 0, 36, 0, 0, 12, 0, 24, 12, 12, 36, 48, 0, 60, 36, 84, 48, 36, 0, 0, 48, 24, 60, 24, 36, 96, 72, 72, 120, 204, 96, 72, 108, 36, 96, 120, 84, 84, 120, 108, 132, 120, 108, 240, 144, 108, 156, 240, 228, 408, 312, 492, 504, 564, 780, 504, 528, 480, 336, 528, 636, 576, 576, 588, 444, 468, 456, 576, 444, 360, 456, 348, 276, 384, 432, 480, 348, 444, 372, 312, 372, 300, 312, 300, 360, 336, 612, 228, 384, 480, 312, 336, 300, 528, 420, 480, 420, 360, 408, 516, 360, 348, 300, 408, 528, 552, 396, 396, 564, 384, 408, 504, 540, 660, 420, 492, 396, 348, 468, 408, 312, 528, 528, 396, 372, 564, 396, 516, 408, 348, 516, 408, 600, 576, 324, 324, 372, 360, 408, 372, 348, 420, 468, 312, 372, 312, 252, 444, 348, 456, 648, 396, 588, 600, 516, 636, 600, 576, 552, 624, 384, 432, 612, 756, 480, 516, 720, 576, 612, 588, 588, 588, 720, 576, 624, 480, 540, 528, 576, 528, 636, 636, 624, 600, 600, 612, 708, 528, 492, 480, 528, 456, 720, 516, 336, 504, 504, 504, 468, 324, 540, 420, 408, 276, 396, 240, 372, 384, 360, 180, 216, 156, 312, 120, 228, 192, 144, 180, 252, 192, 264, 144, 204, 144, 156, 120, 156, 264, 96, 84, 228, 108, 72, 96, 144, 192, 204, 132, 60, 144, 120, 120, 132, 72, 120, 84, 108, 180, 180]",44.5051122455856,11.2814044901873,14610,13850.0
2.15 2.14 4 1,"[276, 360, 432, 372, 252, 384, 264, 324, 360, 360, 288, 264, 300, 264, 192, 180, 192, 132, 336, 120, 72, 156, 84, 276, 180, 120, 120, 96, 108, 120, 120, 72, 120, 60, 48, 36, 72, 72, 108, 120, 96, 48, 132, 72, 120, 96, 72, 120, 72, 144, 168, 120, 192, 192, 192, 168, 276, 264, 192, 96, 288, 252, 324, 348, 396, 408, 384, 480, 588, 432, 432, 240, 444, 480, 624, 588, 660, 636, 684, 876, 840, 936, 972, 912, 948, 1224, 1836, 1632, 1992, 1956, 2016, 2448, 2220, 2184, 1980, 2328, 2220, 1896, 1920, 1956, 1500, 1944, 2100, 1944, 1800, 1716, 1452, 2040, 1620, 1512, 1764, 1308, 1800, 1560, 1536, 1632, 1620, 1584, 1608, 1776, 1512, 1440, 1680, 1416, 1632, 1560, 1548, 1368, 1452, 1548, 1368, 1464, 1308, 1644, 1560, 1620, 1464, 1608, 1656, 1620, 1788, 1536, 1740, 1848, 1464, 1596, 1620, 1392, 1884, 1380, 1644, 1704, 1896, 1560, 1200, 1668, 1608, 1836, 1860, 1752, 1944, 1584, 1632, 1356, 1644, 1584, 1476, 1308, 1764, 1896, 2580, 2184, 1980, 1764, 1728, 1560, 1620, 1416, 1716, 1884, 1308, 1488, 1596, 1464, 1656, 1560, 1428, 1392, 1632, 1572, 1800, 1692, 1716, 1956, 1764, 1716, 1608, 1656, 1572, 2148, 1752, 1764, 1980, 1692, 1572, 2064, 1824, 1764, 1896, 1680, 1596, 1836, 1608, 1560, 1440, 1848, 2040, 1716, 1776, 1596, 1584, 1836, 1632, 1548, 1692, 1716, 1464, 1656, 1560, 1644, 1788, 1620, 1404, 1416, 1404, 1596, 1356, 1812, 1476, 1140, 876, 1476, 1116, 984, 1476, 1176, 1332, 1044, 984, 864, 816, 924, 720, 816, 840, 732, 780, 660, 804, 684, 636, 612, 564, 624, 516, 696, 852, 564, 456, 372, 612, 588, 612, 696, 648, 468, 684, 588, 492, 504, 396, 564, 696, 588, 816, 672, 600, 612]",44.5048423150026,11.291194838379,16955,8622.0
2.15 2.16 8 1,"[252, 216, 144, 204, 144, 252, 192, 156, 192, 192, 132, 264, 156, 120, 108, 108, 168, 132, 132, 72, 132, 132, 96, 84, 72, 36, 144, 84, 72, 60, 24, 60, 36, 24, 12, 36, 48, 0, 84, 24, 24, 24, 36, 24, 12, 60, 24, 36, 12, 60, 12, 24, 12, 48, 48, 48, 60, 72, 72, 36, 84, 72, 96, 132, 144, 84, 180, 168, 264, 204, 120, 144, 252, 192, 288, 324, 456, 492, 492, 564, 516, 744, 564, 924, 840, 996, 1176, 1212, 1152, 1176, 1560, 960, 1320, 1128, 984, 1008, 1344, 1080, 1020, 1116, 660, 1560, 1068, 1380, 1092, 1308, 1104, 1236, 1068, 1056, 1032, 696, 876, 816, 936, 888, 708, 720, 768, 1032, 648, 972, 756, 732, 900, 840, 1200, 864, 780, 684, 696, 1044, 540, 804, 720, 828, 672, 576, 684, 792, 924, 984, 792, 888, 708, 888, 756, 804, 996, 816, 936, 1032, 1044, 768, 912, 780, 912, 816, 708, 600, 684, 732, 1116, 732, 828, 876, 744, 624, 744, 912, 708, 972, 996, 720, 876, 768, 720, 828, 720, 708, 780, 660, 948, 792, 900, 924, 780, 684, 996, 780, 864, 792, 876, 864, 708, 1116, 996, 1080, 1068, 1020, 1200, 1260, 1236, 936, 1116, 1176, 1128, 1476, 1260, 1572, 1380, 984, 1248, 1440, 1320, 1176, 1368, 936, 1200, 1020, 1164, 1284, 1032, 1368, 1200, 1260, 1164, 708, 924, 972, 948, 828, 1020, 924, 768, 828, 1176, 840, 672, 672, 840, 780, 828, 516, 1068, 552, 732, 564, 624, 528, 576, 444, 564, 432, 432, 456, 432, 372, 372, 408, 372, 372, 312, 564, 264, 312, 288, 288, 396, 360, 372, 408, 300, 348, 396, 264, 468, 312, 384, 348, 372, 360, 312, 228, 444, 264, 300, 372]",44.5044469968978,11.2920615927037,8622,15510.0
2.16 2.15 4 1,"[288, 372, 468, 468, 276, 588, 264, 456, 312, 348, 444, 300, 336, 288, 240, 204, 180, 288, 252, 156, 84, 156, 168, 192, 192, 108, 132, 108, 120, 168, 132, 96, 96, 48, 48, 12, 72, 24, 144, 132, 60, 96, 72, 72, 96, 84, 96, 132, 108, 132, 180, 108, 144, 192, 180, 144, 276, 300, 144, 144, 324, 132, 216, 384, 276, 384, 348, 396, 456, 348, 384, 288, 384, 468, 468, 492, 420, 828, 648, 828, 780, 1008, 780, 1092, 1236, 1548, 1524, 1572, 1620, 1956, 2112, 2064, 1872, 1680, 2148, 1668, 1956, 1584, 1848, 1740, 1368, 1512, 2208, 2196, 1956, 1332, 1284, 1968, 1404, 1440, 1272, 1596, 1488, 1212, 1452, 1284, 1836, 1404, 1128, 1812, 1272, 1200, 1464, 1632, 1344, 1356, 1536, 1380, 1464, 1344, 1344, 1524, 1344, 1176, 1488, 1344, 1752, 1404, 1536, 1500, 1560, 1860, 1428, 1800, 1332, 1368, 1392, 1632, 1500, 1308, 1596, 1476, 2064, 1452, 1140, 1500, 1524, 1572, 1896, 1464, 1812, 1608, 1500, 1536, 1464, 1524, 1464, 1308, 1464, 1548, 2004, 1980, 1500, 1968, 1464, 1620, 1608, 1548, 1356, 1800, 1176, 1440, 1536, 1620, 1464, 1524, 1380, 1344, 1572, 1560, 1728, 1620, 1632, 1704, 1860, 2064, 1332, 1692, 1332, 1704, 1764, 1668, 1932, 1584, 1668, 1452, 1908, 1752, 1680, 1920, 1476, 1548, 1416, 1788, 1596, 1632, 1848, 1740, 1464, 1464, 1656, 1716, 1188, 1608, 1572, 1716, 1500, 1788, 1524, 1236, 1992, 1320, 1524, 1332, 1056, 1692, 1368, 1812, 1320, 1200, 1152, 1200, 1632, 1464, 1344, 912, 1476, 852, 864, 996, 840, 852, 792, 948, 708, 648, 180, 132, 588, 660, 564, 444, 624, 528, 480, 804, 660, 660, 540, 480, 636, 528, 660, 672, 576, 444, 696, 624, 600, 540, 444, 696, 672, 636, 816, 684, 492, 576]",44.5038289497254,11.2945744565649,15510,8622.0
2.16 2.17 8 1,"[252, 204, 144, 204, 120, 240, 180, 144, 204, 180, 108, 252, 144, 120, 96, 108, 144, 144, 132, 72, 132, 108, 108, 120, 84, 36, 144, 84, 60, 48, 24, 60, 36, 24, 12, 36, 48, 0, 72, 36, 36, 24, 60, 24, 12, 60, 36, 36, 12, 60, 12, 24, 12, 60, 36, 48, 60, 60, 84, 36, 72, 96, 96, 144, 144, 84, 216, 168, 264, 192, 120, 132, 240, 192, 264, 288, 336, 600, 480, 564, 516, 756, 552, 840, 744, 768, 864, 960, 1188, 1200, 1452, 900, 1284, 1116, 984, 924, 1140, 1188, 948, 1092, 684, 1056, 1440, 1308, 1164, 1104, 1056, 1344, 1020, 984, 780, 840, 816, 852, 840, 756, 804, 708, 636, 1164, 648, 816, 756, 744, 888, 660, 1152, 816, 900, 696, 672, 948, 540, 792, 624, 672, 864, 480, 804, 756, 732, 1032, 852, 900, 720, 888, 768, 828, 936, 804, 1044, 888, 1056, 840, 816, 840, 840, 768, 744, 588, 660, 744, 936, 780, 816, 840, 744, 600, 672, 852, 780, 960, 648, 996, 816, 780, 696, 744, 720, 696, 780, 648, 936, 732, 864, 924, 648, 528, 900, 768, 876, 744, 828, 624, 876, 1068, 1032, 1008, 1032, 960, 1128, 1224, 1296, 840, 1044, 924, 1248, 1452, 1200, 1536, 1284, 876, 1020, 1620, 1296, 1164, 1056, 1128, 1212, 936, 1200, 1236, 1032, 1380, 864, 1212, 1080, 1032, 864, 864, 996, 804, 960, 924, 804, 828, 1152, 792, 672, 696, 792, 660, 864, 516, 984, 648, 648, 600, 588, 540, 576, 480, 516, 456, 456, 456, 444, 384, 324, 444, 372, 372, 300, 516, 252, 312, 300, 276, 408, 372, 360, 420, 324, 336, 372, 264, 528, 312, 372, 288, 336, 384, 312, 240, 444, 276, 324, 384]",44.5037444586188,11.2945328159565,8622,15510.0
2.17 2.16 4 1,"[228, 276, 396, 384, 240, 516, 180, 372, 324, 312, 360, 228, 300, 252, 216, 156, 168, 216, 204, 120, 72, 144, 144, 144, 168, 108, 120, 96, 96, 144, 144, 60, 84, 60, 36, 12, 72, 24, 144, 132, 108, 96, 96, 60, 108, 96, 72, 120, 84, 120, 168, 60, 120, 180, 204, 156, 180, 264, 108, 108, 264, 156, 240, 288, 228, 348, 300, 384, 492, 348, 372, 228, 324, 408, 372, 444, 468, 600, 636, 708, 708, 720, 660, 924, 1092, 1392, 1332, 1440, 1596, 1572, 1896, 1872, 1584, 1884, 1716, 1752, 1680, 1224, 1656, 1416, 1272, 1548, 2004, 1644, 1704, 1416, 1500, 1584, 1344, 948, 1296, 1284, 1344, 1368, 1344, 1248, 1596, 1284, 1320, 1392, 1176, 1200, 1560, 1332, 1188, 1356, 1236, 1284, 1464, 1236, 1164, 1320, 1236, 1104, 1272, 1416, 1308, 1452, 1308, 1272, 1608, 1464, 648, 1368, 1116, 1188, 1092, 1404, 1416, 1356, 1488, 1320, 1656, 1176, 972, 1512, 1344, 1680, 1464, 1344, 1812, 1464, 1332, 1464, 1272, 1380, 1416, 1200, 600, 1596, 1944, 1512, 1536, 1656, 1332, 1476, 1536, 1392, 1524, 1536, 996, 1368, 1308, 1692, 1224, 1464, 1080, 1296, 1332, 1548, 1596, 1416, 1428, 1788, 1356, 1260, 1260, 1176, 1404, 1596, 1740, 1356, 1716, 1488, 1416, 1668, 1644, 1260, 1536, 1668, 1356, 1572, 1572, 1440, 1332, 1512, 1716, 1632, 1368, 1404, 1392, 1776, 1200, 1284, 1524, 1524, 1392, 1380, 1308, 1248, 1608, 1332, 1296, 1164, 984, 1296, 1080, 1644, 1080, 828, 1164, 1152, 1200, 1200, 1236, 948, 1344, 828, 720, 864, 672, 804, 744, 780, 600, 552, 648, 648, 552, 552, 504, 444, 600, 252, 312, 756, 624, 360, 456, 420, 552, 432, 576, 552, 540, 444, 564, 324, 504, 324, 312, 540, 612, 564, 696, 648, 444, 492]",44.502958582053,11.297482889837,15510,8622.0
2.17 2.22 2 1,"[72, 24, 48, 36, 72, 24, 36, 48, 24, 12, 36, 24, 36, 24, 12, 24, 36, 24, 24, 24, 36, 48, 0, 0, 12, 48, 12, 24, 0, 0, 0, 12, 0, 24, 0, 24, 12, 0, 0, 0, 12, 0, 0, 0, 12, 0, 0, 0, 12, 12, 12, 0, 0, 12, 0, 12, 0, 0, 24, 84, 24, 12, 0, 24, 36, 12, 72, 36, 24, 48, 84, 24, 48, 24, 36, 48, 48, 72, 84, 72, 72, 108, 96, 96, 108, 108, 96, 192, 72, 132, 144, 216, 252, 216, 216, 156, 192, 204, 156, 204, 156, 228, 192, 276, 324, 264, 276, 300, 324, 312, 264, 288, 240, 192, 132, 180, 192, 288, 252, 240, 192, 288, 312, 324, 204, 264, 348, 276, 228, 228, 240, 228, 240, 204, 264, 240, 228, 240, 288, 252, 288, 300, 168, 168, 312, 324, 180, 252, 288, 300, 312, 216, 180, 240, 180, 240, 216, 168, 240, 264, 252, 216, 156, 156, 144, 264, 264, 228, 132, 276, 204, 288, 276, 180, 192, 156, 312, 192, 288, 216, 300, 252, 288, 168, 276, 144, 192, 264, 336, 300, 252, 288, 276, 192, 360, 288, 480, 300, 288, 204, 312, 492, 420, 276, 264, 312, 324, 252, 252, 336, 324, 216, 336, 492, 312, 336, 264, 384, 228, 384, 72, 288, 336, 300, 372, 264, 300, 276, 252, 312, 312, 240, 204, 360, 216, 300, 216, 168, 240, 276, 264, 132, 228, 180, 216, 264, 120, 120, 144, 168, 144, 144, 144, 84, 108, 132, 108, 96, 144, 72, 96, 48, 60, 120, 36, 108, 96, 84, 36, 36, 48, 36, 60, 48, 60, 60, 48, 84, 120, 60, 132, 48, 48, 72, 60, 48, 72, 72]",44.49994846615585,11.295852652517093,14686,4502.0
2.17 2.29 6 1,"[144, 120, 84, 120, 48, 132, 120, 84, 84, 72, 60, 60, 72, 36, 24, 24, 24, 60, 48, 12, 12, 24, 24, 36, 24, 12, 24, 36, 36, 0, 12, 24, 0, 24, 36, 0, 12, 12, 12, 36, 0, 12, 0, 36, 0, 0, 0, 12, 0, 12, 0, 0, 36, 12, 0, 36, 12, 12, 24, 12, 36, 36, 24, 24, 60, 24, 72, 144, 120, 120, 108, 60, 72, 96, 72, 120, 264, 216, 252, 288, 276, 396, 444, 288, 432, 420, 360, 348, 624, 672, 420, 480, 684, 852, 828, 720, 720, 948, 888, 828, 840, 972, 888, 1140, 924, 828, 852, 912, 672, 600, 720, 588, 624, 528, 780, 696, 600, 540, 564, 624, 636, 588, 708, 396, 456, 396, 588, 528, 396, 612, 432, 528, 432, 576, 444, 540, 468, 408, 552, 528, 468, 432, 684, 648, 540, 624, 552, 540, 468, 444, 468, 672, 648, 708, 480, 660, 408, 564, 660, 516, 528, 588, 600, 408, 612, 552, 552, 480, 348, 708, 540, 600, 660, 504, 468, 372, 492, 432, 480, 504, 456, 564, 504, 564, 444, 492, 468, 588, 516, 552, 528, 468, 480, 696, 612, 648, 888, 840, 600, 708, 708, 612, 840, 780, 876, 684, 720, 756, 912, 852, 804, 900, 768, 732, 996, 732, 912, 708, 660, 804, 816, 684, 744, 804, 780, 732, 612, 768, 540, 636, 792, 660, 648, 744, 552, 588, 648, 588, 552, 504, 468, 552, 540, 420, 672, 372, 348, 324, 396, 372, 300, 336, 384, 264, 192, 336, 168, 252, 192, 192, 132, 228, 228, 216, 192, 180, 180, 156, 144, 228, 240, 324, 192, 216, 180, 156, 216, 144, 132, 180, 144, 264, 180, 84, 120, 180, 180, 156]",44.5029148646223,11.2986623739428,15510,8653.0
2.17 2.29 6 2,"[36, 48, 24, 36, 12, 84, 12, 48, 60, 0, 12, 24, 36, 24, 0, 24, 0, 36, 12, 0, 36, 0, 0, 0, 12, 12, 0, 36, 24, 0, 0, 24, 0, 36, 12, 12, 0, 0, 12, 60, 0, 12, 0, 12, 12, 0, 0, 0, 0, 0, 0, 0, 24, 12, 12, 24, 0, 12, 24, 24, 24, 12, 36, 0, 60, 24, 36, 60, 60, 36, 84, 12, 60, 60, 36, 180, 84, 96, 192, 168, 168, 192, 180, 120, 96, 264, 60, 288, 240, 324, 444, 516, 564, 504, 624, 540, 504, 492, 588, 396, 684, 540, 552, 600, 636, 504, 408, 492, 528, 336, 432, 372, 372, 252, 288, 384, 324, 492, 300, 444, 312, 384, 360, 408, 360, 360, 252, 312, 300, 300, 312, 216, 240, 300, 372, 348, 228, 276, 240, 336, 444, 312, 384, 324, 300, 396, 276, 216, 384, 348, 312, 372, 312, 24, 420, 432, 312, 228, 360, 348, 216, 228, 348, 264, 348, 360, 300, 300, 324, 276, 360, 252, 300, 372, 276, 204, 312, 348, 336, 432, 324, 348, 372, 372, 348, 300, 420, 348, 312, 276, 468, 312, 480, 360, 420, 300, 276, 360, 384, 408, 504, 600, 348, 516, 600, 504, 384, 612, 552, 540, 492, 588, 372, 360, 552, 456, 540, 540, 384, 552, 360, 480, 492, 432, 300, 456, 240, 384, 360, 444, 312, 240, 408, 384, 336, 264, 384, 372, 348, 348, 228, 336, 324, 336, 312, 204, 240, 264, 168, 192, 156, 204, 108, 96, 132, 108, 108, 120, 120, 108, 84, 84, 156, 108, 60, 144, 48, 60, 144, 60, 96, 168, 156, 60, 84, 60, 84, 60, 84, 72, 108, 72, 120, 36, 12, 72, 48, 24]",44.5069537535314,11.3038141810171,8660,8803.0
2.18 0.127 4 1,"[144, 192, 204, 228, 120, 312, 132, 120, 156, 180, 204, 84, 132, 144, 96, 108, 48, 108, 120, 96, 60, 60, 96, 84, 24, 24, 72, 24, 84, 36, 24, 12, 12, 36, 12, 0, 24, 0, 24, 36, 0, 36, 24, 72, 24, 36, 48, 24, 36, 72, 60, 24, 48, 48, 48, 84, 84, 60, 24, 72, 84, 72, 108, 168, 120, 144, 156, 204, 120, 144, 156, 108, 204, 180, 168, 168, 240, 288, 372, 264, 336, 444, 396, 372, 576, 816, 1068, 876, 960, 1212, 1404, 1476, 1512, 1248, 1524, 1872, 1764, 1536, 1392, 1500, 1416, 1584, 1428, 1368, 1128, 1260, 1116, 1140, 924, 840, 708, 948, 1032, 840, 600, 1020, 732, 768, 1032, 624, 936, 924, 636, 840, 828, 708, 840, 732, 720, 768, 744, 888, 816, 600, 708, 1104, 696, 924, 864, 648, 1116, 792, 792, 900, 708, 1008, 852, 1020, 1044, 792, 888, 828, 1056, 864, 756, 660, 936, 1116, 804, 1368, 936, 1044, 924, 1020, 1068, 780, 948, 1056, 768, 1296, 1080, 696, 936, 792, 804, 924, 924, 816, 984, 1128, 840, 744, 1044, 1116, 792, 900, 972, 780, 828, 984, 1020, 816, 840, 1608, 1056, 1224, 1176, 1128, 1044, 1224, 1392, 1308, 1032, 972, 1224, 900, 1296, 840, 756, 996, 1332, 1092, 1128, 1152, 1008, 1188, 984, 1032, 1116, 804, 1260, 852, 864, 1284, 948, 1248, 1092, 1032, 900, 1080, 1200, 900, 972, 960, 780, 1020, 996, 828, 936, 780, 672, 660, 912, 636, 708, 768, 744, 528, 468, 576, 516, 528, 492, 516, 552, 336, 444, 300, 360, 252, 240, 324, 312, 168, 228, 564, 432, 228, 336, 240, 276, 288, 168, 420, 312, 264, 384, 240, 300, 276, 252, 420, 288, 300, 600, 276, 240, 492]",44.4991747026869,11.3087294098062,4568,8763.0
2.18 2.19 8 1,"[252, 312, 396, 120, 456, 228, 288, 144, 240, 204, 204, 108, 252, 84, 192, 108, 216, 264, 132, 72, 180, 156, 144, 120, 36, 48, 60, 84, 108, 36, 48, 36, 48, 48, 36, 0, 36, 60, 48, 72, 24, 36, 60, 72, 24, 84, 48, 36, 24, 60, 120, 60, 36, 60, 36, 48, 84, 120, 144, 96, 120, 168, 216, 120, 276, 156, 276, 324, 336, 396, 324, 372, 384, 396, 636, 660, 480, 648, 744, 696, 912, 900, 768, 828, 1272, 1440, 2040, 1776, 2076, 2448, 2592, 2328, 1836, 2124, 1920, 2088, 2196, 2004, 1452, 1680, 1908, 2016, 2112, 1968, 1692, 1812, 2040, 1752, 1380, 1992, 2160, 1716, 1404, 1296, 1428, 1680, 1140, 1752, 1836, 1452, 1356, 1872, 1188, 1440, 1860, 1584, 1392, 1824, 1464, 1800, 1452, 1284, 1644, 1572, 1320, 1464, 1680, 1236, 1800, 1440, 1392, 1716, 1140, 1812, 1284, 1404, 1788, 1332, 1584, 1488, 1524, 1656, 1632, 1776, 1776, 1488, 1572, 1788, 1776, 1452, 1404, 1356, 1860, 1188, 1740, 1776, 1752, 1572, 1548, 1380, 1908, 1668, 1476, 1992, 1752, 1308, 1788, 1404, 1584, 1764, 1356, 1416, 1524, 2028, 1728, 1524, 2220, 1512, 1452, 1692, 2136, 1680, 1404, 2040, 1800, 1584, 2040, 2256, 1560, 1764, 2316, 2148, 1548, 2016, 1956, 1764, 2184, 2256, 1944, 1992, 2256, 2424, 2352, 2376, 1764, 2100, 2160, 1956, 2112, 2136, 2124, 2520, 1800, 2076, 2184, 2256, 2568, 2100, 1656, 1560, 1944, 1572, 1740, 2376, 1728, 1368, 2172, 1920, 1860, 1932, 1788, 1284, 1884, 1440, 1536, 1488, 1368, 1500, 1116, 828, 1104, 1020, 1092, 1020, 1008, 1068, 564, 1068, 660, 768, 1068, 612, 624, 588, 900, 732, 720, 540, 948, 600, 900, 792, 564, 564, 600, 564, 780, 684, 780, 528, 720, 552, 768, 612, 876, 468, 540, 600]",44.4985943485971,11.3103750297562,4568,16850.0
2.18 2.82 6 1,"[24, 0, 0, 0, 48, 0, 12, 0, 24, 0, 0, 0, 0, 0, 0, 0, 0, 0, 0, 0, 0, 0, 0, 0, 12, 0, 12, 0, 12, 12, 12, 12, 0, 0, 0, 0, 0, 12, 0, 0, 0, 0, 0, 0, 0, 0, 0, 12, 0, 0, 0, 12, 12, 12, 0, 0, 0, 0, 12, 0, 12, 0, 12, 24, 0, 0, 0, 24, 36, 36, 0, 12, 24, 12, 0, 60, 24, 36, 24, 36, 36, 12, 24, 60, 84, 24, 24, 96, 36, 36, 48, 72, 84, 48, 24, 84, 108, 96, 120, 48, 132, 120, 132, 120, 84, 108, 132, 24, 120, 108, 132, 108, 108, 120, 180, 120, 84, 108, 60, 108, 96, 96, 60, 120, 84, 96, 192, 156, 108, 156, 120, 60, 144, 60, 108, 96, 204, 120, 132, 168, 72, 72, 132, 84, 156, 108, 96, 156, 96, 72, 72, 120, 96, 96, 132, 48, 72, 132, 156, 108, 96, 24, 132, 84, 84, 156, 120, 60, 84, 108, 156, 72, 132, 108, 120, 12, 144, 120, 96, 120, 156, 72, 72, 60, 72, 96, 96, 84, 180, 84, 144, 108, 60, 156, 84, 192, 168, 132, 228, 168, 192, 168, 96, 36, 108, 156, 120, 84, 120, 108, 72, 108, 84, 144, 108, 168, 84, 120, 120, 96, 48, 60, 204, 84, 108, 108, 72, 132, 60, 108, 84, 108, 108, 96, 120, 180, 120, 84, 84, 96, 96, 72, 108, 96, 60, 24, 120, 48, 120, 72, 96, 72, 48, 60, 36, 12, 48, 48, 60, 24, 24, 60, 36, 24, 36, 36, 48, 12, 12, 48, 12, 36, 12, 24, 12, 36, 36, 24, 12, 48, 36, 12, 24, 36, 12, 0, 12, 36]",44.499278975506,11.3101650805774,4568,8778.0
2.19 0.127 2 1,"[36, 60, 120, 96, 60, 96, 84, 120, 24, 24, 84, 60, 36, 36, 48, 24, 48, 132, 60, 24, 48, 84, 48, 48, 48, 12, 24, 36, 0, 12, 12, 12, 12, 24, 0, 0, 0, 0, 0, 0, 0, -1, -1, -1, 12, 12, 24, 24, 24, 24, 12, 0, 12, 0, 0, 36, 12, 0, 24, 60, 0, 48, 36, 0, 60, 36, 24, 84, 84, 36, 36, 60, 72, 60, 96, 72, 144, 120, 120, 48, 144, 108, 72, 180, 204, 192, 228, 384, 288, 288, 240, 408, 324, 360, 516, 372, 504, 600, 564, 564, 456, 492, 456, 384, 360, 480, 432, 288, 384, 384, 420, 420, 384, 516, 360, 324, 444, 540, 372, 504, 504, 384, 360, 360, 432, 372, 504, 348, 612, 492, 408, 504, 456, 348, 624, 612, 444, 432, 384, 396, 468, 504, 408, 516, 372, 384, 552, 360, 360, 588, 516, 552, 516, 576, 516, 372, 420, 576, 456, 528, 396, 492, 468, 456, 480, 444, 432, 504, 528, 528, 492, 420, 444, 588, 684, 420, 624, 456, 408, 384, 408, 420, 396, 636, 480, 420, 552, 540, 540, 420, 492, 564, 528, 660, 456, 648, 684, 528, 708, 660, 564, 636, 636, 588, 540, 588, 564, 708, 540, 720, 636, 660, 840, 624, 732, 588, 660, 600, 612, 540, 684, 648, 540, 636, 660, 804, 636, 696, 708, 804, 660, 552, 636, 504, 492, 480, 480, 564, 540, 492, 360, 480, 636, 396, 540, 396, 588, 324, 408, 300, 192, 300, 312, 264, 276, 228, 156, 252, 132, 216, 204, 144, 132, 216, 168, 180, 204, 108, 156, 204, 216, 180, 84, 228, 240, 252, 168, 180, 276, 156, 204, 168, 360, -1, -1, -1, 60, -1]",44.4973287210753,11.3159062928132,4680,4614.0
2.19 0.127 8 1,"[108, 132, 180, 108, 72, 48, 84, 36, 24, 36, 36, 48, 84, 12, 24, 12, 72, 48, 24, 12, 24, 36, 60, 36, 12, 24, 12, 24, 0, 0, 12, 12, 0, 0, 0, 24, 12, 0, 24, 0, 0, -1, -1, -1, 0, 0, 0, 0, 0, 12, 24, 12, 0, 0, 24, 0, 0, 36, 12, 24, 24, 12, 12, 12, 36, 48, 36, 0, 60, 60, 48, 60, 108, 60, 48, 96, 60, 132, 96, 48, 144, 192, 144, 144, 336, 180, 372, 468, 372, 504, 636, 540, 636, 480, 612, 540, 540, 552, 384, 444, 492, 468, 528, 564, 468, 480, 456, 396, 468, 360, 288, 336, 240, 108, 324, 348, 192, 264, 348, 240, 192, 168, 228, 192, 288, 204, 264, 204, 192, 180, 300, 204, 192, 240, 288, 216, 228, 168, 252, 144, 312, 180, 216, 156, 264, 276, 252, 204, 264, 132, 240, 228, 228, 288, 264, 228, 264, 216, 252, 252, 204, 168, 228, 240, 192, 252, 396, 192, 240, 396, 324, 252, 192, 276, 228, 264, 240, 276, 288, 204, 180, 276, 108, 252, 240, 276, 144, 228, 180, 336, 204, 252, 384, 408, 420, 252, 468, 336, 456, 552, 600, 516, 396, 384, 408, 516, 564, 432, 576, 540, 552, 468, 576, 696, 432, 588, 420, 552, 432, 552, 432, 624, 528, 504, 420, 480, 312, 396, 480, 480, 492, 336, 384, 360, 396, 264, 396, 564, 396, 444, 492, 408, 312, 312, 516, 300, 360, 204, 264, 180, 168, 120, 96, 240, 192, 180, 132, 192, 132, 168, 132, 144, 132, 192, 96, 180, 132, 168, 156, 84, 120, 84, 96, 120, 204, 132, 132, 192, 192, 156, 84, 36, 120, -1, -1, -1, 60, -1]",44.4986653950908,11.3172169050193,4701,14708.0
2.19 2.18 4 1,"[120, 192, 144, 192, 108, 300, 84, 156, 168, 204, 144, 96, 108, 96, 96, 60, 36, 84, 60, 84, 72, 24, 84, 60, 36, 48, 60, 24, 72, 24, 12, 12, 12, 24, 12, 0, 12, 0, 12, 36, 0, -1, -1, -1, 36, 24, 48, 24, 36, 60, 60, 36, 24, 36, 48, 84, 48, 60, 12, 36, 72, 60, 72, 144, 84, 144, 96, 168, 96, 84, 96, 96, 144, 132, 156, 132, 144, 180, 300, 240, 240, 300, 288, 516, 408, 792, 648, 708, 924, 1056, 1032, 1164, 1284, 1164, 1452, 1404, 1500, 1140, 1152, 1332, 1404, 1104, 1188, 1140, 924, 996, 1008, 996, 924, 828, 636, 852, 744, 624, 564, 840, 528, 564, 540, 540, 504, 624, 504, 600, 480, 684, 504, 444, 516, 540, 516, 576, 504, 492, 564, 612, 576, 648, 588, 540, 708, 492, 744, 420, 540, 696, 588, 912, 516, 540, 636, 456, 732, 552, 588, 516, 696, 792, 900, 948, 528, 720, 576, 744, 636, 696, 480, 648, 612, 936, 588, 504, 756, 528, 636, 732, 696, 624, 696, 792, 660, 420, 864, 552, 600, 588, 720, 564, 660, 708, 660, 600, 708, 1200, 780, 780, 768, 684, 972, 960, 1020, 876, 672, 888, 864, 840, 912, 888, 1044, 792, 768, 852, 984, 936, 864, 816, 672, 696, 924, 804, 816, 600, 804, 912, 768, 744, 804, 684, 600, 996, 852, 792, 708, 636, 768, 816, 732, 672, 696, 648, 528, 492, 636, 516, 552, 600, 528, 360, 360, 648, 420, 360, 456, 312, 336, 180, 348, 228, 324, 240, 240, 324, 228, 156, 180, 492, 240, 228, 144, 324, 156, 276, 264, 348, 204, 324, 336, 168, 300, 336, 180, 276, 300, -1, -1, -1, 240, -1]",44.497876550954,11.3134408610378,16850,4568.0
2.19 2.19 2 1,"[12, 24, 48, 48, 48, 60, 12, 36, 12, 72, 0, 12, 12, 24, 12, 24, 36, 24, 36, 12, 12, 0, 36, 0, 24, 36, 12, 12, 0, 12, 12, 12, 24, 12, 0, 0, 0, 0, 12, 0, 0, -1, -1, -1, 12, 12, 12, 24, 0, 12, 48, 24, 0, 0, 12, 0, 12, 0, 24, 36, 12, 24, 0, 24, 24, 0, 36, 12, 36, 12, 12, 24, 12, 24, 24, 12, 108, 36, 36, 48, 24, 48, 108, 48, 120, 96, 156, 264, 132, 180, 228, 300, 264, 348, 396, 336, 516, 324, 408, 360, 336, 312, 348, 240, 324, 120, 216, 192, 228, 192, 108, 240, 156, 144, 180, 228, 192, 144, 156, 180, 168, 156, 228, 168, 132, 204, 228, 144, 204, 264, 252, 108, 132, 180, 228, 204, 168, 180, 204, 108, 228, 108, 156, 132, 96, 120, 156, 132, 192, 240, 228, 168, 228, 204, 120, 192, 204, 204, 216, 264, 216, 156, 156, 264, 168, 180, 156, 192, 276, 360, 168, 180, 156, 264, 180, 192, 228, 72, 192, 144, 204, 156, 168, 132, 180, 120, 156, 192, 252, 192, 180, 216, 288, 240, 144, 360, 288, 228, 276, 228, 312, 252, 144, 264, 216, 204, 252, 240, 156, 276, 180, 276, 216, 264, 216, 276, 216, 204, 264, 228, 240, 276, 204, 180, 168, 324, 168, 288, 180, 408, 252, 264, 216, 156, 72, 120, 96, 156, 228, 252, 132, 264, 108, 144, 168, 168, 120, 96, 84, 108, 48, 60, 108, 60, 108, 84, 96, 72, 60, 108, 84, 24, 0, 60, 72, 132, 72, 12, 72, 72, 96, 72, 48, 84, 84, 84, 36, 36, 132, 48, 48, 36, 0, -1, -1, -1, 0, -1]",44.498596866165,11.3167288638096,4701,4680.0
2.19 2.19 4 1,"[96, 168, 96, 168, 132, 144, 48, 120, 180, 180, 96, 96, 60, 132, 48, 60, 24, 84, 60, 36, 72, 36, 60, 48, 24, 48, 12, 24, 48, 24, 12, 24, 24, 12, 12, 12, 12, 0, 24, 12, 0, -1, -1, -1, 36, 24, 48, 24, 0, 84, 72, 12, 24, 48, 24, 84, 36, 60, 12, 36, 60, 36, 60, 96, 96, 144, 132, 144, 72, 132, 36, 84, 120, 144, 156, 120, 168, 156, 276, 252, 168, 240, 372, 384, 372, 732, 516, 672, 720, 972, 996, 900, 1068, 888, 1128, 1164, 1236, 900, 972, 1044, 1152, 1068, 864, 792, 888, 804, 804, 852, 696, 708, 504, 888, 672, 552, 564, 840, 540, 468, 612, 456, 504, 648, 408, 576, 588, 600, 540, 516, 408, 468, 588, 540, 516, 456, 588, 588, 732, 552, 588, 636, 648, 504, 768, 468, 588, 600, 612, 852, 504, 648, 600, 492, 744, 504, 600, 564, 684, 780, 924, 936, 624, 648, 564, 804, 576, 684, 468, 696, 540, 948, 696, 504, 768, 528, 672, 672, 708, 576, 672, 744, 660, 432, 852, 528, 588, 684, 540, 588, 756, 600, 636, 552, 708, 1032, 720, 780, 660, 828, 792, 636, 936, 780, 612, 684, 684, 720, 792, 792, 864, 660, 696, 708, 756, 804, 636, 816, 456, 660, 732, 660, 696, 576, 540, 816, 672, 564, 708, 600, 480, 744, 888, 612, 588, 588, 588, 696, 600, 624, 624, 528, 468, 384, 516, 528, 420, 540, 348, 348, 360, 456, 408, 288, 384, 252, 264, 252, 252, 180, 252, 192, 156, 240, 216, 144, 180, 384, 192, 168, 108, 288, 132, 204, 204, 252, 228, 252, 180, 180, 204, 216, 120, 204, 0, -1, -1, -1, 120, -1]",44.4975833129702,11.3156919816636,4680,16850.0
2.19 2.19 6 1,"[84, 60, 60, 48, 72, 24, 48, 48, 24, 0, 24, 24, 72, 12, 24, 24, 12, 36, 12, 0, 24, 36, 12, 24, 0, 36, 12, 0, 0, 0, 12, 0, 0, 0, 0, 0, 0, 0, 0, 0, 0, -1, -1, -1, 12, 0, 12, 0, 12, 0, 36, 24, 0, 0, 24, 12, 0, 36, 12, 0, 0, 0, 12, 12, 48, 12, 36, 60, 108, 72, 60, 60, 60, 60, 60, 84, 60, 48, 60, 48, 204, 168, 192, 132, 264, 204, 480, 444, 264, 360, 444, 264, 516, 420, 588, 396, 420, 432, 420, 492, 468, 336, 288, 396, 312, 516, 360, 432, 372, 396, 288, 276, 468, 300, 300, 240, 168, 324, 288, 336, 252, 360, 312, 228, 276, 384, 276, 312, 240, 348, 324, 360, 384, 252, 312, 228, 300, 348, 276, 240, 324, 240, 336, 300, 336, 468, 204, 408, 300, 228, 396, 228, 204, 444, 408, 360, 384, 228, 300, 336, 336, 300, 336, 264, 288, 312, 360, 264, 204, 360, 240, 432, 312, 372, 288, 264, 408, 324, 240, 384, 216, 312, 168, 312, 300, 312, 348, 276, 324, 456, 384, 276, 420, 324, 360, 384, 540, 432, 276, 300, 372, 468, 420, 360, 336, 384, 396, 396, 444, 408, 384, 408, 540, 468, 528, 312, 420, 420, 336, 456, 300, 384, 444, 360, 312, 396, 276, 384, 336, 384, 348, 408, 288, 264, 384, 324, 360, 372, 468, 324, 192, 348, 228, 144, 348, 120, 300, 144, 204, 192, 216, 96, 240, 156, 132, 180, 204, 156, 72, 108, 72, 48, 60, 108, 108, 108, 96, 24, 108, 96, 84, 108, 84, 108, 60, 132, 132, 108, 120, 120, 48, 24, 240, -1, -1, -1, 120, -1]",44.4977904881531,11.3163420592928,4680,4701.0
2.19 2.19 7 1,"[84, 96, 108, 24, 120, 72, 60, 72, 108, 36, 48, 0, 60, 12, 48, 0, 48, 0, 0, 0, 24, 24, 24, 12, 0, 0, 0, 12, 36, 0, 0, 0, 0, 0, 0, 0, 12, 0, 0, 0, 0, -1, -1, -1, 0, 12, 0, 0, 0, 0, 24, 0, 0, 0, 0, 0, 12, 36, 12, 12, 12, 24, 48, 0, 60, 24, 48, 48, 108, 132, 84, 84, 144, 96, 84, 240, 96, 108, 240, 192, 360, 300, 324, 360, 504, 672, 840, 756, 816, 888, 972, 564, 672, 720, 648, 756, 804, 660, 660, 756, 708, 612, 744, 624, 552, 756, 744, 588, 528, 672, 732, 564, 504, 432, 468, 588, 360, 612, 600, 480, 420, 612, 396, 396, 612, 552, 372, 468, 588, 636, 468, 396, 564, 384, 468, 384, 504, 360, 528, 468, 276, 540, 324, 456, 528, 444, 420, 456, 528, 408, 468, 552, 528, 600, 576, 624, 540, 552, 528, 552, 492, 432, 600, 492, 636, 672, 660, 420, 552, 492, 528, 780, 492, 612, 612, 408, 648, 444, 564, 588, 336, 444, 492, 648, 528, 588, 720, 528, 468, 528, 720, 516, 444, 612, 624, 576, 756, 588, 732, 540, 888, 816, 468, 720, 744, 624, 792, 612, 924, 576, 792, 792, 756, 852, 744, 672, 804, 624, 792, 744, 672, 840, 648, 732, 840, 792, 852, 708, 744, 432, 660, 528, 612, 672, 648, 420, 756, 768, 648, 684, 528, 456, 516, 444, 516, 492, 396, 480, 360, 240, 300, 336, 360, 300, 336, 408, 180, 372, 168, 324, 264, 144, 204, 168, 264, 216, 228, 144, 348, 180, 288, 216, 156, 132, 180, 108, 180, 156, 204, 132, 180, 144, 300, -1, -1, -1, 240, -1]",44.4978561467662,11.31326041783,16850,4568.0
2.19 2.19 8 1,"[180, 216, 288, 96, 324, 168, 156, 132, 132, 156, 156, 108, 180, 84, 144, 84, 204, 252, 132, 72, 144, 132, 120, 108, 36, 36, 48, 60, 84, 36, 48, 36, 48, 48, 36, 24, 24, 48, 48, 60, 0, -1, -1, -1, 36, 72, 48, 36, 24, 60, 96, 60, 36, 48, 48, 48, 72, 84, 132, 84, 108, 144, 168, 120, 216, 132, 216, 276, 228, 264, 240, 288, 240, 300, 540, 408, 396, 516, 492, 492, 564, 540, 732, 588, 756, 768, 1032, 1140, 1308, 1284, 1536, 1308, 1260, 1464, 1236, 1260, 1404, 1344, 1020, 1284, 1104, 1224, 1368, 1212, 996, 1488, 1464, 1224, 828, 1164, 1452, 1056, 828, 1152, 864, 1092, 768, 1116, 1212, 924, 912, 1224, 852, 1008, 1188, 1104, 984, 888, 1308, 1020, 960, 948, 1044, 1224, 828, 1092, 1188, 948, 1152, 1128, 852, 1356, 780, 1068, 1008, 924, 1128, 1104, 1068, 996, 948, 1188, 1104, 1044, 1056, 1176, 960, 1248, 1212, 840, 1008, 972, 1224, 744, 1020, 1176, 984, 840, 1296, 864, 816, 1416, 948, 1320, 1248, 828, 1200, 996, 1032, 1116, 1020, 888, 1068, 1320, 1200, 888, 1416, 1176, 1008, 1176, 1296, 1272, 912, 1356, 1296, 948, 1176, 1248, 1296, 1200, 1380, 1404, 1080, 1344, 1188, 1152, 1272, 1260, 1524, 1368, 1332, 1572, 1488, 1584, 1272, 1236, 1368, 1140, 1620, 1284, 1080, 1632, 1332, 1440, 1524, 1488, 1524, 1260, 1248, 1056, 1320, 1248, 1128, 1440, 1320, 912, 1296, 1284, 1260, 1260, 1056, 1044, 1224, 1116, 1008, 984, 912, 1008, 792, 648, 780, 732, 708, 732, 648, 624, 348, 744, 396, 540, 828, 468, 408, 432, 660, 468, 516, 396, 588, 360, 696, 468, 492, 432, 444, 444, 588, 480, 648, 372, 528, 420, 480, -1, -1, -1, 660, -1]",44.4978131399409,11.3132403786183,16850,4568.0
2.19 2.20 8 1,"[264, 348, 204, 216, 348, 228, 216, 144, 240, 192, 120, 120, 180, 132, 108, 60, 216, 192, 120, 24, 132, 108, 132, 84, 60, 36, 0, 72, 120, 36, 24, 36, 72, 48, 72, 24, 24, 48, 72, 60, 0, -1, -1, -1, 36, 96, 36, 36, 60, 36, 96, 72, 84, 48, 24, 12, 108, 120, 120, 108, 180, 192, 156, 132, 168, 228, 204, 300, 228, 324, 360, 276, 384, 276, 672, 552, 312, 744, 636, 432, 1044, 732, 912, 1236, 852, 1260, 1308, 1884, 1824, 1812, 1716, 1608, 2076, 1860, 1392, 1500, 1488, 1596, 1836, 1836, 1248, 1512, 1404, 1500, 1680, 1860, 1764, 1512, 1440, 1488, 1404, 1428, 1560, 1104, 1236, 1128, 1404, 1176, 960, 1596, 972, 996, 1476, 1224, 1164, 1704, 900, 948, 1548, 1140, 1248, 1392, 1164, 1068, 1344, 924, 1056, 1392, 1128, 972, 1416, 996, 984, 1200, 948, 1260, 1032, 1368, 1260, 984, 1284, 1260, 1104, 1428, 1140, 1200, 1548, 1356, 1248, 1440, 864, 1416, 972, 984, 1464, 1020, 1068, 1440, 1008, 1344, 1104, 1284, 1488, 1356, 972, 1176, 1404, 1068, 1008, 1320, 1308, 1020, 1056, 1668, 1224, 1284, 1464, 1332, 972, 1512, 1260, 1104, 1536, 1044, 1416, 1488, 1296, 1332, 1776, 1080, 1356, 1860, 1620, 1572, 1152, 1476, 1344, 1272, 1608, 1704, 1272, 1560, 1848, 1764, 1524, 1296, 1824, 1524, 1260, 1488, 1656, 1236, 1632, 1776, 1836, 1320, 1260, 1740, 1752, 1056, 1032, 1572, 1320, 1356, 1596, 1320, 1212, 1680, 1608, 1452, 1080, 1680, 1020, 1128, 1428, 888, 1260, 996, 1116, 732, 1140, 636, 948, 960, 816, 768, 696, 840, 504, 720, 864, 888, 576, 624, 624, 636, 720, 624, 552, 732, 792, 588, 540, 588, 576, 540, 564, 552, 636, 516, 636, 336, 1200, -1, -1, -1, 420, -1]",44.4974351312945,11.3165523765202,4680,4679.0
2.19 2.32 6 1,"[48, 24, 24, 36, 36, 12, 24, 48, 24, 0, 12, 12, 60, 12, 36, 0, 0, 12, 12, 0, 12, 24, 0, 0, 0, 36, 24, 0, 12, 0, 0, 0, 0, 0, 0, 0, 12, 0, 12, 0, 0, -1, -1, -1, 12, 0, 12, 0, 12, 12, 0, 12, 0, 0, 0, 0, 12, 24, 0, 0, 12, 12, 0, 12, 12, 12, 12, 0, 24, 0, 24, 12, 12, 12, 36, 60, 12, 60, 36, 36, 36, 108, 72, 84, 60, 132, 144, 120, 108, 156, 216, 108, 264, 228, 180, 180, 192, 168, 312, 264, 228, 180, 156, 204, 120, 132, 168, 216, 132, 168, 84, 204, 252, 144, 84, 120, 72, 72, 96, 144, 120, 156, 132, 144, 168, 216, 120, 168, 72, 144, 144, 132, 156, 144, 120, 132, 144, 204, 120, 180, 144, 120, 108, 180, 84, 144, 96, 180, 96, 132, 144, 120, 60, 180, 192, 156, 108, 96, 72, 108, 180, 84, 132, 132, 156, 132, 108, 180, 84, 204, 84, 180, 156, 144, 96, 144, 156, 192, 120, 204, 108, 84, 84, 132, 156, 144, 144, 120, 180, 144, 264, 204, 180, 168, 264, 156, 288, 180, 96, 144, 132, 132, 204, 204, 156, 216, 216, 144, 216, 192, 132, 204, 216, 240, 252, 168, 180, 252, 96, 252, 144, 192, 144, 168, 156, 180, 168, 192, 180, 204, 204, 228, 192, 108, 216, 180, 180, 168, 216, 228, 132, 156, 120, 120, 168, 144, 144, 108, 120, 60, 96, 36, 132, 96, 72, 108, 144, 96, 120, 120, 24, 60, 36, 72, 60, 96, 84, 36, 108, 36, 48, 48, 72, 72, 60, 96, 36, 84, 60, 72, 60, 24, 240, -1, -1, -1, 120, -1]",44.4988944328703,11.3170094340646,4701,8812.0
2.19 2.82 4 1,"[12, 12, 12, 12, 12, 24, 12, 12, 0, 24, 0, 0, 0, 0, 12, 36, 12, 0, 12, 12, 0, 12, 12, 12, 0, 0, 24, 12, 12, 12, 0, 0, 0, 24, 12, 0, 0, 0, 12, 0, 0, 0, 0, 0, 0, 0, 0, 0, 12, 24, 12, 12, 0, 0, 12, 0, 0, 0, 0, 12, 12, 0, 36, 0, 0, 0, 0, 12, 12, 0, 36, 12, 0, 36, 24, 0, 48, 12, 36, 36, 12, 72, 60, 24, 48, 84, 84, 96, 120, 84, 108, 180, 192, 132, 276, 192, 228, 132, 180, 192, 168, 192, 228, 216, 168, 156, 144, 120, 156, 72, 72, 132, 180, 168, 156, 108, 60, 36, 132, 96, 84, 168, 108, 120, 96, 60, 60, 96, 96, 120, 192, 72, 60, 132, 168, 84, 48, 72, 120, 96, 96, 132, 84, 96, 72, 120, 204, 156, 60, 72, 108, 24, 108, 48, 60, 84, 132, 84, 60, 96, 72, 72, 168, 36, 36, 84, 120, 48, 132, 168, 144, 96, 72, 108, 84, 120, 108, 108, 96, 168, 60, 156, 72, 96, 72, 120, 96, 84, 72, 120, 108, 84, 96, 324, 276, 120, 108, 156, 180, 288, 168, 144, 180, 192, 144, 276, 180, 156, 156, 84, 192, 156, 84, 216, 168, 168, 180, 144, 204, 156, 180, 156, 216, 252, 108, 144, 96, 120, 156, 24, 132, 132, 60, 72, 84, 144, 48, 36, 120, 72, 144, 96, 216, 132, 108, 132, 72, 96, 60, 36, 96, 96, 48, 84, 96, 84, 48, 24, 24, 24, 12, 84, 48, 48, 36, 72, 120, 36, 84, 36, 48, 12, 0, 36, 12, 0, 24, 12, 24, 12, 12, 36, 24, 60, 24, 24, 24, 36]",44.500559242279,11.3112946339157,14714,4566.0
2.20 2.19 4 1,"[72, 168, 60, 36, 96, 72, 48, 96, 72, 48, 48, 24, 12, 48, 12, 36, 84, 60, 48, 96, 12, 36, 36, 48, 36, 12, 12, 0, 24, 36, 12, 0, 0, 12, 0, 12, 0, 0, 0, 12, 0, 12, 24, 12, 0, 0, 24, 0, 36, 12, 12, 0, 0, 24, 12, 12, 24, 0, 24, 12, 12, 0, 12, 24, 12, 36, 72, 60, 36, 24, 24, 48, 36, 36, 36, 36, 84, 12, 36, 60, 96, 120, 120, 60, 96, 216, 192, 252, 300, 312, 360, 300, 300, 288, 612, 444, 420, 192, 396, 480, 372, 336, 324, 360, 276, 372, 240, 228, 204, 264, 168, 276, 216, 228, 216, 240, 300, 228, 252, 240, 264, 204, 180, 180, 168, 192, 156, 156, 156, 180, 216, 336, 264, 132, 216, 204, 276, 312, 324, 144, 408, 228, 168, 252, 264, 276, 420, 396, 180, 300, 324, 324, 396, 312, 384, 204, 552, 504, 372, 432, 180, 348, 228, 168, 264, 420, 168, 276, 396, 588, 396, 204, 252, 360, 384, 288, 372, 204, 192, 240, 324, 192, 336, 432, 204, 96, 372, 276, 252, 300, 264, 180, 456, 504, 240, 408, 360, 396, 540, 312, 228, 372, 384, 240, 300, 432, 324, 324, 408, 240, 228, 300, 420, 408, 456, 348, 312, 276, 396, 276, 300, 264, 240, 384, 288, 288, 204, 132, 348, 408, 276, 432, 228, 228, 396, 312, 228, 384, 312, 192, 132, 276, 204, 252, 216, 216, 264, 60, 204, 108, 228, 96, 120, 108, 108, 84, 84, 120, 108, 108, 60, 108, 72, 96, 72, 168, 108, 108, 36, 84, 84, 168, 96, 120, 132, 192, 108, 84, 132, 96, 108, 96, 60, 108, 168, 96, 204, 108]",44.4974179677684,11.3176323991363,4679,4680.0
2.20 2.40 8 1,"[228, 168, 300, 300, 312, 228, 240, 120, 264, 204, 132, 120, 132, 144, 60, 120, 240, 84, 156, 84, 120, 108, 120, 96, 48, 36, 12, 48, 84, 84, 12, 36, 72, 60, 48, 24, 72, 24, 60, 60, 24, 24, 60, 60, 12, 48, 84, 36, 36, 36, 108, 60, 36, 36, 36, 24, 72, 156, 84, 108, 180, 168, 132, 144, 192, 180, 204, 300, 240, 288, 252, 276, 360, 324, 408, 612, 528, 696, 420, 552, 792, 972, 1068, 924, 1068, 1428, 1608, 1464, 2220, 2100, 2088, 2184, 2220, 2184, 2100, 2208, 2124, 2196, 2100, 2148, 1788, 1584, 1764, 1632, 1752, 1968, 2112, 1764, 1536, 1320, 1560, 1692, 1848, 1260, 1452, 1440, 1188, 1368, 1500, 1212, 1308, 1380, 1368, 1320, 1560, 1236, 1188, 1404, 1140, 1356, 1368, 1344, 1428, 1164, 1236, 1128, 1332, 1284, 1152, 1488, 1308, 1284, 1140, 1176, 1428, 804, 1332, 1320, 1284, 1260, 1032, 1332, 1404, 1308, 1260, 1560, 1296, 1476, 1692, 1356, 1200, 1236, 1176, 1356, 1188, 1260, 1200, 1368, 1308, 1392, 1020, 1620, 1308, 1284, 1452, 1128, 1308, 1140, 1404, 1236, 1224, 1332, 1188, 1248, 1452, 1548, 1524, 1356, 1380, 1428, 1500, 1512, 1320, 1560, 1656, 1428, 1416, 1716, 1536, 1680, 1584, 1764, 1740, 1680, 1800, 1524, 1512, 1872, 1452, 1884, 1728, 1524, 1944, 1800, 2076, 1764, 1596, 1704, 1620, 1692, 1476, 1728, 1788, 1776, 1980, 1632, 1764, 1512, 1704, 1968, 888, 1620, 1488, 1656, 1416, 1716, 1512, 1536, 1668, 1824, 1500, 1416, 1500, 1188, 1308, 1344, 1104, 924, 1296, 864, 1056, 852, 876, 852, 840, 996, 588, 804, 696, 720, 732, 804, 708, 600, 660, 660, 696, 564, 852, 624, 672, 816, 564, 468, 516, 684, 672, 456, 720, 432, 612, 516, 504, 696, 576, 480, 504, 528]",44.4971637930601,11.3213155857597,17116,4724.0
2.21 2.10 6 1,"[264, 252, 396, 384, 312, 240, 228, 192, 192, 252, 168, 168, 144, 180, 168, 192, 144, 180, 96, 228, 144, 96, 156, 132, 96, 60, 36, 96, 84, 60, 108, 60, 96, 108, 24, 60, 48, 72, 24, 36, 0, 84, 60, 60, 48, 12, 48, 0, 48, 36, 48, 48, 60, 36, 36, 24, 12, 60, 36, 60, 84, 60, 72, 120, 120, 84, 84, 228, 216, 228, 144, 240, 144, 252, 288, 492, 396, 432, 588, 408, 492, 672, 1008, 744, 720, 840, 1020, 984, 1236, 1104, 1644, 1524, 1488, 1716, 1488, 1752, 1416, 1608, 1524, 1368, 1416, 1080, 984, 1344, 1188, 1128, 1320, 1164, 900, 1020, 1464, 900, 1260, 996, 1044, 1044, 900, 912, 900, 912, 936, 960, 924, 852, 936, 984, 984, 828, 1152, 948, 924, 912, 828, 792, 1212, 792, 840, 1020, 960, 936, 1116, 744, 1080, 1176, 1116, 924, 1164, 1116, 900, 1032, 912, 1128, 1104, 1260, 1176, 1140, 1392, 1416, 1116, 1608, 1212, 1152, 1092, 1272, 864, 876, 912, 1092, 1260, 1236, 1236, 948, 1260, 864, 876, 924, 1200, 936, 1116, 1068, 996, 744, 1068, 1008, 1260, 996, 1332, 1092, 1080, 852, 1092, 1176, 1128, 1380, 1260, 1116, 1272, 1248, 1212, 1320, 1008, 1464, 1344, 912, 1392, 1380, 1080, 1452, 1296, 1368, 1464, 1320, 1452, 1500, 1128, 1116, 1608, 1332, 1392, 1224, 1092, 1536, 1224, 1380, 1668, 1596, 1656, 1284, 1464, 1608, 1272, 852, 1596, 1452, 1104, 1332, 1212, 1128, 1356, 1236, 1056, 1044, 1284, 972, 816, 1140, 864, 876, 912, 672, 756, 540, 744, 576, 744, 768, 540, 720, 600, 480, 684, 564, 468, 444, 504, 504, 660, 480, 648, 408, 516, 396, 480, 552, 516, 372, 456, 564, 504, 516, 468, 492, 552, 684, 504, 444, 492, 516]",44.4968992842874,11.3275349874958,16682,16683.0
2.21 2.35 8 1,"[444, 456, 336, 360, 456, 444, 276, 276, 312, 300, 288, 216, 156, 216, 156, 168, 228, 300, 180, 192, 144, 132, 168, 84, 132, 84, 96, 48, 96, 48, 84, 84, 48, 132, 144, 108, 60, 48, 120, 108, 36, 36, 96, 48, 72, 72, 96, 60, 72, 48, 96, 108, 120, 48, 108, 48, 144, 240, 108, 96, 216, 180, 96, 192, 240, 228, 300, 252, 312, 276, 372, 264, 384, 360, 576, 516, 504, 624, 588, 828, 900, 912, 1308, 1056, 1176, 1500, 1548, 1860, 2232, 2472, 2304, 2412, 2376, 2388, 2424, 2364, 2388, 2616, 2556, 2352, 2592, 2208, 2232, 2400, 2484, 2568, 2412, 2640, 2232, 1992, 2112, 2184, 2268, 2004, 1860, 2256, 1824, 1764, 1908, 1608, 1800, 1656, 1788, 2040, 1452, 1920, 1812, 1800, 1836, 1668, 1656, 1692, 1596, 1884, 1584, 1764, 1704, 1596, 1692, 1740, 1704, 1440, 1536, 1524, 1944, 1896, 1920, 1764, 1848, 1632, 1488, 1584, 1656, 1800, 1764, 1464, 1704, 1656, 2196, 1776, 1692, 1752, 1512, 1632, 1572, 1896, 1728, 2052, 1644, 2208, 2148, 1860, 1644, 1620, 1896, 1824, 1536, 1920, 1776, 1788, 1668, 1440, 1884, 1464, 1560, 1536, 1920, 1776, 1728, 1728, 1836, 1836, 1836, 1572, 2184, 2184, 1680, 1860, 1968, 1632, 1440, 2412, 1932, 1848, 2064, 1932, 2052, 1908, 1812, 2052, 2088, 1716, 2088, 1860, 2208, 1896, 1920, 2076, 1860, 1716, 1968, 1896, 1860, 2052, 1884, 1824, 1908, 1620, 1884, 1728, 1740, 1848, 1908, 1860, 1872, 2004, 1692, 1872, 2028, 1920, 1836, 1884, 1524, 1668, 1728, 1752, 1320, 1368, 1536, 1116, 1224, 1212, 1044, 1260, 1128, 1164, 1116, 912, 1032, 852, 1020, 972, 1092, 816, 696, 792, 780, 780, 1020, 972, 984, 1092, 948, 552, 816, 996, 720, 996, 612, 756, 912, 588, 792, 900, 612, 828, 600, 732]",44.4972874200715,11.3276196333253,16680,15305.0
2.22 2.17 6 1,"[60, 60, 24, 24, 60, 24, 60, 60, 36, 24, 36, 24, 48, 12, 0, 12, 24, 84, 36, 24, 0, 12, 24, 24, 24, 12, 0, 48, 12, 0, 0, 0, 0, 12, 24, 0, 0, 0, 24, 12, 12, 12, 0, 24, 0, 24, 12, 0, 0, 24, 0, 0, 36, 24, 12, 0, 36, 60, 24, 36, 48, 60, 36, 96, 108, 72, 72, 60, 156, 84, 84, 84, 60, 120, 60, 120, 168, 192, 168, 156, 300, 120, 168, 312, 144, 252, 420, 444, 444, 552, 444, 444, 540, 588, 672, 456, 528, 540, 540, 576, 684, 600, 528, 576, 612, 384, 468, 516, 456, 408, 348, 516, 324, 360, 444, 396, 432, 360, 384, 324, 516, 396, 468, 360, 408, 300, 384, 384, 408, 456, 324, 324, 312, 432, 420, 396, 384, 288, 396, 288, 384, 348, 468, 348, 168, 324, 408, 240, 252, 336, 288, 336, 348, 360, 264, 228, 300, 336, 384, 360, 444, 336, 336, 324, 228, 324, 348, 288, 372, 480, 420, 324, 480, 336, 348, 276, 300, 264, 276, 300, 192, 384, 300, 288, 240, 264, 264, 300, 324, 408, 396, 360, 492, 348, 408, 432, 600, 396, 372, 396, 480, 348, 420, 480, 516, 372, 384, 432, 468, 456, 336, 408, 480, 288, 396, 324, 408, 360, 444, 444, 396, 396, 456, 408, 504, 324, 384, 360, 360, 312, 336, 420, 324, 324, 300, 360, 300, 516, 360, 336, 228, 204, 216, 300, 288, 276, 276, 252, 204, 192, 156, 264, 192, 144, 120, 120, 108, 108, 96, 168, 96, 192, 132, 60, 108, 108, 84, 84, 108, 120, 120, 144, 168, 60, 144, 132, 156, 132, 108, 144, 72, 72, 132, 108, 120, 156, 108, 108]",,,,
2.23 2.12 4 1,"[60, 72, 72, 84, 96, 96, 36, 60, 60, 24, 24, 0, 36, 0, 36, 24, 60, 48, 72, 12, 60, 0, 0, 24, 0, 48, 48, 24, 0, 72, 60, 12, 12, 0, 12, 0, 0, 12, 48, 0, 0, 24, 0, 12, 0, 108, 24, 36, 36, 48, 48, 36, 36, 36, 48, 72, 36, 36, 12, 48, 36, 72, 96, 168, 84, 84, 96, 96, 144, 84, 156, 204, 72, 96, 48, 228, 216, 216, 108, 300, 252, 252, 348, 312, 312, 276, 444, 468, 528, 504, 516, 660, 636, 588, 612, 540, 684, 684, 372, 588, 612, 864, 420, 888, 636, 516, 684, 528, 732, 492, 672, 300, 480, 612, 456, 456, 636, 516, 516, 720, 552, 636, 672, 672, 528, 744, 552, 636, 516, 492, 516, 600, 576, 552, 672, 516, 672, 900, 636, 540, 564, 888, 540, 504, 516, 588, 624, 672, 588, 408, 468, 624, 468, 420, 504, 456, 624, 588, 432, 552, 504, 540, 384, 492, 480, 732, 372, 456, 552, 588, 504, 492, 480, 456, 528, 408, 396, 636, 444, 540, 444, 504, 492, 396, 564, 516, 696, 432, 432, 288, 540, 768, 516, 624, 660, 516, 468, 672, 768, 600, 768, 876, 1020, 720, 720, 720, 936, 864, 660, 768, 900, 768, 768, 588, 600, 600, 828, 804, 684, 732, 564, 660, 636, 684, 684, 600, 492, 624, 816, 552, 492, 432, 648, 420, 696, 360, 348, 432, 336, 444, 204, 396, 324, 348, 216, 216, 480, 204, 276, 264, 216, 156, 240, 180, 156, 156, 156, 156, 144, 108, 276, 168, 216, 180, 156, 120, 180, 252, 180, 204, 144, 144, 72, 156, 120, 60, 132, 120, 60, 132, 168, 168, 144, 84, 192, 72, 156, 96]",44.5216060864833,11.2632986550342,8517,8513.0
2.23 2.24 8 1,"[12, 12, 24, 60, 0, 132, 72, 36, 60, 12, 24, 0, 12, 36, 24, 0, 12, 12, 0, 0, 24, 36, 12, 96, 60, 12, 276, 60, 84, 72, 324, 360, 216, 84, 240, 336, 324, 324, 384, 684, 456, 648, 804, 780, 720, 732, 192, 1020, 756, 1080, 96, 0, 0, 12, 12, 48, 0, 12, 48, 0, 12, 12, 36, 0, 48, 48, 72, 36, 72, 60, 24, 72, 48, 48, 60, 36, 48, 12, 48, 48, 48, 36, 48, 96, 24, 96, 24, 108, 96, 72, 60, 84, 24, 0, 168, 96, 228, 60, 60, 84, 36, 48, 36, 60, 36, 48, 120, 84, 0, 132, 0, 60, 24, 36, 0, 180, 72, 72, 48, 60, 48, 72, 24, 216, 120, 48, 72, 60, 24, 36, 36, 60, 36, 36, 24, 132, 12, 156, 108, 144, 60, 72, 36, 84, 60, 240, 24, 84, 72, 36, 204, 156, 60, 48, 36, 60, 36, 48, 12, 12, 72, 60, 36, 264, 60, 60, 36, 168, 96, 132, 24, 24, 0, 48, 48, 120, 216, 36, 36, 84, 48, 48, 48, 48, 120, 48, 144, 72, 48, 36, 60, 180, 120, 48, 72, 72, 60, 96, 36, 132, 156, 48, 96, 12, 48, 96, 168, 120, 12, 144, 24, 132, 36, 156, 96, 156, 36, 96, 84, 36, 96, 108, 36, 60, 48, 72, 72, 72, 48, 72, 60, 132, 36, 120, 12, 108, 96, 36, 48, 96, 12, 48, 0, 60, 108, 72, 108, 180, 108, 36, 36, 72, 204, 60, 72, 144, 24, 60, 36, 108, 120, 60, 132, 72, 12, 120, 12, 60, 24, 60, 24, 60, 24, 108, 72, 96, 24, 108, 24, 144, 36, 108, 36, 60, 24, 108, 36, 60]",44.5209154430098,11.2650617080553,8515,8529.0
2.24 2.23 4 1,"[36, 12, 84, 72, 72, 24, 12, 48, 36, 0, 24, 0, 12, 0, 36, 12, 36, 36, 24, 12, 24, 12, 0, 24, 12, 24, 12, 24, 12, 48, 24, 0, 12, 12, 0, 0, 0, 12, 24, 0, 0, 24, 0, 0, 12, 0, 0, 36, 12, 36, 12, 0, 24, 24, 72, 24, 12, 12, 24, 24, 36, 48, 96, 72, 60, 48, 60, 96, 84, 72, 108, 84, 36, 60, 36, 120, 96, 60, 120, 228, 60, 144, 120, 156, 72, 240, 276, 300, 240, 216, 288, 252, 348, 276, 204, 324, 300, 384, 312, 432, 264, 336, 312, 288, 420, 384, 348, 468, 420, 264, 324, 264, 372, 324, 252, 312, 384, 228, 348, 396, 312, 312, 420, 312, 288, 408, 372, 240, 240, 264, 240, 228, 324, 312, 348, 300, 408, 348, 348, 300, 312, 468, 312, 228, 276, 336, 360, 264, 252, 120, 432, 288, 204, 288, 324, 312, 312, 360, 300, 288, 288, 216, 204, 300, 300, 348, 264, 252, 144, 324, 336, 264, 324, 240, 240, 168, 252, 216, 252, 312, 240, 300, 264, 228, 312, 276, 360, 240, 168, 132, 228, 204, 204, 192, 276, 312, 288, 336, 336, 264, 264, 324, 288, 240, 324, 276, 384, 432, 264, 348, 312, 408, 300, 336, 264, 396, 468, 276, 384, 228, 312, 348, 264, 372, 312, 168, 192, 372, 312, 288, 252, 264, 336, 312, 252, 216, 168, 192, 168, 240, 180, 228, 228, 180, 168, 216, 264, 144, 180, 168, 96, 108, 168, 108, 60, 144, 96, 72, 156, 72, 156, 48, 120, 48, 60, 72, 84, 84, 72, 36, 24, 36, 36, 72, 48, 24, 96, 72, 48, 60, 72, 48, 36, 12, 60, 84, 48, 36]",44.5191124254838,11.2704898210543,13544,8531.0
2.24 2.36 8 1,"[60, 48, 60, 72, 36, 84, 36, 24, 24, 24, 12, 24, 48, 24, 48, 12, 12, 36, 12, 24, 36, 24, 48, 48, 24, 12, 36, 0, 36, 12, 0, 24, 0, 48, 24, 24, 12, 0, 24, 12, 12, 12, 12, 36, 24, 36, 12, 24, 12, 0, 12, 24, 36, 36, 12, 36, 24, 12, 60, 24, 12, 36, 72, 0, 60, 36, 36, 72, 84, 72, 60, 72, 48, 120, 84, 72, 216, 180, 132, 180, 324, 144, 264, 132, 192, 204, 216, 180, 348, 228, 288, 396, 288, 456, 420, 432, 444, 396, 492, 468, 552, 348, 456, 516, 516, 552, 444, 336, 336, 504, 540, 516, 492, 372, 588, 576, 456, 420, 528, 348, 504, 588, 384, 552, 396, 456, 372, 396, 504, 444, 336, 564, 408, 600, 564, 444, 444, 516, 408, 432, 504, 468, 516, 480, 528, 492, 504, 444, 372, 336, 420, 504, 420, 324, 360, 420, 360, 420, 468, 432, 444, 336, 492, 312, 384, 360, 360, 444, 456, 252, 396, 360, 324, 456, 408, 492, 420, 276, 324, 276, 372, 408, 456, 468, 492, 420, 324, 576, 564, 468, 408, 384, 312, 588, 504, 444, 420, 588, 384, 564, 564, 480, 756, 732, 600, 612, 432, 624, 564, 516, 600, 384, 612, 408, 672, 540, 396, 492, 420, 648, 468, 588, 564, 516, 408, 588, 444, 468, 432, 432, 468, 456, 348, 468, 540, 456, 360, 360, 432, 348, 240, 420, 420, 324, 276, 312, 324, 216, 312, 228, 252, 156, 132, 132, 228, 240, 168, 168, 228, 108, 204, 168, 120, 84, 108, 120, 180, 96, 168, 132, 168, 96, 84, 132, 144, 132, 132, 84, 36, 144, 132, 168, 96, 168, 132, 96, 96, 84]",44.5188107966076,11.2711144710877,13544,8536.0
2.25 2.26 8 1,"[12, 60, 84, 84, 24, 36, 60, 12, 36, 24, 24, 24, 36, 48, 0, 0, 12, 24, 24, 24, 12, 12, 24, 48, 36, 0, 24, 12, 12, 24, 36, 12, 0, 24, 0, 48, 12, 0, 0, 36, 36, 12, 36, 12, 48, 12, 12, 12, 24, 24, 0, 12, 24, 36, 12, 36, 72, 12, 60, 36, 36, 24, 36, 96, 60, 48, 36, 72, 144, 96, 60, 96, 72, 72, 108, 144, 108, 252, 252, 180, 216, 180, 192, 276, 300, 336, 312, 396, 288, 516, 516, 552, 600, 468, 588, 384, 540, 408, 624, 456, 456, 444, 576, 420, 372, 372, 480, 444, 348, 480, 456, 348, 552, 408, 468, 432, 696, 480, 432, 444, 408, 552, 480, 444, 504, 480, 540, 420, 504, 504, 372, 444, 312, 528, 540, 468, 516, 300, 480, 348, 396, 516, 468, 384, 432, 552, 468, 444, 432, 396, 564, 528, 324, 504, 408, 432, 528, 420, 396, 456, 324, 516, 360, 516, 432, 456, 468, 384, 432, 396, 456, 456, 324, 420, 372, 528, 600, 288, 468, 372, 288, 408, 444, 384, 324, 492, 468, 372, 396, 552, 444, 492, 444, 612, 492, 516, 588, 480, 516, 564, 456, 588, 624, 588, 720, 612, 636, 588, 660, 624, 588, 408, 612, 468, 468, 600, 456, 696, 528, 480, 588, 660, 480, 504, 504, 432, 492, 492, 504, 444, 744, 456, 420, 408, 372, 444, 444, 432, 360, 348, 384, 348, 276, 288, 324, 84, 0, 156, 216, 252, 132, 168, 252, 216, 180, 192, 168, 0, 24, 132, 72, 0, 96, 72, 60, 108, 192, 108, 156, 0, 0, 36, 36, 0, 48, 60, 96, 120, 72, 60, 84, 84, 96, 144, 96, 84, 108, 84]",44.5151596315856,11.2815106068203,15796,8684.0
2.25 2.36 4 1,"[36, 36, 84, 48, 72, 24, 60, 36, 12, 24, 24, 24, 24, 12, 24, 36, 48, 36, 48, 48, 48, 12, 0, 24, 0, 12, 12, 0, 24, 24, 12, 12, 0, 0, 24, 12, 36, 0, 12, 0, 0, 24, 0, 0, 24, 0, 12, 24, 12, 12, 0, 12, 12, 36, 60, 48, 24, 12, 36, 36, 48, 12, 36, 60, 48, 36, 60, 60, 84, 96, 72, 60, 120, 120, 156, 192, 60, 36, 132, 156, 48, 96, 156, 60, 108, 252, 228, 276, 180, 252, 264, 288, 312, 264, 348, 360, 252, 396, 360, 432, 372, 396, 396, 384, 516, 516, 324, 504, 372, 432, 444, 348, 312, 264, 396, 324, 420, 420, 444, 408, 408, 456, 360, 384, 348, 456, 444, 300, 336, 372, 408, 360, 444, 372, 384, 408, 504, 384, 480, 372, 408, 288, 348, 480, 396, 372, 432, 396, 324, 360, 336, 276, 396, 276, 372, 288, 444, 192, 324, 360, 228, 324, 324, 348, 348, 372, 360, 348, 264, 444, 468, 228, 336, 420, 312, 336, 240, 420, 396, 336, 432, 288, 384, 276, 336, 372, 336, 288, 516, 192, 276, 468, 372, 528, 480, 384, 444, 360, 384, 456, 372, 480, 396, 456, 348, 456, 324, 372, 360, 444, 420, 420, 456, 348, 348, 432, 444, 348, 624, 324, 480, 372, 336, 408, 384, 336, 324, 408, 228, 408, 252, 420, 456, 228, 300, 300, 312, 240, 276, 228, 192, 300, 216, 240, 240, 264, 252, 144, 204, 252, 132, 264, 96, 156, 240, 84, 120, 72, 120, 36, 120, 96, 108, 72, 48, 96, 84, 84, 120, 72, 48, 108, 84, 84, 144, 72, 48, 108, 84, 72, 84, 60, 72, 24, 120, 72, 84, 84]",44.5154487036554,11.2809397891782,15796,8715.0
2.26 2.25 4 1,"[96, 144, 108, 120, 108, 96, 72, 60, 72, 96, 48, 48, 108, 84, 120, 72, 48, 60, 84, 96, 96, 36, 12, 36, 12, 24, 12, 0, 36, 24, 0, 12, 12, 48, 24, 0, 36, 0, 24, 0, 36, 48, 24, 0, 36, 24, 24, 36, 36, 12, 0, 48, 36, 72, 72, 48, 36, 84, 120, 48, 60, 72, 132, 72, 72, 84, 72, 168, 156, 84, 132, 108, 204, 216, 180, 336, 96, 156, 204, 336, 312, 264, 516, 312, 384, 552, 456, 516, 444, 588, 708, 684, 948, 852, 876, 972, 516, 840, 744, 1128, 756, 888, 828, 888, 756, 864, 720, 1044, 708, 792, 624, 600, 624, 804, 432, 696, 924, 948, 648, 708, 420, 732, 708, 792, 708, 744, 684, 792, 612, 456, 744, 636, 504, 816, 528, 792, 744, 588, 540, 696, 528, 744, 852, 708, 564, 552, 696, 552, 552, 780, 624, 636, 696, 696, 600, 624, 732, 588, 660, 624, 624, 480, 720, 540, 720, 540, 648, 384, 384, 684, 720, 660, 504, 504, 672, 636, 600, 636, 624, 564, 684, 672, 540, 504, 684, 672, 684, 660, 780, 684, 744, 756, 672, 708, 672, 612, 516, 612, 792, 924, 1044, 744, 648, 720, 912, 708, 660, 744, 660, 756, 936, 852, 672, 792, 768, 744, 816, 660, 876, 924, 840, 720, 696, 468, 564, 660, 756, 540, 648, 780, 552, 864, 552, 444, 516, 564, 456, 588, 492, 648, 540, 660, 588, 528, 564, 492, 504, 336, 372, 432, 288, 228, 228, 192, 492, 204, 180, 168, 192, 288, 276, 372, 132, 120, 156, 216, 228, 180, 216, 192, 264, 216, 156, 132, 168, 228, 108, 264, 168, 168, 120, 72, 180, 156, 168, 156, 120, 240]",44.5123626162894,11.287461221671,8711,8693.0
2.26 2.27 8 1,"[120, 84, 108, 264, 96, 48, 108, 108, 72, 60, 96, 72, 36, 120, 60, 36, 36, 48, 60, 36, 36, 48, 84, 72, 48, 12, 24, 24, 0, 60, 60, 84, 36, 12, 36, 60, 36, 24, 36, 48, 60, 36, 60, 12, 144, 12, 120, 60, 48, 72, 60, 36, 48, 72, 108, 84, 108, 60, 60, 48, 108, 108, 72, 108, 156, 132, 132, 72, 192, 156, 168, 120, 72, 156, 204, 240, 276, 252, 336, 336, 384, 324, 264, 396, 480, 420, 552, 600, 768, 840, 900, 912, 924, 924, 876, 984, 756, 984, 948, 876, 924, 756, 816, 816, 840, 672, 768, 648, 708, 876, 624, 624, 780, 888, 528, 732, 792, 660, 768, 696, 648, 780, 780, 744, 648, 816, 876, 564, 684, 780, 660, 684, 588, 504, 684, 588, 780, 588, 912, 672, 528, 708, 720, 552, 720, 672, 612, 576, 660, 756, 816, 756, 660, 696, 612, 588, 804, 612, 780, 804, 588, 636, 540, 912, 744, 480, 720, 660, 552, 720, 600, 792, 756, 684, 660, 660, 612, 756, 588, 588, 504, 540, 696, 720, 732, 672, 624, 780, 564, 696, 720, 780, 684, 696, 816, 672, 648, 924, 636, 720, 840, 828, 876, 924, 876, 924, 1056, 924, 1140, 876, 696, 960, 636, 804, 756, 816, 624, 804, 828, 828, 720, 840, 768, 888, 780, 804, 744, 672, 732, 840, 744, 768, 624, 576, 768, 696, 660, 636, 564, 480, 576, 516, 372, 372, 636, 576, 504, 480, 384, 348, 372, 300, 396, 396, 276, 276, 348, 300, 192, 288, 252, 312, 132, 276, 132, 204, 240, 348, 240, 156, 264, 276, 132, 180, 228, 156, 180, 120, 216, 168, 240, 132, 228, 228, 228, 168, 156, 132]",44.512090924049,11.2878487733012,8711,14459.0
2.27 0.127 6 1,"[144, 24, 60, 132, 84, 36, 72, 36, 108, 48, 72, 60, 36, 84, 84, 48, 12, 24, 48, 36, 24, 12, 24, 36, 12, 24, 12, 36, 12, 48, 24, 36, 36, 0, 24, 0, 36, 36, 36, 36, 12, 36, 60, 24, 120, 12, 84, 72, 36, 36, 36, 60, 72, 48, 96, 60, 72, 36, 60, 36, 84, 144, 36, 96, 132, 96, 108, 48, 72, 108, 120, 72, 36, 72, 108, 108, 228, 144, 180, 168, 264, 108, 180, 216, 324, 204, 372, 372, 468, 384, 480, 456, 504, 432, 432, 456, 420, 480, 492, 468, 492, 456, 540, 324, 576, 456, 276, 252, 432, 372, 348, 288, 300, 420, 240, 360, 276, 276, 276, 276, 300, 336, 288, 372, 348, 348, 264, 204, 468, 252, 336, 312, 228, 216, 264, 288, 336, 228, 348, 180, 240, 276, 456, 132, 396, 240, 240, 156, 312, 312, 276, 408, 324, 288, 228, 252, 408, 276, 396, 324, 276, 324, 336, 264, 432, 216, 312, 252, 264, 252, 432, 420, 384, 396, 288, 204, 336, 324, 204, 240, 300, 156, 276, 300, 264, 504, 264, 348, 180, 240, 252, 324, 264, 348, 324, 324, 336, 288, 192, 360, 456, 240, 348, 444, 408, 312, 360, 516, 492, 420, 276, 300, 360, 264, 276, 276, 360, 264, 336, 264, 312, 300, 468, 384, 264, 264, 324, 300, 348, 444, 312, 372, 348, 240, 336, 264, 432, 168, 372, 180, 228, 264, 216, 228, 216, 324, 168, 324, 180, 96, 108, 84, 132, 168, 144, 108, 204, 156, 96, 156, 156, 204, 48, 144, 72, 132, 120, 156, 96, 84, 60, 228, 84, 120, 108, 60, 120, 72, 36, 108, 84, 96, 132, 108, 156, 120, 84, 84]",44.5112233857738,11.2908786977841,8592,14472.0
2.27 2.26 4 1,"[12, 48, 48, 48, 48, 36, 24, 60, 12, 24, 24, 48, 60, 48, 36, 48, 24, 48, 48, 120, 96, 24, 24, 24, 0, 48, 60, 48, 36, 36, 60, 72, 36, 24, 24, 0, 24, 12, 24, 12, 36, 24, 12, 60, 48, 72, 24, 12, 24, 24, 60, 24, 36, 48, 36, 36, 36, 48, 36, 60, 24, 48, 72, 36, 60, 48, 96, 12, 72, 60, 48, 144, 72, 84, 108, 120, 120, 84, 84, 108, 132, 84, 156, 108, 120, 168, 144, 168, 60, 192, 192, 168, 228, 264, 300, 180, 156, 180, 276, 264, 156, 372, 192, 228, 228, 156, 240, 264, 168, 204, 204, 180, 228, 300, 264, 204, 204, 240, 216, 96, 144, 192, 180, 180, 108, 240, 120, 168, 144, 216, 180, 168, 96, 204, 120, 72, 168, 96, 144, 180, 120, 132, 228, 264, 108, 156, 144, 144, 144, 204, 120, 180, 84, 132, 144, 192, 192, 156, 180, 132, 144, 168, 96, 168, 252, 132, 96, 60, 180, 156, 252, 216, 132, 132, 156, 240, 144, 156, 72, 168, 156, 156, 156, 180, 156, 192, 144, 168, 144, 84, 252, 204, 216, 204, 168, 192, 132, 132, 204, 336, 216, 168, 204, 156, 216, 204, 252, 204, 132, 168, 252, 204, 168, 132, 156, 204, 216, 132, 264, 252, 276, 228, 192, 168, 144, 252, 132, 168, 216, 144, 156, 192, 204, 96, 96, 156, 84, 72, 96, 156, 156, 96, 204, 156, 96, 156, 264, 60, 24, 120, 84, 72, 120, 144, 180, 72, 108, 72, 72, 72, 72, 60, 72, 72, 12, 72, 72, 12, 36, 72, 24, 12, 60, 24, 36, 72, 36, 72, 48, 36, 36, 24, 36, 84, 48, 24, 36, 0]",44.5113136553154,11.2898176294478,13714,8592.0
2.27 2.28 8 1,"[0, 0, 0, 0, 0, 0, 0, 0, 0, 0, 0, 0, 0, 0, 0, 0, 0, 0, 0, 0, 0, 0, 0, 0, 0, 0, 0, 0, 0, 0, 0, 0, 0, 0, 0, 0, 0, 0, 0, 0, 0, 0, 0, 0, 0, 0, 0, 0, 0, 0, 0, 0, 0, 0, 0, 0, 0, 0, 0, 0, 0, 0, 0, 0, 0, 0, 0, 0, 0, 0, 0, 0, 0, 0, 0, 0, 0, 0, 0, 0, 0, 0, 0, 0, 0, 0, 0, 0, 0, 0, 0, 0, 0, 0, 0, 0, 0, 0, 0, 0, 0, 0, 0, 0, 0, 0, 0, 0, 0, 0, 0, 0, 0, 0, 0, 0, 0, 0, 0, 0, 0, 0, 0, 0, 0, 0, 0, 0, 0, 0, 0, 0, 0, 0, 0, 0, 0, 0, 0, 0, 0, 0, 0, 0, 0, 0, 0, 0, 0, 0, 0, 0, 0, 0, 0, 0, 0, 0, 0, 0, 0, 0, 0, 0, 0, 0, 0, 0, 0, 0, 0, 0, 0, 0, 0, 0, 0, 0, 0, 0, 0, 0, 0, 0, 0, 0, 0, 0, 0, 0, 0, 0, 0, 0, 0, 0, 0, 0, 0, 0, 0, 0, 0, 0, 0, 0, 0, 0, 0, 0, 0, 0, 0, 0, 0, 0, 0, 0, 0, 0, 0, 0, 0, 0, 0, 0, 0, 0, 0, 0, 0, 0, 0, 0, 0, 0, 0, 0, 0, 0, 0, 0, 0, 0, 0, 0, 0, 0, 0, 0, 0, 0, 0, 0, 0, 0, 0, 0, 0, 0, 0, 0, 0, 0, 0, 0, 0, 0, 0, 0, 0, 0, 0, 0, 0, 0, 0, 0, 0, 0, 0, 0, 0, 0, 0, 0, 0, 0]",,,,
2.28 0.127 4 1,"[24, 36, 72, 36, 60, 36, 48, 12, 24, 36, 24, 24, 0, 48, 24, 36, 12, 12, 24, 12, 36, 36, 12, 0, 12, 36, 12, 24, 12, 24, 24, 12, 0, 24, 12, 12, 24, 0, 0, 36, 24, 12, 12, 0, 0, 0, 12, 12, 12, 24, 0, 12, 12, 12, 12, 24, 12, 0, 24, 24, 24, 36, 24, 48, 12, 60, 24, 36, 36, 36, 48, 36, 24, 0, 60, 72, 84, 96, 132, 132, 108, 96, 144, 168, 180, 312, 264, 228, 324, 432, 588, 492, 600, 852, 672, 672, 528, 552, 444, 360, 444, 432, 456, 492, 480, 408, 264, 324, 288, 252, 336, 240, 276, 408, 132, 120, 276, 156, 252, 312, 324, 336, 288, 264, 276, 192, 324, 228, 168, 180, 360, 36, 192, 72, 288, 252, 288, 216, 324, 300, 204, 228, 180, 252, 144, 168, 264, 204, 252, 204, 312, 288, 228, 192, 300, 384, 312, 156, 384, 204, 252, 252, 276, 252, 288, 288, 276, 288, 336, 252, 168, 240, 312, 312, 360, 168, 288, 252, 168, 300, 96, 192, 228, 324, 324, 348, 240, 216, 336, 300, 252, 312, 204, 264, 192, 384, 360, 384, 300, 312, 420, 396, 384, 408, 432, 408, 504, 48, 360, 312, 432, 396, 360, 420, 444, 396, 348, 348, 492, 480, 420, 300, 324, 336, 324, 288, 216, 228, 420, 240, 348, 276, 240, 276, 240, 216, 192, 252, 348, 276, 216, 192, 204, 216, 180, 240, 96, 312, 192, 108, 168, 108, 108, 120, 96, 180, 108, 72, 96, 60, 72, 84, 108, 48, 96, 48, 72, 60, 72, 108, 120, 108, 96, 84, 84, 36, 96, 84, 96, 72, 24, 60, 60, 48, 72, 36, 36, 96]",44.5089800251965,11.2972955124321,8739,14486.0
2.28 0.127 6 1,"[36, 12, 24, 0, 0, 24, 0, 24, 24, 0, 0, 12, 0, 0, 12, 12, 36, 0, 24, 12, 12, 0, 12, 0, 24, 12, 0, 0, 12, 0, 0, 0, 0, 12, 0, 0, 0, 0, 0, 12, 24, 0, 0, 12, 12, 0, 12, 0, 0, 12, 12, 12, 12, 36, 12, 12, 12, 12, 12, 12, 0, 12, 12, 0, 0, 12, 0, 24, 0, 0, 36, 24, 0, 0, 12, 0, 0, 0, 0, 12, 12, 24, 12, 0, 36, 0, 12, 60, 24, 0, 36, 24, 24, 48, 24, 60, 12, 24, 48, 0, 60, 48, 36, 168, 96, 108, 72, 108, 60, 48, 48, 84, 60, 36, 48, 48, 24, 84, 48, 72, 144, 60, 48, 96, 120, 48, 84, 96, 120, 72, 36, 84, 132, 72, 48, 48, 24, 72, 72, 120, 84, 36, 60, 96, 192, 120, 204, 72, 96, 96, 36, 120, 48, 144, 96, 36, 60, 120, 96, 108, 84, 96, 60, 84, 72, 84, 72, 72, 48, 24, 72, 60, 60, 72, 108, 72, 48, 96, 84, 36, 48, 84, 84, 48, 120, 24, 48, 84, 60, 108, 96, 48, 60, 132, 60, 48, 120, 72, 120, 108, 96, 72, 168, 72, 84, 96, 108, 60, 108, 84, 48, 108, 144, 84, 132, 36, 84, 108, 72, 84, 84, 72, 72, 96, 84, 84, 72, 60, 48, 108, 48, 120, 96, 180, 60, 60, 72, 60, 84, 60, 108, 144, 108, 60, 96, 120, 108, 72, 72, 72, 48, 24, 48, 12, 84, 84, 36, 24, 24, 72, 24, 48, 12, 72, 72, 72, 48, 36, 36, 72, 60, 24, 24, 36, 24, 36, 24, 24, 48, 60, 12, 24, 24, 12, 12, 0, 36, 0]",44.5088642358691,11.2969389020555,8742,8739.0
2.28 2.29 8 1,"[60, 84, 228, 228, 108, 36, 48, 48, 72, 132, 72, 96, 36, 72, 84, 36, 60, 60, 24, 36, 48, 48, 48, 24, 48, 36, 0, 48, 24, 36, 72, 120, 12, 12, 36, 60, 24, 12, 0, 36, 12, 36, 24, 48, 60, 24, 72, 60, 36, 120, 48, 36, 132, 132, 72, 132, 108, 192, 108, 84, 132, 48, 96, 144, 72, 120, 120, 48, 228, 132, 132, 120, 120, 156, 204, 144, 180, 252, 180, 192, 264, 348, 204, 276, 252, 264, 492, 396, 504, 468, 60, 516, 360, 480, 480, 420, 516, 540, 504, 504, 540, 372, 432, 552, 600, 228, 432, 432, 312, 540, 636, 516, 420, 432, 456, 420, 348, 612, 240, 216, 504, 468, 576, 444, 612, 408, 468, 564, 528, 336, 492, 312, 444, 420, 516, 564, 480, 540, 432, 528, 348, 372, 336, 420, 492, 396, 552, 432, 408, 432, 468, 540, 432, 420, 528, 444, 516, 360, 396, 420, 372, 360, 444, 288, 768, 372, 576, 552, 360, 504, 612, 432, 396, 348, 420, 372, 408, 312, 264, 300, 252, 384, 456, 456, 336, 408, 600, 324, 372, 408, 516, 480, 420, 300, 468, 684, 540, 384, 504, 372, 648, 492, 564, 588, 540, 648, 552, 372, 564, 648, 348, 492, 408, 420, 648, 528, 576, 468, 516, 504, 528, 468, 312, 528, 480, 504, 444, 516, 516, 504, 552, 444, 492, 456, 384, 420, 348, 432, 396, 396, 408, 420, 408, 516, 372, 384, 144, 396, 408, 312, 72, 288, 180, 276, 312, 216, 240, 192, 108, 168, 132, 120, 168, 168, 120, 204, 324, 204, 192, 228, 156, 84, 228, 144, 168, 216, 120, 168, 312, 180, 228, 204, 36, 132, 132, 84, 156, 36]",44.5085832490053,11.2980846229246,8744,8738.0
2.29 2.17 2 1,"[96, 36, 84, 204, 84, 72, 60, 84, 48, 36, 72, 36, 108, 72, 72, 72, 48, 24, 24, 48, 0, 48, 24, 12, 12, 36, 24, 0, 12, 12, 48, 48, 24, 48, 12, 36, 12, 36, 72, 60, 48, 36, 12, 12, 48, 48, 0, 48, 36, 24, 48, 24, 24, 48, 96, 36, 72, 96, 84, 36, 72, 60, 144, 96, 36, 96, 156, 156, 192, 180, 96, 84, 84, 144, 192, 168, 204, 300, 276, 324, 312, 324, 276, 456, 516, 504, 588, 552, 732, 636, 864, 792, 840, 816, 792, 768, 804, 732, 708, 516, 564, 660, 804, 768, 936, 816, 828, 828, 624, 660, 612, 660, 576, 588, 600, 648, 780, 636, 492, 552, 516, 600, 720, 576, 552, 672, 660, 612, 708, 600, 456, 672, 492, 588, 624, 564, 660, 756, 660, 636, 708, 720, 660, 552, 576, 696, 492, 636, 540, 504, 672, 540, 720, 468, 576, 660, 624, 648, 600, 660, 612, 696, 480, 672, 804, 576, 612, 492, 600, 420, 912, 768, 756, 636, 468, 492, 720, 504, 600, 672, 444, 672, 648, 744, 612, 624, 588, 708, 552, 804, 876, 600, 720, 648, 756, 648, 660, 648, 552, 744, 732, 720, 804, 120, 888, 816, 852, 624, 624, 792, 720, 732, 840, 768, 684, 720, 912, 732, 660, 768, 828, 888, 660, 660, 780, 660, 132, 708, 768, 540, 96, 744, 528, 648, 696, 768, 684, 636, 528, 588, 540, 324, 360, 540, 588, 504, 624, 408, 324, 396, 300, 408, 372, 288, 300, 300, 312, 300, 264, 180, 144, 156, 204, 288, 156, 372, 168, 276, 192, 84, 240, 192, 216, 216, 180, 180, 252, 168, 156, 144, 228, 144, 132, 168, 156, 192, 228, 120]",44.50309855193694,11.298881183575093,8653,15510.0
2.29 2.28 4 1,"[72, 48, 48, 48, 24, 36, 0, 12, 12, 12, 12, 24, 36, 24, 0, 60, 24, 36, 12, 24, 12, 0, 24, 0, 48, 12, 0, 24, 36, 0, 24, 0, 0, 12, 0, 0, 0, 0, 0, 36, 24, 12, 0, 12, 12, 0, 0, 0, 12, 0, 12, 0, 24, 24, 12, 36, 0, 0, 24, 36, 12, 36, 24, 12, 24, 36, 12, 48, 36, 12, 36, 12, 36, 48, 12, 36, 48, 72, 132, 108, 108, 108, 96, 96, 156, 180, 216, 192, 348, 312, 348, 312, 576, 468, 408, 444, 396, 372, 468, 396, 492, 456, 408, 564, 576, 480, 264, 480, 384, 312, 228, 312, 180, 216, 348, 204, 360, 192, 324, 252, 360, 240, 204, 324, 180, 264, 276, 228, 312, 264, 216, 144, 264, 216, 252, 216, 180, 252, 180, 336, 168, 216, 204, 276, 312, 204, 276, 228, 288, 312, 276, 192, 192, 228, 300, 396, 180, 192, 228, 264, 132, 312, 252, 180, 228, 348, 336, 240, 276, 204, 336, 156, 312, 252, 228, 204, 216, 252, 216, 216, 204, 264, 204, 276, 240, 204, 240, 276, 132, 312, 264, 348, 288, 288, 288, 324, 276, 324, 180, 384, 408, 300, 324, 384, 360, 492, 312, 420, 504, 252, 336, 360, 396, 216, 288, 252, 324, 408, 348, 336, 372, 300, 360, 384, 132, 216, 108, 228, 300, 336, 288, 228, 216, 300, 240, 192, 276, 192, 252, 324, 192, 240, 192, 252, 204, 204, 144, 228, 204, 120, 108, 204, 108, 96, 96, 192, 60, 48, 120, 72, 60, 72, 72, 84, 108, 120, 36, 96, 96, 72, 84, 96, 132, 72, 72, 60, 96, 36, 108, 36, 72, 48, 72, 60, 48, 48, 96, 48]",44.5074293579262,11.3038646411057,8803,14448.0
2.29 2.30 8 1,"[108, 36, 96, 192, 120, 36, 36, 72, 72, 84, 84, 60, 48, 72, 84, 12, 36, 12, 72, 24, 72, 12, 72, 12, 60, 24, 60, 36, 0, 24, 48, 48, 48, 24, 12, 72, 36, 0, 12, 24, 24, 48, 36, 12, 60, 12, 60, 84, 12, 36, 60, 24, 84, 96, 12, 132, 36, 84, 132, 36, 108, 48, 36, 72, 120, 72, 84, 60, 168, 96, 120, 60, 96, 84, 168, 168, 228, 204, 132, 216, 276, 228, 288, 180, 252, 192, 360, 288, 420, 636, 504, 708, 420, 504, 612, 432, 468, 516, 468, 672, 732, 516, 624, 468, 528, 516, 612, 480, 504, 396, 540, 432, 540, 264, 396, 312, 396, 528, 432, 432, 384, 420, 504, 432, 564, 504, 456, 612, 552, 420, 480, 276, 408, 420, 420, 588, 336, 228, 420, 312, 528, 420, 432, 408, 360, 516, 516, 384, 288, 528, 432, 432, 612, 360, 612, 528, 480, 420, 432, 372, 372, 372, 396, 336, 360, 372, 516, 372, 372, 408, 588, 576, 312, 408, 432, 312, 480, 408, 456, 408, 408, 432, 408, 432, 408, 420, 372, 420, 396, 504, 600, 372, 660, 408, 612, 768, 420, 552, 696, 552, 528, 396, 612, 600, 720, 696, 408, 504, 600, 672, 588, 600, 444, 504, 840, 552, 648, 480, 624, 552, 408, 576, 504, 576, 528, 552, 468, 300, 516, 408, 372, 588, 552, 564, 300, 336, 552, 492, 480, 408, 420, 444, 408, 384, 396, 264, 288, 216, 252, 324, 156, 132, 216, 156, 180, 132, 144, 192, 168, 240, 144, 168, 192, 180, 168, 168, 180, 180, 204, 144, 120, 168, 60, 204, 132, 216, 132, 120, 204, 120, 216, 144, 228, 72, 84, 108, 96, 84]",44.5071858270783,11.3045448702598,8803,8796.0
2.30 0.127 2 1,"[444, 708, 408, 720, 684, 528, 432, 444, 420, 516, 600, 312, 336, 312, 252, 300, 204, 348, 468, 288, 372, 228, 324, 300, 228, 240, 216, 216, 180, 168, 84, 168, 96, 132, 36, 108, 84, 96, 108, 60, 72, 108, 96, 84, 96, 108, 48, 120, 120, 120, 192, 84, 132, 192, 108, 192, 156, 144, 216, 180, 144, 132, 120, 324, 468, 420, 312, 360, 492, 300, 276, 300, 324, 216, 492, 360, 672, 540, 720, 528, 744, 1032, 792, 1080, 1044, 1128, 1344, 1620, 1368, 1740, 1884, 2172, 2244, 2340, 1920, 2196, 2256, 2292, 1800, 2472, 1824, 2016, 1848, 2196, 2004, 2268, 2064, 1704, 1800, 1644, 1788, 1776, 1620, 1692, 1968, 1644, 1932, 1416, 1872, 1620, 1800, 1788, 1812, 1716, 1860, 1764, 1740, 1812, 1884, 1668, 1656, 1680, 1812, 1836, 1644, 1908, 1656, 1932, 1704, 1500, 1512, 1872, 2016, 1716, 1644, 1752, 1644, 1776, 1680, 1980, 2064, 1932, 2016, 1740, 2112, 1788, 2028, 1800, 2076, 2004, 2064, 1848, 1860, 1740, 1812, 2052, 1920, 2076, 1884, 1896, 2304, 2016, 2184, 1968, 2172, 2052, 1920, 1848, 1956, 2028, 1764, 1944, 2292, 2064, 1992, 2028, 1932, 1908, 1872, 2268, 2100, 2040, 1776, 2184, 2016, 2016, 2028, 2208, 2088, 2040, 2400, 2148, 2184, 2148, 2148, 2364, 2124, 2184, 2064, 2304, 1788, 2376, 2316, 2568, 1812, 2172, 2148, 2040, 2184, 1812, 2304, 1836, 2496, 1980, 2172, 1848, 2256, 1800, 1800, 2028, 1752, 1920, 2112, 1812, 1824, 1776, 1740, 1848, 1788, 1836, 1824, 1800, 1632, 1656, 1560, 1596, 1368, 1560, 1092, 1068, 696, 648, 1020, 924, 936, 888, 912, 960, 960, 792, 1056, 696, 732, 816, 576, 840, 936, 780, 852, 912, 672, 720, 744, 948, 780, 648, 912, 1020, 828, 1020, 744, 1068, 1236, 888, 744, 660, 816, 1008]",44.5053154347885,11.309082303102,13345,13882.0
2.30 0.127 6 1,"[252, 204, 192, 204, 180, 240, 204, 96, 120, 180, 120, 72, 216, 132, 72, 84, 24, 108, 72, 60, 144, 72, 96, 24, 48, 36, 36, 96, 84, 36, 60, 96, 12, 96, 84, 96, 36, 24, 60, 72, 60, 24, 60, 24, 36, 60, 108, 12, 96, 24, 36, 72, 120, 108, 96, 108, 132, 156, 96, 84, 120, 72, 144, 168, 288, 120, 132, 204, 372, 252, 228, 192, 516, 408, 420, 324, 780, 672, 672, 996, 1128, 852, 1116, 1116, 972, 396, 2196, 1644, 2268, 1812, 2208, 1824, 2148, 1908, 1968, 2160, 2052, 2124, 1656, 2184, 1632, 1524, 1260, 2160, 1596, 1740, 1716, 1824, 1488, 1776, 1572, 1512, 1428, 1368, 1380, 1440, 1380, 1500, 1404, 1524, 1248, 1404, 1116, 960, 1464, 1416, 1344, 1500, 1464, 1236, 1512, 1440, 1596, 996, 1404, 1464, 1356, 1428, 1224, 1356, 1296, 1296, 1488, 1452, 1332, 1716, 1332, 1176, 1524, 1536, 1620, 1344, 1752, 1284, 1716, 1296, 1476, 1200, 1164, 1332, 1296, 1368, 1368, 1356, 1488, 1188, 1404, 1140, 1116, 1224, 1272, 1620, 1416, 1332, 1572, 1296, 1368, 1464, 1272, 1380, 1116, 1224, 960, 1332, 1020, 1332, 1428, 1188, 1044, 1416, 1668, 1500, 1392, 1404, 1524, 1572, 1332, 1248, 1308, 1536, 1392, 1476, 1296, 1692, 1584, 1740, 1548, 1908, 1656, 1608, 1212, 1908, 1452, 1752, 1356, 1824, 1668, 1920, 1788, 1668, 1392, 1404, 1668, 1044, 1572, 1392, 1236, 972, 1320, 1512, 1416, 1344, 1512, 1248, 1452, 1212, 1644, 1104, 1008, 1164, 1080, 1164, 1164, 1176, 972, 864, 828, 936, 768, 804, 840, 852, 660, 744, 972, 660, 576, 672, 456, 420, 600, 456, 636, 468, 492, 660, 444, 540, 384, 408, 336, 564, 360, 456, 420, 504, 288, 612, 396, 384, 588, 444, 492, 396, 348, 480, 468, 408]",44.5058710102678,11.3095630279905,13344,16937.0
2.30 2.29 4 1,"[36, 36, 48, 60, 48, 36, 60, 72, 12, 24, 36, 84, 36, 12, 60, 36, 24, 24, 36, 12, 12, 48, 48, 0, 36, 12, 12, 0, 12, 24, 72, 12, 0, 0, 12, 0, 24, 36, 0, 36, 0, 12, 0, 60, 12, 0, 0, 12, 0, 0, 36, 12, 12, 36, 12, 0, 12, 24, 48, 12, 36, 24, 60, 12, 36, 36, 72, 36, 48, 60, 72, 24, 36, 12, 120, 24, 120, 96, 84, 108, 84, 108, 72, 96, 120, 144, 84, 192, 96, 216, 84, 192, 60, 132, 180, 216, 228, 264, 228, 252, 276, 300, 288, 168, 396, 168, 252, 180, 324, 156, 264, 144, 288, 156, 252, 300, 252, 144, 252, 204, 252, 312, 216, 192, 240, 204, 276, 288, 324, 252, 252, 228, 168, 204, 180, 228, 204, 312, 288, 240, 168, 240, 192, 336, 180, 240, 252, 336, 288, 228, 204, 216, 288, 204, 216, 168, 180, 240, 276, 168, 240, 168, 264, 324, 288, 312, 300, 204, 216, 216, 276, 300, 216, 264, 264, 288, 300, 216, 240, 156, 264, 204, 288, 204, 156, 240, 168, 204, 264, 180, 264, 228, 252, 288, 300, 264, 180, 276, 276, 360, 276, 216, 312, 228, 288, 300, 348, 312, 300, 204, 384, 252, 312, 264, 312, 288, 288, 240, 348, 180, 324, 228, 288, 252, 216, 264, 216, 156, 228, 300, 252, 228, 240, 264, 180, 384, 252, 192, 72, 312, 144, 96, 252, 288, 252, 132, 336, 192, 204, 132, 96, 72, 72, 60, 168, 60, 84, 84, 36, 108, 72, 108, 96, 84, 96, 108, 108, 72, 72, 120, 12, 72, 36, 192, 84, 36, 156, 36, 96, 96, 96, 108, 108, 108, 84, 108, 96, 48]",44.5057316740375,11.3090333624097,14442,13345.0
2.30 2.30 6 1,"[1116, 1008, 1356, 948, 1140, 1332, 1632, 1596, 1104, 924, 372, 432, 216, 144, 132, 72, 24, 72, 60, 48, 132, 36, 24, 36, 48, 0, 96, 96, 72, 108, 60, 0, 48, 60, 72, 12, 24, 24, 24, 24, 24, 0, 48, 48, 12, 108, 36, 36, 108, 24, 84, 24, 96, 12, 60, 84, 132, 60, 72, 120, 60, 48, 96, 96, 216, 168, 96, 180, 216, 204, 180, 252, 312, 192, 300, 360, 636, 504, 576, 684, 696, 624, 936, 1008, 672, 1164, 1644, 1152, 1920, 912, 1164, 1164, 1788, 1020, 1632, 912, 900, 1044, 1356, 1332, 888, 1008, 720, 1572, 996, 1080, 1236, 984, 960, 696, 1044, 924, 888, 924, 888, 852, 948, 864, 912, 936, 780, 948, 576, 672, 540, 564, 384, 900, 552, 1044, 876, 960, 816, 816, 984, 780, 936, 912, 660, 828, 972, 708, 780, 912, 900, 924, 936, 804, 912, 1116, 912, 1020, 1020, 972, 972, 696, 768, 828, 804, 876, 576, 1008, 900, 816, 972, 816, 744, 840, 828, 804, 1044, 684, 912, 828, 1104, 936, 744, 876, 876, 804, 768, 696, 624, 804, 804, 1056, 804, 948, 1044, 1296, 1116, 684, 540, 636, 624, 648, 552, 444, 576, 588, 588, 612, 252, 516, 792, 1248, 1332, 216, 1056, 216, 1128, 348, 576, 612, 600, 384, 612, 660, 660, 516, 336, 192, 456, 408, 648, 360, 576, 564, 1764, 1116, 1188, 1008, 708, 540, 456, 504, 660, 696, 360, 564, 564, 468, 480, 360, 504, 480, 324, 384, 336, 252, 300, 324, 252, 348, 348, 432, 444, 336, 312, 336, 420, 432, 300, 1584, 876, 840, 444, 624, 528, 708, 696, 600, 792, 552, 708, 864, 696, 732, 492, 540, 576, 576, 348, 468, 456, 372, 408, 240]",44.5053085046798,11.3092167352814,13354,13344.0
2.30 2.31 8 1,"[12, 12, 36, 36, 12, 48, 12, 36, 72, 72, 24, 24, 24, 36, 72, 0, 0, 12, 24, 0, 24, 0, 24, 36, 60, 0, 12, 36, 0, 48, 12, 12, 60, 12, 12, 24, 24, 0, 24, 0, 0, 12, 36, 36, 12, 12, 48, 24, 0, 36, 24, 12, 36, 36, 24, 84, 24, 36, 72, 60, 24, 60, 0, 36, 24, 24, 24, 24, 24, 0, 60, 12, 36, 12, 48, 108, 36, 36, 72, 48, 60, 36, 60, 24, 60, 60, 72, 108, 60, 120, 96, 108, 168, 72, 108, 72, 96, 72, 120, 48, 156, 72, 132, 12, 96, 96, 156, 60, 84, 60, 96, 132, 108, 108, 72, 96, 48, 72, 84, 144, 60, 48, 60, 120, 84, 84, 84, 72, 132, 72, 60, 60, 84, 60, 84, 96, 108, 24, 72, 84, 72, 84, 24, 12, 72, 132, 72, 96, 60, 84, 48, 24, 108, 36, 84, 84, 72, 108, 72, 48, 36, 84, 24, 72, 24, 60, 36, 60, 84, 168, 84, 48, 84, 84, 96, 120, 120, 36, 60, 72, 48, 24, 36, 48, 48, 84, 96, 72, 72, 48, 60, 48, 96, 48, 120, 120, 72, 72, 132, 144, 60, 108, 72, 96, 60, 72, 96, 96, 96, 72, 60, 72, 108, 84, 84, 144, 108, 132, 48, 144, 48, 36, 12, 108, 60, 96, 12, 108, 60, 108, 60, 108, 96, 36, 48, 72, 96, 36, 156, 48, 72, 60, 60, 84, 72, 36, 36, 60, 24, 12, 36, 36, 48, 24, 12, 36, 48, 24, 24, 72, 0, 72, 12, 48, 24, 36, 24, 60, 36, 48, 24, 12, 12, 36, 36, 36, 12, 0, 36, 12, 36, 0, 24, 12, 24, 0, 12, 36]",44.5054053954154,11.3096947184232,13344,8807.0
2.31 0.127 4 1,"[228, 360, 300, 288, 240, 228, 264, 216, 180, 144, 288, 264, 108, 132, 132, 120, 72, 132, 168, 108, 132, 132, 144, 204, 84, 96, 60, 96, 84, 24, 96, 120, 12, 48, 12, 24, 24, 48, 48, 48, 36, 72, 36, 60, 60, 60, 12, 0, 60, 12, 72, 48, 72, 48, 72, 36, 60, 84, 96, 96, 60, 60, 108, 144, 216, 48, 168, 120, 204, 36, 120, 108, 108, 144, 204, 204, 216, 276, 252, 324, 276, 480, 324, 288, 528, 504, 600, 660, 552, 936, 540, 732, 936, 948, 936, 732, 1008, 804, 1008, 1116, 852, 756, 840, 996, 1056, 888, 636, 804, 936, 888, 768, 840, 804, 852, 780, 828, 888, 960, 768, 744, 840, 996, 648, 852, 864, 816, 744, 924, 912, 864, 1080, 744, 588, 612, 1068, 864, 816, 900, 636, 684, 864, 924, 876, 960, 840, 996, 648, 960, 828, 876, 744, 672, 1164, 744, 612, 1032, 516, 936, 912, 828, 1032, 696, 972, 768, 840, 1020, 672, 960, 876, 768, 900, 1296, 900, 828, 804, 1056, 912, 864, 720, 936, 912, 852, 768, 600, 876, 576, 864, 420, 804, 792, 648, 888, 600, 660, 972, 792, 756, 984, 948, 756, 780, 672, 864, 900, 684, 768, 972, 744, 744, 780, 828, 840, 864, 756, 1020, 648, 936, 864, 684, 936, 996, 708, 852, 732, 660, 588, 900, 504, 924, 960, 948, 768, 672, 828, 792, 972, 696, 648, 708, 696, 780, 684, 720, 792, 492, 684, 816, 432, 408, 456, 432, 300, 600, 432, 372, 456, 372, 516, 324, 420, 480, 324, 384, 384, 288, 324, 372, 408, 384, 324, 276, 588, 432, 504, 276, 348, 552, 420, 552, 252, 432, 456, 528, 444, 492, 228, 516, 612]",,,,
2.31 2.30 4 1,"[264, 336, 240, 252, 240, 216, 228, 204, 180, 144, 288, 276, 96, 132, 132, 120, 60, 108, 132, 108, 108, 120, 120, 192, 96, 96, 72, 96, 84, 24, 84, 120, 12, 36, 12, 48, 24, 48, 48, 36, 24, 72, 36, 72, 60, 48, 12, 0, 48, 12, 60, 48, 48, 48, 84, 36, 60, 72, 84, 84, 48, 60, 120, 132, 192, 48, 168, 132, 192, 36, 108, 108, 132, 156, 192, 180, 216, 240, 240, 336, 276, 480, 336, 276, 576, 540, 636, 708, 588, 1044, 612, 744, 912, 1020, 996, 852, 1056, 792, 1092, 1080, 840, 840, 792, 936, 1092, 924, 756, 864, 864, 900, 696, 192, 72, 744, 888, 900, 912, 996, 816, 720, 840, 1032, 648, 816, 864, 924, 816, 900, 936, 924, 1020, 768, 600, 660, 1044, 888, 768, 876, 648, 744, 936, 1020, 948, 960, 840, 1008, 756, 948, 720, 828, 732, 684, 1104, 804, 732, 996, 612, 900, 936, 828, 1080, 744, 996, 720, 864, 1032, 720, 912, 888, 768, 1044, 1272, 972, 900, 804, 1080, 960, 960, 804, 888, 960, 852, 768, 648, 876, 672, 876, 564, 876, 828, 696, 936, 648, 792, 996, 864, 780, 1056, 936, 792, 840, 768, 840, 864, 732, 816, 1032, 804, 780, 840, 768, 936, 948, 840, 1068, 780, 948, 792, 732, 876, 972, 780, 876, 708, 732, 576, 852, 600, 936, 960, 960, 780, 708, 912, 828, 936, 672, 648, 696, 720, 516, 96, 300, 816, 480, 660, 852, 516, 420, 504, 432, 84, 108, 348, 432, 72, 132, 492, 312, 408, 480, 324, 432, 372, 264, 360, 132, 24, 324, 300, 312, 552, 384, 504, 288, 348, 576, 432, 420, 60, 204, 480, 528, 432, 504, 204, 504, 576]",44.5041992237176,11.3133986552922,8776,8780.0
2.31 2.32 8 1,"[36, 36, 48, 48, 48, 84, 48, 12, 84, 36, 84, 48, 36, 36, 72, 36, 12, 12, 48, 12, 36, 0, 24, 36, 36, 0, 12, 24, 0, 48, 12, 0, 36, 0, 12, 24, 24, 12, 12, 0, 0, 12, 24, 24, 24, 12, 36, 36, 0, 24, 36, 24, 12, 36, 36, 24, 60, 48, 84, 72, 36, 48, 0, 36, 48, 36, 48, 24, 48, 36, 60, 36, 24, 72, 48, 120, 132, 96, 84, 72, 144, 108, 132, 96, 228, 204, 204, 192, 288, 300, 372, 180, 0, 348, 420, 504, 372, 588, 384, 360, 372, 408, 264, 372, 264, 312, 252, 84, 0, 156, 240, 324, 240, 168, 312, 216, 216, 240, 276, 300, 264, 228, 264, 228, 180, 216, 264, 264, 288, 276, 180, 252, 168, 312, 216, 324, 228, 180, 120, 324, 180, 240, 216, 204, 168, 168, 168, 252, 156, 180, 180, 156, 252, 192, 204, 336, 264, 252, 228, 336, 96, 156, 300, 264, 216, 264, 216, 180, 324, 288, 312, 216, 276, 0, 48, 276, 168, 312, 276, 228, 228, 228, 240, 324, 216, 264, 336, 192, 324, 228, 168, 336, 276, 252, 312, 408, 288, 264, 288, 324, 276, 312, 192, 336, 324, 396, 372, 276, 384, 444, 288, 192, 396, 444, 312, 420, 288, 372, 312, 312, 372, 432, 132, 240, 276, 252, 324, 300, 384, 252, 348, 192, 252, 168, 228, 144, 276, 228, 276, 312, 240, 312, 156, 336, 228, 108, 168, 132, 120, 84, 84, 36, 144, 96, 108, 120, 84, 60, 84, 0, 12, 72, 60, 72, 60, 60, 84, 108, 120, 48, 48, 48, 72, 60, 60, 48, 60, 36, 84, 36, 84, 72, 48, 12, 0, 36, 24, 48]",44.5033097580172,11.315609591241,15769,8808.0
2.31 2.82 2 1,"[60, 24, 36, 24, 36, 12, 48, 0, 36, 0, 0, 36, 0, 0, 24, 24, 12, 24, 12, 12, 0, 12, 12, 24, 0, 12, 12, 24, 12, 12, 12, 0, 0, 0, 0, 0, 12, 12, 0, 0, 0, 0, 0, 12, 12, 0, 0, 12, 12, 24, 0, 0, 12, 12, 0, 24, 24, 0, 12, 24, 36, 36, 12, 12, 12, 24, 48, 24, 36, 48, 24, 60, 60, 36, 24, 48, 60, 108, 48, 72, 144, 96, 24, 60, 180, 108, 192, 252, 216, 120, 228, 192, 264, 372, 204, 288, 132, 264, 300, 216, 228, 204, 300, 240, 252, 264, 264, 228, 408, 312, 192, 276, 216, 240, 204, 252, 288, 348, 300, 228, 336, 120, 336, 252, 264, 216, 288, 300, 384, 312, 420, 312, 204, 348, 336, 492, 420, 276, 288, 300, 12, 0, 264, 384, 324, 408, 348, 396, 360, 396, 372, 360, 288, 324, 324, 324, 372, 432, 396, 456, 360, 276, 384, 360, 372, 372, 492, 420, 396, 372, 468, 336, 408, 324, 228, 252, 264, 288, 360, 228, 360, 420, 336, 396, 372, 240, 288, 348, 288, 300, 396, 384, 240, 468, 396, 456, 360, 312, 360, 408, 408, 480, 408, 420, 252, 336, 204, 276, 288, 288, 288, 360, 336, 312, 324, 180, 336, 228, 144, 204, 348, 264, 348, 360, 360, 324, 252, 372, 228, 360, 372, 204, 324, 60, 0, 120, 276, 204, 204, 228, 180, 252, 228, 192, 204, 192, 204, 72, 168, 84, 84, 24, 96, 120, 84, 132, 96, 144, 84, 24, 108, 96, 36, 36, 72, 108, 144, 72, 60, 0, 48, 48, 24, 60, 60, 36, 132, 96, 24, 48, 36, 96, 60, 72, 60, 72, 36, 24]",44.5008565366089,11.311120157605,8785,4566.0
2.32 2.19 2 1,"[0, 0, 0, 0, 0, 0, 0, 0, 0, 0, 0, 0, 0, 0, 0, 0, 0, 0, 0, 0, 0, 0, 0, 0, 0, 0, 0, 0, 0, 0, 0, 0, 0, 0, 0, 0, 0, 0, 0, 0, 0, 0, 0, 0, 0, 0, 0, 0, 0, 0, 0, 0, 0, 0, 0, 0, 0, 0, 0, 0, 0, 0, 0, 0, 0, 0, 0, 0, 0, 0, 0, 0, 0, 0, 0, 0, 0, 0, 0, 0, 0, 0, 0, 0, 0, 0, 0, 0, 0, 0, 0, 0, 0, 0, 0, 0, 0, 0, 0, 0, 0, 0, 0, 0, 0, 0, 0, 0, 0, 0, 0, 0, 0, 0, 0, 0, 0, 0, 0, 0, 0, 0, 0, 0, 0, 0, 0, 0, 0, 0, 0, 0, 0, 0, 0, 0, 0, 0, 0, 0, 0, 0, 0, 0, 0, 0, 0, 0, 0, 0, 0, 0, 0, 0, 0, 0, 0, 0, 0, 0, 0, 0, 0, 0, 0, 0, 0, 0, 0, 0, 0, 0, 0, 0, 0, 0, 0, 0, 0, 0, 0, 0, 0, 0, 0, 0, 0, 0, 0, 0, 0, 0, 0, 0, 0, 0, 0, 0, 0, 0, 0, 0, 0, 0, 0, 0, 0, 0, 0, 0, 0, 0, 0, 0, 0, 0, 0, 0, 0, 0, 0, 0, 0, 0, 0, 0, 0, 0, 0, 0, 0, 0, 0, 0, 0, 0, 0, 0, 0, 0, 0, 0, 0, 0, 0, 0, 0, 0, 0, 0, 0, 0, 0, 0, 0, 0, 0, 0, 0, 0, 0, 0, 0, 0, 0, 0, 0, 0, 0, 0, 0, 0, 0, 0, 0, 0, 0, 0, 0, 0, 0, 0, 0, 0, 0, 0, 0, 0]",44.5020777199885,11.3189475235611,15794,8816.0
2.33 0.127 2 1,"[0, 0, 24, 0, 0, 12, 12, 0, 24, 12, 0, 12, 12, 36, 24, 12, 0, 12, 12, 0, 0, 48, 0, 24, 24, 12, 12, 0, 0, 0, 12, 0, 0, 0, 0, 0, 12, 12, 12, 24, 0, 0, 0, 0, 0, 0, 12, 12, 24, 0, 0, 0, 12, 0, 0, 12, 12, 0, 0, 0, 0, 0, 0, 0, 24, 12, 24, 0, 0, 12, 12, 12, 24, 12, 24, 24, 36, 12, 24, 0, 0, 12, 48, 12, 0, 24, 48, 60, 48, 36, 36, 36, 60, 48, 24, 108, 48, 48, 60, 12, 48, 48, 36, 24, 24, 12, 24, 36, 12, 24, 12, 48, 48, 72, 36, 24, 48, 60, 24, 36, 60, 24, 60, 156, 120, 156, 192, 84, 48, 24, 72, 48, 24, 48, 60, 24, 36, 36, 12, 36, 36, 36, 12, 48, 36, 60, 84, 48, 36, 60, 36, 108, 84, 60, 48, 24, 48, 36, 60, 36, 48, 12, 60, 60, 24, 72, 48, 72, 60, 36, 0, 60, 48, 48, 60, 48, 36, 24, 96, 12, 96, 84, 12, 36, 60, 84, 48, 96, 12, 72, 60, 36, 48, 24, 36, 96, 96, 36, 12, 48, 36, 60, 36, 36, 48, 84, 48, 48, 72, 36, 36, 60, 48, 48, 48, 36, 60, 48, 72, 36, 24, 0, 24, 12, 48, 48, 36, 0, 36, 120, 72, 48, 36, 72, 12, 48, 60, 12, 48, 36, 72, 24, 72, 0, 72, 48, 24, 36, 36, 24, 0, 24, 36, 24, 48, 12, 24, 48, 48, 48, 24, 12, 48, 36, 24, 48, 36, 12, 36, 36, 0, 36, 60, 24, 12, 12, 36, 48, 24, 48, 24, 24, 0, 12, 60, 12, 0, 12]",44.5010742719742,11.3215190419811,8839,8814.0
2.33 0.127 6 1,"[0, 0, 0, 0, 0, 0, 0, 0, 0, 0, 0, 0, 0, 0, 0, 0, 0, 0, 0, 0, 0, 0, 0, 0, 0, 0, 0, 0, 0, 0, 0, 0, 0, 0, 0, 0, 0, 0, 0, 0, 0, 0, 0, 0, 0, 0, 0, 0, 0, 0, 0, 0, 0, 0, 0, 0, 0, 0, 0, 0, 0, 0, 0, 0, 0, 0, 0, 0, 0, 0, 0, 0, 0, 0, 0, 0, 0, 0, 0, 0, 0, 0, 0, 0, 0, 0, 0, 0, 0, 0, 0, 0, 0, 0, 0, 0, 0, 0, 0, 0, 0, 0, 0, 0, 0, 0, 0, 0, 0, 0, 0, 0, 0, 0, 0, 0, 0, 0, 0, 0, 0, 0, 0, 0, 0, 0, 0, 0, 0, 0, 0, 0, 0, 0, 0, 0, 0, 0, 0, 0, 0, 0, 0, 0, 0, 0, 0, 0, 0, 0, 0, 0, 0, 0, 0, 0, 0, 0, 0, 0, 0, 0, 0, 0, 0, 0, 0, 0, 0, 0, 0, 0, 0, 0, 0, 0, 0, 0, 0, 0, 0, 0, 0, 0, 0, 0, 0, 0, 0, 0, 0, 0, 0, 0, 0, 0, 0, 0, 0, 0, 0, 0, 0, 0, 0, 0, 0, 0, 0, 0, 0, 0, 0, 0, 0, 0, 0, 0, 0, 0, 0, 0, 0, 0, 0, 0, 0, 0, 0, 0, 0, 0, 0, 0, 0, 0, 0, 0, 0, 0, 0, 0, 0, 0, 0, 0, 0, 0, 0, 0, 0, 0, 0, 0, 0, 0, 0, 0, 0, 0, 0, 0, 0, 0, 0, 0, 0, 0, 0, 0, 0, 0, 0, 0, 0, 0, 0, 0, 0, 0, 0, 0, 0, 0, 0, 0, 0, 0]",44.5013661662167,11.3218017649932,8839,14721.0
2.33 2.32 4 1,"[312, 480, 324, 300, 444, 384, 288, 240, 324, 312, 324, 312, 180, 168, 156, 228, 132, 108, 276, 204, 180, 120, 216, 156, 96, 144, 192, 108, 96, 60, 120, 108, 36, 96, 12, 72, 48, 84, 72, 36, 48, 60, 48, 72, 48, 60, 72, 24, 84, 24, 132, 60, 36, 96, 84, 48, 84, 96, 108, 144, 108, 96, 144, 300, 204, 96, 156, 228, 168, 72, 156, 120, 192, 180, 192, 300, 372, 240, 312, 348, 588, 636, 276, 612, 528, 780, 948, 852, 996, 972, 1416, 1128, 1380, 1392, 1368, 1260, 1188, 1308, 1476, 1080, 1428, 1392, 1200, 984, 1236, 852, 1560, 1116, 1140, 972, 1020, 984, 888, 912, 912, 1032, 1044, 876, 660, 1044, 996, 840, 840, 888, 876, 852, 1080, 1344, 684, 1392, 1152, 636, 924, 1092, 1056, 888, 888, 984, 1056, 552, 1308, 708, 1344, 1056, 1080, 888, 1068, 1332, 960, 1008, 936, 1200, 1080, 912, 1044, 972, 1008, 1092, 1020, 1392, 1092, 1080, 900, 1320, 984, 1320, 1020, 1092, 1248, 888, 1260, 1488, 768, 1212, 1296, 1140, 960, 1332, 1116, 1056, 1068, 1080, 948, 1152, 780, 1008, 900, 1104, 1020, 960, 1224, 972, 1008, 924, 936, 1044, 1272, 1284, 972, 1392, 1068, 1080, 1116, 1236, 1128, 1284, 1236, 1380, 1176, 1080, 1404, 1152, 1116, 1368, 1176, 1224, 1092, 1128, 1188, 1260, 972, 1260, 1116, 1212, 804, 1104, 1044, 1176, 1260, 1176, 1476, 1020, 1044, 1188, 1152, 1056, 996, 900, 1080, 996, 996, 1080, 756, 912, 780, 1080, 900, 864, 768, 564, 432, 768, 696, 660, 612, 552, 624, 612, 804, 480, 684, 504, 372, 468, 348, 660, 396, 444, 540, 384, 660, 444, 864, 588, 360, 600, 708, 624, 540, 708, 696, 516, 756, 756, 516, 420, 828, 588]",44.5012925294941,11.3215278109756,8839,8823.0
2.33 2.34 8 4,"[60, 48, 72, 72, 36, 84, 24, 12, 60, 72, 72, 60, 60, 60, 60, 36, 12, 24, 60, 24, 36, 48, 24, 48, 36, 24, 36, 48, 12, 36, 36, 0, 60, 24, 12, 36, 48, 12, 24, 0, 24, 12, 60, 24, 0, 36, 36, 48, 0, 36, 36, 36, 24, 48, 24, 36, 84, 48, 60, 48, 60, 36, 12, 36, 96, 72, 60, 48, 72, 48, 60, 132, 72, 84, 96, 108, 132, 156, 132, 108, 120, 192, 120, 72, 240, 168, 252, 252, 240, 312, 336, 432, 444, 360, 372, 420, 504, 576, 492, 456, 336, 372, 396, 420, 240, 408, 444, 348, 324, 180, 324, 288, 204, 276, 288, 312, 192, 300, 252, 312, 240, 180, 264, 276, 252, 168, 336, 204, 168, 276, 288, 228, 132, 240, 216, 84, 0, 216, 216, 204, 312, 240, 216, 192, 180, 252, 192, 0, 0, 156, 168, 168, 168, 216, 228, 384, 348, 276, 216, 0, 24, 144, 264, 264, 168, 180, 168, 228, 216, 360, 384, 276, 204, 312, 204, 336, 228, 216, 180, 216, 144, 264, 216, 120, 276, 312, 252, 216, 360, 228, 228, 228, 348, 276, 396, 228, 336, 276, 324, 396, 312, 348, 252, 300, 324, 240, 288, 384, 348, 348, 312, 384, 360, 228, 324, 0, 108, 264, 360, 300, 312, 240, 348, 204, 216, 432, 216, 204, 252, 204, 300, 276, 264, 204, 276, 276, 240, 0, 276, 312, 180, 228, 252, 120, 156, 216, 144, 168, 108, 120, 180, 48, 108, 120, 60, 180, 132, 120, 48, 156, 84, 96, 60, 48, 96, 120, 84, 96, 132, 96, 36, 84, 12, 0, 60, 36, 72, 120, 72, 60, 72, 96, 36, 72, 72, 24, 12, 60]",44.5010599568195,11.3219803167731,8839,8832.0
2.34 2.33 4 1,"[240, 252, 312, 156, 300, 192, 216, 132, 180, 216, 168, 144, 132, 132, 120, 132, 132, 60, 204, 180, 120, 108, 144, 180, 60, 132, 48, 72, 132, 12, 72, 96, 36, 72, 24, 72, 0, 48, 48, 48, 12, 72, 72, 72, 60, 36, 60, 36, 96, 36, 108, 36, 84, 72, 48, 36, 108, 36, 84, 60, 84, 60, 108, 120, 120, 60, 108, 84, 84, 96, 120, 108, 108, 144, 144, 240, 228, 192, 252, 240, 300, 396, 252, 492, 492, 588, 720, 768, 600, 780, 1104, 1608, 1284, 1380, 1068, 888, 828, 984, 1368, 1248, 1404, 1380, 1224, 1116, 1476, 1116, 1116, 852, 792, 660, 684, 780, 732, 552, 924, 576, 624, 1008, 564, 672, 1176, 864, 696, 612, 696, 1008, 1140, 672, 720, 1092, 672, 648, 456, 804, 636, 660, 648, 528, 780, 612, 720, 684, 780, 924, 636, 720, 780, 900, 828, 768, 852, 660, 744, 924, 888, 696, 792, 852, 1284, 864, 552, 852, 816, 732, 864, 732, 696, 828, 756, 672, 840, 816, 756, 696, 720, 816, 900, 1188, 804, 876, 780, 816, 648, 744, 912, 936, 720, 732, 1080, 1260, 828, 744, 744, 576, 888, 780, 852, 1140, 888, 876, 840, 876, 852, 840, 1068, 744, 888, 804, 960, 732, 756, 1032, 864, 780, 816, 1068, 792, 696, 708, 984, 768, 672, 780, 780, 708, 876, 468, 0, 288, 804, 816, 864, 828, 732, 720, 708, 660, 636, 672, 624, 804, 732, 588, 1056, 636, 768, 636, 540, 12, 336, 336, 456, 444, 336, 444, 312, 312, 612, 528, 264, 540, 456, 204, 360, 384, 252, 360, 492, 444, 564, 480, 576, 864, 336, 372, 240, 432, 612, 360, 408, 300, 348, 396, 408, 444, 372, 840, 372]",44.5004735823277,11.3239415903186,8838,8845.0
2.34 2.35 8 1,"[36, 12, 48, 48, 12, 72, 12, 12, 60, 36, 60, 36, 24, 36, 36, 48, 12, 24, 24, 36, 36, 0, 12, 12, 36, 0, 48, 36, 0, 12, 60, 12, 48, 12, 24, 24, 48, 12, 36, 0, 12, 12, 36, 36, 0, 12, 24, 36, 12, 36, 36, 12, 24, 36, 24, 36, 60, 24, 60, 24, 60, 48, 12, 12, 36, 60, 48, 60, 36, 36, 24, 48, 84, 48, 48, 36, 144, 60, 72, 48, 60, 72, 48, 60, 84, 84, 108, 108, 132, 84, 120, 252, 216, 120, 216, 120, 204, 276, 204, 168, 132, 156, 216, 132, 180, 108, 192, 216, 144, 132, 132, 132, 156, 156, 120, 228, 96, 96, 120, 156, 120, 72, 132, 84, 108, 144, 144, 156, 96, 144, 132, 108, 60, 156, 132, 132, 120, 120, 132, 84, 216, 108, 72, 120, 120, 84, 96, 192, 96, 60, 84, 96, 60, 144, 132, 132, 84, 120, 120, 120, 60, 60, 120, 144, 96, 96, 72, 96, 156, 108, 192, 204, 84, 156, 132, 144, 108, 84, 108, 96, 84, 108, 96, 72, 132, 96, 96, 132, 120, 60, 96, 84, 132, 192, 96, 96, 132, 72, 132, 180, 156, 96, 84, 180, 108, 120, 132, 120, 72, 144, 156, 108, 108, 132, 156, 84, 204, 132, 132, 168, 96, 60, 96, 48, 96, 216, 120, 84, 96, 60, 108, 96, 144, 96, 0, 0, 96, 24, 84, 132, 96, 144, 72, 72, 96, 60, 60, 84, 60, 60, 36, 36, 48, 48, 24, 48, 72, 72, 48, 84, 24, 36, 60, 24, 48, 24, 84, 36, 84, 36, 12, 36, 60, 12, 48, 48, 72, 36, 36, 36, 60, 36, 24, 72, 24, 24, 0, 72]",44.5001722736237,11.324532869825,8838,8835.0
2.35 1.9 2 1,"[72, 72, 48, 132, 60, 120, 24, 60, 24, 60, 60, 72, 48, 48, 84, 84, 96, 96, 84, 36, 36, 24, 0, 48, 24, 24, 12, 36, 0, 12, 12, 24, 24, 36, 24, 12, 60, 0, 12, 12, 24, 0, 0, 0, 12, 36, 36, 36, 0, 12, 36, 24, 24, 24, 24, 24, 48, 36, 48, 12, 48, 48, 12, 48, 60, 72, 60, 36, 36, 60, 96, 108, 36, 72, 48, 36, 48, 156, 132, 108, 108, 264, 180, 144, 144, 144, 228, 204, 348, 300, 276, 324, 348, 324, 288, 312, 444, 480, 540, 396, 504, 312, 384, 384, 408, 444, 468, 480, 360, 324, 372, 372, 480, 576, 300, 456, 420, 324, 492, 360, 408, 240, 372, 420, 456, 372, 336, 432, 408, 276, 408, 420, 348, 420, 420, 240, 408, 312, 492, 324, 408, 276, 420, 300, 408, 300, 300, 468, 588, 348, 324, 312, 336, 384, 336, 408, 240, 252, 252, 348, 264, 276, 228, 336, 324, 240, 264, 312, 372, 408, 564, 132, 228, 312, 348, 372, 288, 252, 336, 324, 420, 348, 216, 348, 264, 348, 372, 336, 276, 324, 420, 360, 360, 468, 444, 240, 360, 336, 396, 324, 312, 420, 312, 300, 468, 348, 312, 360, 444, 408, 456, 372, 384, 360, 420, 408, 384, 504, 264, 432, 300, 384, 456, 408, 348, 588, 492, 384, 468, 492, 312, 444, 552, 372, 384, 348, 408, 216, 0, 348, 552, 372, 300, 408, 456, 372, 300, 312, 312, 312, 192, 228, 300, 384, 192, 288, 312, 252, 228, 168, 252, 228, 276, 204, 144, 156, 168, 180, 180, 180, 228, 240, 216, 252, 144, 216, 120, 252, 132, 204, 156, 120, 144, 144, 156, 144, 108, 132]",44.4989805631524,11.3278724580295,15231,15635.0
2.35 2.21 6 1,"[216, 204, 252, 216, 144, 108, 156, 84, 108, 180, 156, 120, 144, 120, 144, 144, 156, 72, 60, 180, 96, 60, 120, 120, 108, 36, 60, 36, 36, 60, 120, 48, 84, 72, 24, 48, 24, 36, 36, 12, 0, 72, 36, 36, 36, 24, 24, 0, 24, 24, 12, 24, 24, 24, 24, 12, 12, 36, 12, 12, 48, 48, 24, 48, 48, 48, 48, 84, 60, 60, 60, 84, 12, 168, 168, 120, 180, 120, 228, 180, 240, 204, 372, 480, 396, 336, 360, 468, 432, 492, 900, 900, 672, 960, 840, 744, 612, 636, 444, 468, 648, 336, 480, 744, 600, 264, 648, 588, 312, 468, 720, 540, 276, 468, 684, 516, 396, 468, 480, 516, 384, 552, 468, 516, 324, 492, 552, 312, 552, 540, 408, 468, 492, 636, 408, 432, 552, 516, 408, 588, 468, 576, 420, 708, 696, 456, 744, 660, 384, 576, 552, 660, 636, 648, 900, 636, 684, 852, 696, 648, 804, 612, 408, 648, 600, 468, 588, 852, 480, 672, 780, 432, 732, 444, 324, 420, 660, 528, 420, 564, 528, 372, 600, 600, 720, 420, 492, 408, 696, 468, 444, 684, 660, 624, 708, 528, 672, 744, 396, 660, 696, 492, 672, 792, 372, 684, 480, 600, 756, 360, 840, 852, 432, 708, 540, 444, 900, 480, 912, 828, 528, 660, 684, 444, 972, 756, 660, 996, 708, 648, 732, 672, 636, 852, 492, 552, 780, 528, 564, 792, 444, 504, 792, 456, 336, 552, 564, 504, 300, 336, 408, 168, 480, 228, 432, 312, 372, 372, 396, 348, 384, 228, 180, 336, 348, 204, 348, 288, 300, 264, 216, 264, 324, 336, 312, 240, 312, 312, 276, 348, 192, 228, 288, 372, 228, 168, 360, 360]",44.498954845287,11.3268760258863,16684,16686.0
2.35 2.34 4 1,"[360, 468, 408, 264, 456, 372, 336, 204, 384, 240, 288, 240, 180, 192, 180, 132, 252, 156, 276, 204, 156, 180, 240, 228, 84, 180, 96, 84, 168, 72, 120, 108, 24, 132, 1152, 96, 48, 48, 36, 96, 12, 60, 60, 60, 72, 36, 36, 24, 84, 48, 60, 36, 84, 48, 72, 72, 84, 24, 168, 156, 108, 96, 168, 192, 180, 84, 144, 192, 192, 144, 180, 108, 228, 240, 144, 348, 1368, 540, 300, 372, 480, 492, 480, 600, 600, 828, 900, 984, 1164, 948, 1380, 1476, 1332, 1416, 1524, 1464, 1452, 1404, 1596, 1152, 1188, 1356, 1164, 1080, 1356, 1092, 1236, 1428, 1116, 1056, 1176, 1164, 1080, 972, 1020, 1200, 1008, 1068, 996, 1224, 1248, 876, 1068, 1152, 744, 1140, 1188, 1080, 1188, 1380, 864, 972, 660, 1188, 1068, 1152, 1308, 960, 756, 1068, 1212, 1068, 1116, 1320, 1104, 1020, 1500, 1200, 1212, 1068, 1056, 1200, 1104, 888, 744, 852, 1116, 1128, 1368, 1464, 984, 1176, 1344, 1116, 1260, 1140, 1368, 1200, 1164, 1260, 1212, 1308, 1212, 1296, 1188, 1260, 1248, 804, 684, 1104, 1212, 948, 1212, 1212, 1140, 1044, 1236, 1248, 1308, 1236, 1248, 1308, 1176, 1200, 1572, 1476, 1452, 1296, 1392, 1368, 1272, 1068, 1344, 648, 852, 1296, 1512, 1368, 1560, 1260, 1404, 1344, 1380, 1188, 1296, 1452, 1320, 1308, 1332, 1500, 1272, 1428, 1212, 1164, 1308, 1188, 840, 648, 720, 1272, 1356, 1296, 1404, 1260, 1092, 1152, 960, 972, 1320, 1056, 1188, 1152, 1068, 1260, 840, 1248, 960, 804, 300, 348, 600, 864, 756, 636, 744, 660, 480, 624, 756, 624, 1056, 552, 480, 504, 636, 348, 324, 384, 456, 504, 564, 564, 888, 408, 576, 432, 720, 600, 456, 696, 528, 540, 756, 864, 588, 432, 852, 660]",44.4994937005152,11.3266685739012,15233,8834.0
2.35 2.38 8 1,"[228, 84, 132, 144, 132, 180, 96, 84, 144, 72, 96, 72, 84, 72, 36, 24, 96, 60, 96, 60, 36, 36, 72, 12, 72, 60, 36, 12, 24, 12, 36, 12, 48, 24, 60, 48, 36, 0, 48, 24, 0, 0, 36, 60, 12, 12, 48, 24, 24, 24, 60, 24, 36, 24, 48, 12, 60, 156, 36, 60, 72, 72, 48, 60, 48, 60, 120, 156, 132, 84, 120, 72, 60, 132, 144, 192, 168, 240, 168, 264, 252, 156, 348, 300, 504, 516, 468, 744, 780, 948, 720, 1032, 1068, 792, 1080, 912, 768, 1044, 888, 888, 1128, 924, 732, 864, 984, 948, 840, 960, 1008, 672, 732, 876, 900, 804, 540, 1020, 828, 588, 636, 696, 684, 600, 504, 912, 708, 720, 948, 540, 792, 540, 684, 624, 408, 780, 756, 612, 600, 660, 576, 780, 636, 612, 540, 492, 744, 720, 528, 720, 672, 564, 420, 540, 528, 660, 516, 768, 564, 564, 756, 696, 564, 744, 492, 420, 588, 744, 720, 612, 624, 636, 816, 864, 528, 792, 660, 516, 540, 660, 588, 696, 576, 528, 744, 576, 552, 648, 744, 876, 540, 804, 660, 660, 888, 456, 552, 708, 672, 696, 708, 624, 528, 948, 624, 780, 756, 564, 828, 732, 660, 744, 648, 636, 684, 684, 840, 648, 684, 804, 588, 708, 720, 672, 672, 768, 492, 708, 636, 480, 660, 552, 588, 624, 528, 504, 612, 660, 612, 816, 504, 636, 720, 552, 588, 552, 576, 456, 540, 480, 576, 252, 516, 384, 288, 492, 288, 456, 360, 264, 216, 312, 360, 324, 288, 240, 300, 264, 216, 360, 312, 324, 360, 312, 324, 168, 264, 312, 432, 204, 168, 228, 264, 252, 228, 360, 144, 264, 264, 204]",44.4996245123973,11.3275922602577,16696,16702.0
2.36 2.24 4 1,"[48, 48, 60, 96, 60, 24, 36, 12, 12, 24, 24, 24, 12, 12, 24, 48, 24, 24, 60, 48, 24, 12, 0, 12, 0, 12, 24, 0, 12, 12, 0, 0, 12, 0, 12, 12, 24, 12, 0, 0, 12, 48, 0, 0, 36, 12, 12, 24, 12, 24, 0, 12, 24, 36, 60, 24, 36, 24, 48, 24, 60, 72, 132, 60, 60, 108, 108, 120, 84, 120, 132, 72, 60, 132, 96, 216, 108, 96, 168, 204, 96, 216, 180, 180, 168, 228, 264, 276, 384, 264, 300, 360, 420, 264, 348, 324, 372, 444, 396, 360, 276, 396, 276, 432, 444, 456, 360, 492, 384, 348, 300, 480, 396, 360, 372, 372, 384, 312, 540, 300, 408, 312, 408, 336, 444, 492, 396, 264, 372, 408, 396, 456, 264, 444, 348, 456, 444, 360, 492, 480, 492, 324, 252, 324, 480, 264, 468, 360, 276, 216, 444, 384, 348, 324, 456, 348, 372, 360, 288, 408, 240, 372, 408, 384, 444, 372, 324, 288, 348, 264, 432, 348, 372, 276, 384, 396, 228, 300, 324, 372, 408, 372, 288, 276, 228, 444, 384, 312, 372, 276, 216, 456, 384, 420, 528, 360, 432, 444, 420, 324, 444, 372, 348, 420, 396, 600, 372, 468, 504, 396, 372, 252, 264, 432, 432, 348, 516, 456, 540, 396, 384, 432, 360, 348, 396, 384, 264, 504, 300, 300, 348, 456, 324, 312, 408, 336, 360, 264, 264, 252, 288, 228, 228, 372, 264, 240, 276, 204, 168, 276, 192, 192, 132, 96, 168, 180, 120, 132, 120, 132, 180, 156, 132, 84, 96, 120, 168, 108, 132, 120, 24, 60, 60, 120, 132, 84, 96, 108, 24, 72, 120, 60, 24, 24, 96, 96, 84, 60]",44.5178281231643,11.2742295519551,15373,14406.0
2.36 2.25 8 1,"[60, 60, 60, 36, 36, 120, 48, 60, 36, 36, 48, 48, 72, 36, 24, 48, 24, 48, 12, 24, 24, 36, 48, 60, 12, 0, 36, 0, 24, 24, 0, 12, 12, 36, 12, 24, 12, 24, 12, 24, 12, 12, 12, 0, 84, 24, 12, 24, 36, 48, 24, 48, 48, 48, 24, 36, 60, 12, 120, 24, 36, 60, 132, 36, 96, 36, 24, 48, 144, 144, 96, 108, 48, 120, 156, 144, 204, 300, 252, 228, 372, 108, 264, 228, 168, 228, 336, 264, 420, 276, 348, 540, 372, 564, 576, 444, 564, 360, 672, 588, 648, 444, 516, 552, 540, 780, 552, 540, 456, 708, 552, 588, 588, 528, 684, 696, 564, 636, 1128, 528, 540, 564, 564, 540, 564, 528, 528, 456, 624, 468, 552, 528, 552, 648, 684, 648, 528, 588, 504, 492, 588, 672, 612, 672, 564, 624, 588, 564, 480, 384, 516, 660, 468, 492, 468, 480, 444, 420, 588, 444, 528, 576, 492, 432, 444, 492, 492, 576, 504, 312, 408, 480, 396, 492, 456, 564, 696, 252, 396, 372, 504, 624, 696, 504, 516, 588, 468, 708, 492, 744, 456, 480, 624, 564, 720, 624, 492, 552, 564, 432, 516, 732, 732, 672, 804, 948, 600, 780, 576, 636, 792, 684, 648, 588, 768, 660, 684, 552, 540, 696, 372, 708, 636, 684, 492, 672, 468, 588, 504, 516, 576, 576, 444, 576, 492, 624, 456, 576, 420, 468, 348, 408, 648, 360, 468, 456, 432, 360, 228, 204, 372, 252, 180, 180, 264, 288, 288, 204, 204, 204, 240, 276, 84, 168, 84, 180, 300, 120, 156, 144, 228, 108, 192, 180, 204, 120, 192, 180, 72, 156, 228, 204, 72, 192, 132, 96, 180, 108]",44.5176349195239,11.2745916036551,14404,8461.0
2.37 2.85 2 1,"[36, 60, 48, 48, 72, 12, 24, 12, 0, 0, 48, 48, 12, 0, 12, 12, 0, 12, 0, 36, 12, 0, 0, 24, 0, 0, 0, 12, 0, 12, 0, 0, 12, 12, 0, 0, 12, 0, 12, 0, 0, 12, 0, 0, 0, 0, 36, 0, 0, 0, 36, 0, 12, 24, 12, 24, 36, 0, 0, 12, 12, 12, 24, 24, 12, 36, 84, 96, 168, 120, 48, 48, 24, 36, 60, 48, 48, 96, 132, 84, 108, 96, 132, 144, 204, 192, 192, 192, 288, 228, 264, 540, 252, 504, 372, 336, 360, 240, 396, 324, 348, 408, 324, 372, 324, 252, 384, 300, 324, 288, 204, 168, 276, 240, 312, 300, 300, 192, 204, 156, 192, 204, 132, 204, 96, 276, 240, 288, 192, 240, 168, 156, 204, 240, 168, 228, 180, 252, 252, 240, 204, 264, 252, 204, 276, 264, 192, 312, 120, 264, 228, 276, 312, 168, 216, 252, 120, 264, 132, 288, 276, 228, 336, 228, 276, 192, 276, 216, 192, 228, 276, 264, 240, 336, 180, 276, 336, 192, 240, 228, 216, 204, 216, 228, 144, 192, 288, 192, 192, 312, 216, 288, 240, 204, 252, 252, 264, 192, 240, 180, 312, 216, 336, 396, 420, 336, 312, 228, 276, 192, 276, 372, 360, 276, 252, 180, 288, 456, 360, 312, 228, 228, 300, 324, 300, 444, 288, 120, 240, 264, 348, 360, 228, 144, 156, 252, 276, 168, 204, 168, 192, 240, 84, 108, 60, 60, 72, 204, 48, 96, 24, 72, 108, 84, 36, 60, 36, 108, 96, 96, 72, 132, 120, 96, 72, 60, 48, 24, 24, 108, 84, 60, 36, 24, 36, 96, 0, 36, 36, 48, 36, 24, 24, 12, 48, 36, 60, 24]",44.5027103078827,11.2778599204445,8604,4333.0
2.37 2.93 6 1,"[96, 72, 60, 36, 72, 48, 60, 36, 60, 84, 60, 12, 60, 24, 60, 24, 36, 72, 36, 48, 36, 36, 36, 36, 24, 36, 12, 12, 12, 0, 0, 0, 24, 36, 12, 0, 72, 60, 48, 12, 0, 0, 0, 60, 0, 24, 0, 12, 12, 12, 0, 0, 0, 60, 24, 12, 36, 12, 48, 0, 60, 36, 24, 48, 84, 84, 36, 12, 60, 84, 60, 48, 108, 120, 156, 96, 108, 144, 84, 180, 120, 180, 144, 84, 204, 204, 204, 336, 312, 468, 312, 432, 300, 372, 432, 540, 684, 588, 504, 468, 324, 456, 444, 456, 420, 564, 468, 456, 528, 288, 204, 216, 300, 300, 420, 336, 276, 288, 216, 216, 300, 420, 336, 408, 372, 264, 372, 216, 276, 252, 324, 384, 228, 288, 372, 348, 288, 240, 372, 300, 372, 240, 240, 396, 408, 336, 300, 300, 408, 372, 432, 324, 348, 396, 216, 228, 312, 384, 384, 456, 360, 288, 276, 336, 492, 456, 336, 300, 372, 384, 492, 432, 324, 264, 216, 240, 300, 312, 252, 372, 252, 276, 444, 408, 360, 240, 348, 252, 336, 300, 360, 360, 372, 288, 516, 516, 480, 444, 456, 516, 840, 420, 672, 384, 612, 432, 516, 672, 384, 444, 468, 300, 408, 444, 444, 468, 384, 516, 408, 444, 468, 324, 624, 360, 468, 456, 312, 264, 408, 360, 372, 348, 312, 192, 384, 264, 324, 216, 324, 360, 300, 408, 360, 360, 240, 228, 228, 216, 300, 204, 96, 228, 204, 252, 156, 156, 192, 84, 216, 132, 156, 96, 96, 156, 48, 108, 144, 120, 108, 156, 168, 168, 96, 144, 96, 60, 96, 72, 60, 48, 60, 72, 156, 144, 48, 120, 72, 96]",44.5035721582924,11.2794154459921,8603,13850.0
2.38 2.35 4 1,"[432, 336, 468, 432, 396, 312, 252, 252, 324, 204, 300, 168, 216, 180, 216, 192, 192, 300, 216, 240, 132, 252, 156, 264, 156, 144, 120, 96, 192, 108, 144, 84, 120, 144, 12, 96, 36, 84, 12, 60, 36, 72, 84, 60, 48, 36, 24, 48, 48, 48, 84, 36, 60, 24, 72, 48, 24, 60, 180, 84, 132, 108, 96, 144, 180, 108, 192, 180, 168, 156, 84, 192, 72, 264, 120, 276, 288, 264, 324, 396, 492, 528, 384, 588, 636, 624, 648, 780, 756, 1032, 1332, 1008, 1356, 888, 1128, 1164, 948, 1236, 804, 804, 864, 1104, 660, 780, 1008, 888, 1020, 984, 816, 984, 924, 852, 1020, 684, 936, 732, 492, 912, 912, 912, 912, 1008, 648, 840, 912, 984, 1176, 1020, 948, 924, 912, 852, 768, 924, 1008, 936, 876, 960, 876, 960, 732, 1032, 1044, 1056, 1020, 1008, 1080, 1248, 1068, 780, 960, 1416, 1308, 1104, 1008, 1248, 1188, 1260, 1140, 1200, 780, 1032, 1080, 984, 1128, 1008, 1140, 792, 1020, 984, 1320, 1020, 1092, 948, 864, 1080, 960, 984, 1092, 1092, 912, 972, 996, 984, 888, 648, 1116, 948, 1260, 996, 1068, 1044, 1212, 1260, 996, 1368, 1152, 1128, 1104, 1116, 1092, 1260, 1056, 1224, 1152, 1104, 1200, 1164, 1104, 1188, 1212, 1236, 1212, 1056, 1128, 1236, 924, 1344, 1452, 972, 1176, 1320, 1200, 1152, 1452, 1032, 1368, 1260, 1284, 1224, 1152, 1152, 1092, 1272, 804, 1188, 828, 1260, 876, 960, 1032, 1188, 924, 684, 1008, 852, 1044, 828, 612, 552, 744, 780, 792, 696, 756, 708, 840, 804, 636, 672, 516, 564, 612, 480, 768, 360, 576, 636, 564, 540, 672, 780, 684, 504, 660, 528, 672, 600, 612, 552, 588, 636, 684, 672, 540, 648, 624, 660]",44.5007251431592,11.3294927544257,10159,15234.0
2.38 3.7 8 1,"[180, 216, 180, 276, 120, 360, 144, 60, 192, 144, 144, 120, 144, 84, 72, 36, 120, 84, 120, 108, 60, 48, 132, 48, 84, 84, 84, 12, 84, 12, 84, 48, 48, 60, 108, 72, 24, 0, 72, 72, 0, 24, 60, 84, 84, 24, 48, 36, 48, 24, 24, 48, 60, 24, 72, 0, 72, 180, 96, 84, 72, 156, 72, 84, 96, 120, 180, 204, 192, 96, 132, 108, 216, 180, 180, 276, 264, 276, 384, 468, 288, 480, 516, 360, 756, 804, 720, 756, 1356, 1128, 1044, 1380, 1320, 1224, 1260, 1260, 1308, 1416, 936, 1320, 1296, 1308, 756, 1320, 1308, 840, 1128, 1428, 1128, 1032, 852, 948, 1200, 840, 780, 1128, 972, 924, 732, 732, 636, 936, 684, 948, 864, 708, 1248, 600, 816, 792, 828, 816, 660, 852, 768, 744, 756, 876, 672, 1032, 804, 744, 696, 504, 948, 888, 636, 984, 840, 600, 684, 780, 576, 900, 804, 960, 528, 1008, 1008, 864, 780, 924, 504, 672, 828, 768, 984, 816, 936, 972, 1152, 912, 804, 1068, 792, 828, 636, 840, 660, 852, 768, 660, 816, 972, 864, 672, 744, 720, 768, 840, 756, 648, 1032, 804, 744, 1044, 708, 1128, 720, 888, 732, 948, 792, 1068, 1068, 888, 1128, 900, 1128, 732, 840, 876, 672, 900, 1008, 840, 900, 984, 804, 864, 984, 912, 960, 852, 660, 948, 672, 696, 804, 648, 780, 852, 564, 900, 720, 756, 876, 1044, 864, 900, 840, 936, 696, 552, 816, 732, 852, 708, 768, 456, 684, 504, 552, 564, 276, 564, 492, 324, 432, 420, 504, 360, 480, 228, 480, 384, 372, 420, 408, 384, 552, 480, 420, 228, 420, 408, 504, 360, 300, 324, 336, 324, 300, 348, 240, 312, 300, 252]",44.5010668033697,11.330518010785,16695,16698.0
2.40 2.21 8 1,"[276, 240, 300, 288, 336, 216, 228, 132, 216, 216, 144, 96, 132, 132, 72, 120, 180, 144, 144, 84, 132, 84, 96, 84, 72, 24, 12, 48, 72, 60, 24, 36, 60, 60, 60, 24, 48, 36, 48, 60, 12, 12, 72, 60, 12, 36, 60, 48, 36, 24, 96, 72, 36, 36, 24, 36, 60, 144, 84, 144, 180, 144, 120, 120, 252, 180, 216, 288, 276, 288, 228, 276, 312, 360, 420, 648, 564, 756, 372, 576, 792, 876, 1164, 732, 1152, 1104, 1668, 1572, 2196, 1920, 2196, 2124, 2016, 1944, 1860, 2064, 1944, 2160, 2172, 2232, 1860, 1380, 1668, 1536, 1800, 2040, 2040, 1692, 1548, 1332, 1548, 1704, 1848, 1152, 1308, 1476, 1296, 1308, 1476, 1008, 1320, 1392, 1308, 1332, 1428, 1428, 1068, 1548, 1068, 1260, 1428, 1104, 1164, 1488, 1068, 1020, 1428, 1212, 1032, 1476, 1212, 1152, 1236, 1068, 1356, 864, 1152, 1392, 1092, 1128, 1116, 1164, 1224, 1356, 1212, 1164, 1500, 1488, 1656, 1116, 1284, 1092, 1020, 1536, 972, 1200, 1320, 1212, 1248, 1368, 960, 1392, 1488, 1068, 1356, 1224, 1296, 1128, 1164, 1320, 1092, 1116, 1344, 1116, 1416, 1344, 1596, 1200, 1152, 1404, 1248, 1536, 1092, 1452, 1728, 1236, 1320, 1680, 1524, 1548, 1584, 1512, 1620, 1596, 1800, 1284, 1440, 1500, 1680, 1728, 1452, 1452, 2040, 1596, 1824, 1512, 1692, 1704, 1392, 1584, 1584, 1740, 1440, 1920, 1632, 1536, 1788, 1332, 1608, 1908, 936, 1656, 1248, 1596, 1392, 1488, 1548, 1116, 1572, 1740, 1584, 1248, 1368, 1272, 1116, 1560, 984, 852, 1284, 804, 972, 756, 1020, 720, 864, 960, 552, 744, 684, 636, 780, 720, 744, 540, 564, 756, 648, 528, 732, 588, 660, 732, 480, 588, 468, 708, 636, 420, 552, 468, 720, 504, 444, 660, 504, 624, 324, 468]",44.4970385266486,11.3237550845001,15767,4727.0
2.82 2.18 2 1,"[72, 36, 36, 84, 36, 12, 60, 0, 24, 36, 0, 36, 12, 24, 36, 24, 12, 24, 36, 24, 0, 24, 12, 24, 0, 0, 24, 0, 12, 24, 12, 0, 0, 12, 0, 0, 12, 0, 0, 0, 0, 0, 0, 12, 12, 0, 0, 0, 0, 36, 24, 0, 24, 12, 0, 12, 24, 0, 12, 36, 24, 36, 60, 12, 12, 24, 48, 48, 24, 72, 60, 60, 84, 48, 60, 72, 96, 168, 84, 120, 132, 144, 72, 120, 204, 204, 300, 336, 336, 264, 288, 360, 552, 528, 528, 372, 324, 348, 420, 384, 336, 372, 444, 312, 228, 336, 348, 324, 384, 432, 288, 336, 408, 348, 276, 336, 396, 336, 444, 264, 528, 384, 420, 312, 360, 276, 348, 396, 456, 432, 492, 312, 384, 408, 384, 492, 396, 528, 372, 408, 324, 480, 348, 504, 396, 468, 384, 528, 480, 456, 516, 480, 396, 336, 432, 312, 396, 408, 444, 456, 408, 432, 420, 456, 444, 432, 492, 528, 372, 468, 444, 372, 456, 324, 372, 276, 372, 420, 408, 372, 444, 492, 444, 444, 480, 276, 360, 408, 372, 408, 372, 396, 312, 480, 528, 624, 528, 480, 444, 420, 528, 456, 516, 456, 420, 408, 348, 384, 384, 396, 444, 456, 384, 360, 372, 300, 372, 396, 324, 312, 420, 312, 456, 444, 492, 552, 468, 432, 312, 360, 396, 384, 372, 396, 360, 228, 336, 300, 336, 288, 264, 312, 456, 276, 216, 216, 312, 132, 264, 132, 192, 132, 132, 228, 276, 228, 144, 156, 132, 36, 72, 72, 120, 72, 120, 132, 240, 96, 144, 24, 120, 72, 36, 72, 84, 72, 120, 96, 84, 84, 60, 144, 72, 144, 84, 120, 96, 72]",44.4992572264694,11.309913896272,8778,4568.0
2.82 2.18 2 2,"[0, 0, 0, 0, 0, 0, 0, 0, 0, 0, 0, 0, 0, 0, 0, 0, 0, 0, 0, 0, 0, 0, 0, 0, 0, 0, 0, 0, 0, 0, 0, 0, 0, 0, 0, 0, 0, 0, 0, 0, 0, 0, 0, 0, 0, 0, 0, 0, 0, 0, 0, 0, 0, 0, 0, 0, 0, 0, 0, 0, 0, 0, 0, 0, 0, 0, 0, 0, 0, 0, 0, 0, 0, 0, 0, 0, 0, 0, 0, 0, 0, 0, 0, 0, 0, 0, 0, 0, 0, 0, 0, 0, 0, 0, 0, 0, 0, 0, 0, 0, 0, 0, 0, 0, 0, 0, 0, 0, 0, 0, 0, 0, 0, 0, 0, 0, 0, 0, 0, 0, 0, 0, 0, 0, 0, 0, 0, 0, 0, 0, 0, 0, 0, 0, 0, 0, 0, 0, 0, 0, 0, 0, 0, 0, 0, 0, 0, 0, 0, 0, 0, 0, 0, 0, 0, 0, 0, 0, 0, 0, 0, 0, 0, 0, 0, 0, 0, 0, 0, 0, 0, 0, 0, 0, 0, 0, 0, 0, 0, 0, 0, 0, 0, 0, 0, 0, 0, 0, 0, 0, 0, 0, 0, 0, 0, 0, 0, 0, 0, 0, 0, 0, 0, 0, 0, 0, 0, 0, 0, 0, 0, 0, 0, 0, 0, 0, 0, 0, 0, 0, 0, 0, 0, 0, 0, 0, 0, 0, 0, 0, 0, 0, 0, 0, 0, 0, 0, 0, 0, 0, 0, 0, 0, 0, 0, 0, 0, 0, 0, 0, 0, 0, 0, 0, 0, 0, 0, 0, 0, 0, 0, 0, 0, 0, 0, 0, 0, 0, 0, 0, 0, 0, 0, 0, 0, 0, 0, 0, 0, 0, 0, 0, 0, 0, 0, 0, 0, 0]",44.5039186889583,11.3132064397937,8776,8777.0
2.82 2.19 8 1,"[60, 48, 72, 60, 24, 24, 24, 24, 12, 36, 12, 24, 36, 0, 24, 0, 36, 12, 12, 12, 0, 12, 24, 12, 0, 12, 12, 12, 0, 0, 0, 12, 0, 0, 0, 12, 12, 0, 12, 0, 0, -1, -1, -1, 0, 0, 0, 0, 0, 12, 12, 0, 0, 0, 0, 0, 0, 12, 0, 12, 24, 12, 0, 12, 12, 24, 12, 0, 24, 24, 12, 24, 24, 12, 36, 24, 24, 72, 48, 12, 36, 72, 48, 48, 144, 108, 156, 192, 180, 204, 300, 276, 360, 312, 348, 360, 324, 264, 276, 240, 264, 204, 384, 216, 240, 132, 192, 180, 192, 132, 120, 168, 60, 24, 144, 96, 60, 72, 120, 12, 60, 60, 24, 84, 84, 72, 48, 84, 24, 24, 84, 24, 60, 72, 48, 24, 48, 36, 60, 60, 48, 48, 24, 36, 48, 36, 60, 36, 36, 24, 48, 60, 48, 48, 0, 12, 24, 24, 72, 60, 36, 12, 60, 36, 60, 72, 84, 84, 108, 96, 132, 24, 24, 96, 24, 48, 60, 72, 60, 24, 60, 48, 48, 60, 60, 72, 12, 36, 48, 48, 48, 96, 108, 204, 156, 72, 144, 84, 204, 252, 264, 204, 108, 144, 204, 276, 228, 156, 228, 204, 228, 144, 228, 324, 180, 276, 216, 264, 216, 228, 180, 348, 216, 144, 192, 180, 168, 180, 192, 228, 240, 144, 132, 120, 156, 96, 156, 252, 132, 228, 276, 156, 156, 144, 300, 168, 120, 120, 108, 72, 36, 24, 12, 84, 96, 60, 36, 96, 108, 84, 60, 84, 60, 72, 36, 72, 72, 84, 72, 24, 48, 12, 48, 60, 96, 60, 48, 60, 72, 36, 36, 24, 120, -1, -1, -1, 0, -1]",44.4989091324745,11.316433339438,4565,4701.0
2.82 2.31 6 1,"[48, 12, 24, 0, 48, 12, 12, 12, 0, 24, 12, 12, 12, 0, 12, 12, 12, 0, 0, 12, 36, 12, 12, 24, 12, 0, 0, 0, 0, 0, 0, 12, 0, 0, 0, 12, 12, 12, 0, 0, 0, 0, 24, 24, 0, 0, 0, 0, 0, 0, 12, 12, 0, 0, 0, 0, 0, 0, 12, 0, 0, 0, 24, 24, 48, 12, 12, 12, 48, 12, 0, 12, 60, 72, 0, 60, 24, 36, 36, 72, 36, 84, 12, 108, 216, 96, 120, 168, 144, 156, 168, 228, 288, 324, 288, 444, 396, 216, 360, 252, 252, 204, 240, 240, 228, 276, 216, 156, 180, 132, 168, 180, 120, 192, 204, 276, 84, 288, 192, 60, 132, 96, 240, 192, 180, 144, 168, 180, 120, 204, 120, 180, 96, 96, 180, 144, 156, 132, 132, 252, 192, 144, 264, 192, 108, 156, 144, 168, 144, 96, 156, 180, 216, 216, 228, 180, 156, 192, 108, 108, 96, 108, 168, 156, 144, 192, 156, 132, 84, 156, 300, 96, 216, 168, 132, 132, 96, 132, 168, 144, 204, 108, 156, 156, 120, 120, 120, 132, 192, 156, 240, 180, 96, 240, 240, 144, 192, 276, 84, 228, 252, 156, 216, 120, 240, 180, 204, 108, 228, 216, 204, 180, 156, 288, 132, 216, 180, 180, 228, 156, 192, 156, 144, 120, 108, 168, 204, 216, 156, 180, 144, 204, 144, 156, 144, 96, 132, 60, 120, 156, 120, 60, 168, 144, 60, 108, 96, 144, 84, 96, 48, 48, 48, 48, 144, 72, 24, 36, 36, 24, 60, 48, 60, 60, 60, 72, 24, 36, 24, 72, 60, 24, 36, 60, 48, 60, 48, 12, 24, 48, 0, 36, 12, 24, 60, 0, 24, 12]",44.5038846559691,11.3133096525433,8777,8776.0
2.84 0.127 4 1,"[240, 24, 72, 72, 144, 60, 60, 72, 72, 36, 72, 48, 48, 36, 60, 84, 48, 12, 24, 84, 60, 36, 36, 36, 24, 24, 24, 36, 0, 36, 24, 12, 12, 12, 24, 0, 12, 48, 0, 84, 60, 36, 12, 72, 60, 84, 84, 72, 60, 72, 60, 84, 84, 96, 72, 156, 84, 84, 36, 60, 60, 72, 132, 24, 156, 156, 108, 84, 96, 84, 156, 96, 120, 36, 120, 156, 216, 180, 192, 300, 264, 180, 216, 276, 336, 336, 108, 480, 588, 468, 540, 648, 624, 672, 504, 492, 480, 504, 588, 552, 672, 552, 588, 564, 564, 480, 432, 360, 576, 396, 312, 504, 312, 420, 300, 420, 276, 360, 372, 240, 324, 336, 456, 336, 372, 372, 324, 384, 372, 408, 396, 408, 324, 324, 300, 312, 444, 288, 408, 288, 288, 252, 444, 396, 372, 444, 372, 288, 396, 336, 372, 468, 480, 312, 324, 336, 348, 396, 384, 528, 396, 396, 312, 456, 312, 336, 288, 408, 324, 300, 504, 432, 360, 492, 276, 360, 192, 420, 348, 372, 312, 168, 264, 360, 372, 444, 360, 492, 300, 252, 324, 264, 384, 480, 432, 432, 324, 336, 444, 492, 372, 396, 432, 456, 552, 372, 504, 420, 420, 684, 276, 408, 432, 324, 372, 300, 516, 348, 360, 432, 408, 456, 492, 468, 516, 384, 336, 324, 504, 420, 420, 348, 372, 336, 360, 324, 516, 396, 408, 324, 240, 372, 276, 312, 420, 348, 300, 372, 252, 252, 180, 120, 168, 156, 120, 180, 96, 228, 48, 204, 168, 240, 72, 144, 132, 120, 216, 168, 156, 120, 60, 240, 108, 156, 168, 60, 120, 120, 72, 156, 120, 144, 96, 144, 144, 144, 96, 108]",44.5207592543387,11.2945731913564,8901,8903.0
2.84 0.127 8 1,"[48, 168, 276, 168, 156, 72, 84, 132, 96, 144, 84, 108, 96, 120, 120, 96, 72, 96, 84, 120, 48, 36, 0, 60, 36, 48, 24, 72, 36, 12, 36, 24, 12, 60, 48, 36, 12, 24, 84, 12, 84, 36, 24, 72, 72, 72, 36, 72, 108, 120, 84, 120, 144, 60, 144, 132, 144, 144, 120, 120, 144, 108, 132, 132, 72, 168, 84, 120, 204, 144, 144, 132, 168, 192, 168, 180, 156, 156, 264, 276, 240, 264, 348, 396, 300, 624, 276, 372, 540, 420, 396, 540, 504, 372, 360, 576, 552, 660, 636, 456, 564, 468, 684, 624, 648, 708, 624, 576, 492, 372, 576, 552, 600, 408, 588, 444, 396, 384, 456, 480, 492, 528, 408, 384, 480, 468, 384, 492, 516, 432, 420, 516, 576, 396, 384, 480, 372, 300, 528, 324, 636, 420, 600, 468, 468, 540, 504, 360, 480, 360, 348, 468, 576, 504, 468, 468, 444, 576, 420, 480, 528, 576, 480, 468, 504, 468, 444, 480, 480, 528, 624, 552, 468, 492, 504, 396, 420, 384, 396, 492, 540, 456, 468, 468, 132, 600, 384, 588, 408, 516, 564, 564, 408, 696, 684, 660, 660, 516, 588, 504, 540, 576, 708, 492, 576, 912, 576, 696, 636, 516, 768, 732, 540, 684, 612, 672, 528, 708, 792, 648, 588, 708, 540, 492, 648, 504, 504, 624, 480, 528, 468, 432, 504, 540, 516, 528, 564, 612, 468, 480, 408, 468, 492, 516, 432, 432, 384, 324, 348, 240, 360, 288, 264, 312, 276, 240, 156, 204, 192, 240, 312, 264, 204, 60, 156, 348, 180, 168, 180, 168, 168, 132, 228, 108, 204, 156, 228, 228, 180, 180, 180, 132, 192, 132, 204, 192, 108, 180]",44.5208615765461,11.2946383719003,13735,8901.0
2.85 2.37 6 1,"[72, 144, 48, 60, 60, 60, 12, 24, 72, 72, 36, 0, 36, 24, 24, 12, 60, 24, 24, 48, 48, 24, 36, 12, 60, 24, 24, 0, 0, 0, 0, 0, 24, 12, 12, 0, 72, 12, 36, 0, 0, 0, 12, 24, 12, 0, 0, 0, 12, 12, 0, 0, 0, 36, 0, 12, 12, 24, 48, 0, 60, 12, 12, 36, 72, 60, 60, 48, 60, 48, 24, 36, 48, 84, 204, 36, 96, 60, 72, 156, 108, 132, 108, 96, 156, 180, 156, 144, 240, 372, 288, 264, 348, 360, 360, 516, 576, 528, 384, 504, 168, 192, 432, 360, 396, 528, 420, 384, 444, 168, 204, 276, 408, 372, 300, 312, 228, 108, 120, 252, 276, 468, 300, 384, 276, 384, 192, 360, 276, 300, 396, 300, 300, 300, 408, 360, 252, 324, 312, 360, 336, 348, 396, 468, 360, 276, 348, 312, 408, 444, 492, 300, 408, 372, 336, 300, 336, 492, 504, 480, 288, 264, 348, 360, 336, 516, 252, 348, 324, 384, 444, 348, 192, 288, 228, 228, 312, 264, 348, 300, 288, 324, 300, 408, 360, 180, 480, 276, 444, 516, 360, 396, 384, 372, 624, 516, 468, 432, 492, 732, 612, 468, 540, 624, 528, 432, 600, 696, 492, 456, 468, 444, 540, 492, 504, 480, 420, 672, 516, 456, 420, 396, 636, 444, 564, 480, 324, 576, 288, 420, 384, 276, 432, 240, 204, 252, 252, 384, 252, 348, 372, 336, 432, 288, 240, 264, 240, 240, 240, 252, 72, 216, 216, 216, 192, 168, 144, 96, 156, 132, 132, 72, 72, 132, 96, 132, 120, 156, 108, 24, 120, 84, 24, 144, 60, 48, 96, 24, 36, 84, 96, 108, 72, 180, 96, 120, 84, 72]",44.5008763219743,11.2751630035012,4333,8604.0
2.85 2.85 2 1,"[48, 60, 48, 60, 60, 12, 24, 12, 0, 0, 36, 48, 24, 0, 12, 12, 0, 0, 0, 36, 12, 0, 0, 24, 0, 12, 0, 12, 0, 12, 0, 0, 24, 0, 0, 0, 0, 0, 12, 0, 0, 12, 0, 0, 0, 0, 36, 0, 0, 0, 36, 0, 24, 12, 12, 36, 24, 0, 0, 12, 12, 12, 24, 24, 12, 36, 84, 144, 168, 96, 72, 36, 36, 48, 84, 60, 36, 108, 156, 72, 108, 72, 144, 156, 228, 192, 204, 168, 300, 276, 312, 564, 300, 492, 420, 300, 396, 240, 396, 324, 348, 480, 276, 384, 336, 276, 384, 312, 348, 276, 216, 192, 264, 240, 276, 336, 312, 180, 216, 168, 216, 216, 156, 192, 96, 324, 216, 276, 228, 252, 144, 192, 216, 288, 168, 228, 132, 264, 252, 264, 240, 252, 264, 192, 276, 252, 216, 300, 168, 240, 228, 276, 324, 156, 252, 228, 144, 264, 156, 324, 264, 168, 324, 288, 276, 192, 264, 204, 192, 228, 276, 300, 228, 312, 192, 240, 300, 216, 228, 252, 228, 192, 252, 240, 132, 216, 288, 216, 216, 288, 228, 288, 228, 216, 288, 288, 264, 216, 216, 240, 324, 240, 360, 372, 408, 360, 288, 300, 276, 192, 276, 360, 408, 264, 252, 180, 372, 396, 360, 276, 264, 276, 288, 312, 312, 480, 276, 156, 228, 264, 348, 324, 228, 180, 180, 240, 276, 192, 192, 216, 216, 216, 96, 120, 96, 24, 72, 228, 36, 96, 36, 72, 108, 96, 48, 48, 24, 120, 132, 84, 96, 108, 120, 96, 72, 84, 72, 24, 12, 96, 84, 48, 36, 36, 36, 96, 12, 36, 48, 60, 48, 12, 24, 12, 36, 36, 60, 36]",44.5006898545375,11.2747272958665,4333,13140.0
2.93 2.37 2 1,"[96, 60, 84, 84, 72, 36, 72, 48, 36, 12, 72, 48, 12, 12, 0, 24, 12, 24, 48, 60, 12, 36, 24, 36, 12, 36, 0, 24, 0, 12, 0, 12, 24, 0, 24, 12, 0, 0, 24, 0, 0, 24, 0, 0, 0, 0, 24, 0, 12, 12, 72, 0, 48, 24, 72, 48, 12, 0, 0, 24, 24, 48, 24, 36, 72, 48, 84, 108, 168, 84, 72, 84, 48, 72, 120, 84, 72, 84, 144, 60, 144, 96, 180, 180, 228, 228, 216, 192, 348, 228, 456, 504, 456, 648, 504, 420, 432, 300, 348, 504, 564, 492, 540, 396, 432, 312, 516, 360, 288, 360, 228, 228, 288, 372, 468, 264, 336, 228, 324, 252, 312, 264, 192, 288, 216, 516, 156, 396, 312, 228, 264, 228, 384, 276, 324, 336, 264, 288, 432, 300, 228, 372, 372, 372, 492, 276, 288, 372, 300, 360, 336, 408, 468, 264, 360, 312, 228, 336, 336, 300, 288, 408, 384, 288, 456, 216, 348, 348, 264, 312, 312, 408, 456, 288, 216, 276, 348, 300, 288, 192, 360, 372, 240, 276, 216, 120, 384, 288, 288, 468, 396, 480, 420, 396, 480, 432, 324, 420, 516, 288, 408, 432, 492, 456, 492, 516, 444, 396, 504, 336, 492, 468, 480, 468, 312, 408, 420, 480, 372, 456, 528, 432, 372, 324, 492, 480, 396, 384, 300, 384, 336, 384, 360, 216, 336, 360, 384, 396, 264, 444, 420, 216, 168, 204, 144, 192, 240, 300, 108, 156, 96, 180, 96, 180, 108, 96, 96, 168, 156, 168, 120, 180, 96, 108, 108, 72, 120, 96, 96, 168, 84, 60, 36, 120, 108, 132, 36, 48, 48, 84, 120, 120, 72, 48, 48, 48, 84, 120]",44.5047254262355,11.28089932539,13850,8603.0
2.95 2.4 6 1,"[372, 240, 240, 264, 96, 312, 156, 240, 168, 192, 156, 216, 168, 60, 156, 108, 84, 84, 60, 72, 96, 108, 156, 72, 84, 36, 96, 24, 48, 84, 96, 48, 36, 36, 0, 0, 24, 24, 48, 0, 36, 24, 60, 0, 12, 12, 12, 12, 24, 24, 84, 36, 24, 72, 96, 96, 48, 72, 72, 36, 48, 60, 24, 96, 132, 108, 108, 84, 108, 48, 120, 48, 36, 96, 144, 132, 204, 180, 204, 228, 324, 252, 300, 300, 312, 504, 528, 768, 768, 780, 768, 708, 840, 780, 696, 828, 780, 684, 780, 696, 672, 588, 732, 552, 816, 672, 600, 648, 600, 660, 780, 684, 600, 732, 732, 564, 768, 600, 744, 708, 696, 684, 564, 540, 864, 612, 420, 588, 744, 648, 576, 564, 528, 732, 744, 660, 516, 828, 636, 720, 624, 576, 780, 624, 648, 612, 528, 984, 648, 648, 768, 816, 744, 696, 672, 852, 732, 852, 864, 924, 744, 684, 780, 792, 768, 636, 720, 504, 696, 852, 816, 912, 708, 696, 804, 816, 588, 636, 732, 900, 672, 708, 828, 720, 768, 876, 756, 528, 684, 780, 912, 612, 828, 792, 756, 720, 768, 912, 732, 696, 720, 828, 780, 732, 648, 732, 816, 984, 924, 696, 792, 864, 768, 648, 900, 816, 780, 804, 804, 792, 828, 900, 804, 852, 624, 744, 816, 864, 648, 768, 888, 936, 768, 720, 768, 720, 648, 804, 564, 744, 840, 744, 660, 612, 540, 648, 576, 468, 372, 468, 480, 432, 432, 360, 312, 444, 288, 204, 348, 336, 336, 300, 312, 300, 348, 300, 408, 264, 312, 288, 360, 180, 312, 264, 444, 396, 264, 408, 324, 324, 432, 480, 240, 516, 468, 408, 444, 432]",44.4896143680428,11.3208167613095,4657,4539.0
2.95 2.5 2 1,"[0, 36, 36, 24, 48, 24, 48, 0, 36, 36, 24, 0, 24, 0, 12, 0, 0, 0, 0, 24, 12, 12, 0, 12, 0, 0, 0, 0, 0, 0, 0, 0, 0, 0, 0, 12, 0, 0, 0, 0, 12, 0, 0, 0, 0, 0, 0, 0, 0, 12, 12, 24, 0, 12, 0, 24, 12, 36, 36, 12, 0, 0, 12, 0, 0, 24, 0, 12, 24, 72, 84, 48, 24, 0, 36, 0, 36, 60, 24, 24, 48, 84, 12, 72, 96, 108, 108, 156, 120, 108, 132, 204, 204, 252, 168, 180, 180, 180, 180, 180, 108, 168, 120, 180, 144, 96, 144, 132, 204, 132, 144, 84, 168, 144, 192, 84, 84, 132, 156, 156, 84, 120, 72, 96, 84, 96, 84, 144, 84, 96, 132, 108, 84, 120, 120, 96, 96, 84, 156, 120, 48, 120, 84, 108, 84, 108, 156, 84, 60, 120, 120, 156, 108, 168, 192, 120, 84, 156, 144, 96, 252, 108, 72, 132, 108, 108, 144, 96, 72, 72, 132, 168, 156, 84, 24, 84, 132, 120, 144, 84, 120, 60, 204, 108, 192, 180, 84, 144, 96, 144, 276, 144, 84, 96, 96, 120, 120, 156, 120, 168, 72, 204, 132, 96, 96, 156, 60, 192, 108, 96, 180, 156, 108, 96, 168, 72, 144, 168, 144, 120, 168, 324, 156, 132, 144, 72, 144, 108, 144, 108, 168, 108, 156, 132, 192, 168, 144, 204, 180, 120, 156, 120, 96, 84, 120, 72, 120, 84, 24, 72, 108, 72, 132, 60, 60, 72, 72, 36, 48, 36, 0, 84, 48, 48, 24, 48, 36, 48, 24, 36, 36, 36, 204, 48, 12, 48, 60, 72, 0, 36, 60, 60, 48, 48, 48, 156, 24, 36]",44.4895928457479,11.3209092063132,4539,4657.0
3.1 0.127 15 1,"[12, 12, 0, 0, 0, 12, 0, 12, 48, 0, 0, 12, 0, 0, 0, 0, 0, 0, 0, 12, 0, 0, 0, 0, 24, 0, 0, 0, 0, 0, 0, 0, 0, 0, 0, 0, 0, 0, 0, 0, 0, 0, 0, 0, 0, 0, 0, 0, 0, 0, 0, 0, 0, 0, 0, 0, 0, 0, 0, 12, 0, 0, 12, 12, 0, 0, 12, 0, 0, 0, 0, 0, 24, 12, 0, 0, 12, 0, 12, 24, 12, 12, 0, 72, 60, 36, 24, 48, 24, 48, 12, 60, 36, 60, 60, 60, 60, 24, 48, 36, 60, 72, 12, 24, 72, 12, 60, 48, 72, 36, 72, 36, 60, 48, 72, 36, 36, 60, 36, 60, 24, 72, 48, 0, 24, 36, 36, 60, 48, 12, 72, 36, 60, 12, 36, 24, 12, 48, 48, 36, 12, 24, 60, 72, 24, 24, 24, 36, 36, 0, 24, 36, 24, 72, 36, 36, 24, 12, 24, 24, 36, 24, 24, 24, 48, 12, 36, 36, 36, 60, 84, 24, 36, 48, 36, 24, 60, 60, 60, 12, 72, 12, 24, 36, 48, 60, 72, 60, 60, 84, 24, 36, 60, 48, 60, 36, 48, 48, 84, 48, 48, 24, 60, 36, 24, 36, 12, 48, 0, 12, 60, 36, 60, 0, 36, 24, 24, 120, 48, 60, 48, 12, 48, 48, 0, 24, 36, 12, 48, 60, 0, 36, 24, 36, 0, 24, 84, 0, 48, 48, 36, 0, 12, 0, 0, 0, 12, 0, 24, 12, 24, 12, 36, 12, 0, 12, 12, 12, 12, 0, 12, 12, 12, 12, 36, 12, 0, 12, 12, 12, 0, 24, 24, 0, 0, 24, 48, 24, 24, 12, 36, 48, 12, 0, 0, 0, 0, 0]",,,,
3.2 0.127 6 1,"[156, 192, 156, 132, 144, 108, 96, 60, 96, 48, 84, 60, 72, 72, 60, 84, 84, 48, 72, 84, 108, 36, 60, 96, 120, 72, 12, 24, 48, 24, 12, 36, 36, 60, 12, 60, 48, 24, 48, 12, 12, 36, 36, 12, 24, 12, 48, 12, 48, 36, 48, 0, 36, 60, 24, 36, 48, 24, 72, 36, 84, 72, 72, 108, 84, 84, 120, 192, 180, 96, 108, 132, 60, 60, 180, 192, 204, 192, 324, 420, 336, 240, 384, 396, 396, 528, 408, 564, 636, 900, 996, 876, 1080, 1116, 1140, 1116, 1056, 1248, 1116, 1104, 936, 936, 1044, 1164, 972, 1272, 1152, 1032, 876, 984, 888, 864, 744, 888, 840, 672, 780, 900, 768, 732, 552, 876, 744, 780, 888, 756, 660, 756, 600, 684, 792, 588, 696, 552, 804, 936, 780, 636, 876, 708, 876, 600, 828, 684, 708, 792, 792, 600, 612, 648, 708, 708, 852, 756, 780, 732, 732, 1020, 1044, 1020, 660, 720, 876, 972, 888, 804, 816, 780, 672, 828, 1164, 720, 792, 780, 672, 660, 888, 876, 828, 828, 1056, 864, 720, 708, 888, 768, 912, 852, 696, 888, 768, 672, 972, 744, 876, 924, 864, 900, 744, 912, 1104, 876, 1104, 912, 888, 1080, 912, 1080, 1092, 912, 984, 972, 864, 1116, 960, 600, 948, 912, 984, 948, 924, 1008, 804, 1008, 1032, 816, 900, 780, 672, 600, 948, 768, 780, 720, 792, 660, 696, 852, 756, 648, 576, 612, 780, 684, 528, 540, 552, 384, 468, 432, 504, 312, 264, 408, 264, 252, 300, 324, 228, 276, 204, 240, 372, 300, 264, 120, 192, 252, 264, 180, 180, 288, 168, 216, 288, 204, 348, 180, 228, 252, 300, 336, 312, 288, 180, 240, 228, 228]",,,,
3.2 3.2 6 1,"[156, 204, 120, 156, 132, 168, 72, 108, 96, 48, 84, 60, 72, 60, 72, 84, 84, 48, 60, 96, 120, 36, 48, 96, 132, 84, 12, 24, 48, 24, 12, 36, 48, 72, 12, 60, 48, 24, 48, 12, 12, 36, 36, 12, 36, 12, 48, 24, 48, 48, 48, 0, 36, 60, 48, 36, 60, 24, 72, 36, 84, 72, 72, 120, 84, 96, 144, 180, 192, 96, 96, 108, 84, 72, 192, 204, 228, 192, 324, 420, 348, 216, 348, 408, 420, 564, 408, 528, 684, 840, 960, 1164, 1008, 1176, 1248, 984, 1200, 1236, 1308, 1248, 936, 1104, 1056, 1272, 1056, 1236, 1188, 1020, 984, 924, 1008, 804, 768, 936, 936, 732, 852, 852, 888, 804, 588, 876, 756, 792, 888, 924, 648, 780, 672, 708, 804, 672, 696, 576, 816, 1044, 792, 720, 924, 732, 900, 708, 732, 756, 780, 804, 912, 636, 528, 780, 732, 744, 852, 768, 792, 900, 804, 1104, 996, 1212, 768, 756, 804, 1092, 948, 960, 852, 792, 672, 780, 1128, 864, 912, 852, 672, 672, 828, 996, 852, 864, 1056, 984, 684, 756, 972, 744, 1068, 888, 732, 912, 852, 660, 864, 864, 864, 996, 840, 984, 696, 1008, 1128, 852, 1212, 972, 924, 1128, 936, 1104, 1164, 1008, 1020, 996, 828, 1152, 996, 588, 984, 900, 984, 1092, 972, 1080, 840, 1044, 1008, 792, 900, 708, 780, 732, 912, 840, 792, 672, 852, 852, 684, 900, 696, 720, 636, 624, 780, 612, 600, 564, 492, 468, 444, 444, 516, 288, 300, 396, 276, 276, 312, 324, 204, 264, 276, 264, 360, 324, 228, 180, 204, 264, 252, 180, 156, 324, 156, 240, 276, 216, 384, 180, 228, 276, 324, 336, 324, 264, 192, 252, 192, 240]",44.5171014987984,11.331663394895,8750,17468.0
3.3 0.127 5 1,"[-1, -1, -1, -1, -1, -1, -1, -1, -1, -1, -1, -1, -1, -1, -1, -1, -1, 0, 24, 24, 24, 12, 0, 36, 12, 12, 0, 24, 0, 0, 24, 0, 0, 0, 0, 24, 12, 0, 12, 12, 0, 0, 12, 0, 0, 0, 0, 12, 12, 24, 12, 0, 12, 0, 0, 0, 12, 0, 24, 12, 0, 12, 0, 0, 24, 24, 36, 24, 72, 12, 0, 48, 0, 48, 12, 0, 36, 24, 84, 60, 120, 60, 72, 72, 60, 72, 96, 72, 216, 192, 132, 204, 204, 216, 192, 240, 168, 228, 396, 252, 348, 216, 300, 324, 264, 252, 204, 180, 252, 240, 192, 180, 168, 240, 180, 240, 264, 264, 216, 144, 180, 168, 240, 180, 324, 216, 300, 228, 360, 228, 240, 228, 240, 228, 240, 240, 192, 252, 300, 324, 252, 276, 264, 240, 168, 264, 192, 336, 276, 312, 156, 396, 276, 372, 168, 216, 288, 396, 300, 504, 408, 288, 192, 228, 264, 324, 180, 312, 204, 300, 336, 228, 276, 276, 240, 228, 336, 288, 372, 252, 204, 252, 300, 240, 240, 336, 204, 276, 192, 348, 216, 396, 396, 228, 300, 336, 348, 228, 216, 276, 408, 324, 252, 300, 360, 312, 384, 408, 324, 252, 192, 324, 276, 228, 324, 276, 228, 444, 372, 288, 288, 372, 180, 348, 192, 252, 132, 324, 300, 288, 252, 288, 252, 288, 372, 240, 312, 288, 144, 264, 264, 264, 204, 192, 216, 132, 144, 168, 180, 60, 156, 252, 108, 192, 144, 84, 96, 120, 168, 84, 132, 84, 132, 72, 36, 120, 192, 84, 72, 36, 120, 72, 48, 60, 72, 84, 72, 84, 72, 72, 36, 156, 60, 108, 60, 120, 60, 72]",44.5138629192094,11.3268722418235,17305,14330.0
3.3 0.127 6 1,"[-1, -1, -1, -1, -1, -1, -1, -1, -1, -1, -1, -1, -1, -1, -1, -1, -1, 180, 72, 24, 96, 60, 72, 36, 60, 96, 60, 24, 48, 36, 24, 60, 0, 36, 72, 36, 0, 24, 72, 60, 48, 60, 48, 72, 24, 36, 60, 24, 36, 108, 72, 48, 120, 132, 84, 120, 84, 84, 108, 96, 120, 132, 156, 228, 144, 144, 336, 276, 384, 288, 192, 288, 264, 192, 288, 240, 408, 396, 468, 420, 612, 504, 372, 204, 288, 516, 408, 576, 624, 612, 672, 600, 756, 684, 1200, 1068, 612, 1008, 1488, 636, 684, 816, 744, 1500, 1512, 1512, 1608, 1272, 1416, 1308, 1440, 1140, 900, 1176, 1188, 1188, 1008, 1560, 1272, 972, 1068, 840, 1140, 888, 1080, 984, 888, 804, 768, 924, 732, 900, 936, 816, 612, 972, 636, 972, 876, 768, 948, 720, 792, 780, 972, 732, 828, 744, 840, 804, 708, 1032, 552, 1056, 804, 648, 888, 744, 840, 840, 888, 792, 732, 732, 792, 648, 636, 840, 840, 900, 1032, 816, 924, 732, 852, 852, 816, 960, 888, 636, 744, 804, 744, 564, 864, 912, 948, 720, 864, 780, 1092, 1020, 1104, 804, 828, 744, 648, 612, 672, 708, 840, 1080, 744, 1188, 1248, 948, 1116, 1152, 1092, 1008, 876, 912, 1104, 864, 624, 852, 948, 1092, 1272, 1236, 720, 1128, 852, 1512, 1056, 996, 1188, 1116, 1020, 1020, 1104, 720, 768, 648, 552, 720, 660, 576, 444, 492, 468, 732, 732, 924, 876, 636, 612, 612, 468, 444, 348, 372, 624, 420, 444, 504, 468, 348, 372, 348, 324, 324, 204, 468, 396, 288, 336, 300, 396, 252, 324, 216, 288, 216, 204, 180, 312, 276, 300, 252, 252, 456, 300, 360, 132, 204, 240, 192]",44.5137406252331,11.3275021836665,17307,14496.0
3.3 3.4 2 1,"[-1, -1, -1, -1, -1, -1, -1, -1, -1, -1, -1, -1, -1, -1, -1, -1, -1, 60, 192, 108, 168, 96, 120, 84, 84, 24, 36, 96, 120, 48, 24, 60, 84, 36, 12, 84, 12, 36, 72, 12, 36, 24, 24, 12, 12, 48, 36, 36, 60, 60, 24, 72, 60, 84, 36, 72, 144, 168, 120, 132, 120, 108, 204, 216, 108, 156, 84, 300, 120, 120, 156, 156, 228, 264, 156, 336, 288, 300, 324, 336, 528, 528, 528, 456, 540, 420, 816, 660, 768, 1032, 948, 1056, 972, 936, 960, 924, 996, 1260, 1092, 948, 864, 720, 744, 924, 744, 732, 792, 900, 924, 636, 744, 912, 792, 696, 720, 792, 864, 828, 744, 564, 744, 720, 660, 696, 768, 612, 660, 552, 828, 504, 660, 828, 528, 792, 672, 684, 648, 516, 432, 852, 420, 792, 612, 648, 516, 672, 540, 816, 528, 900, 780, 756, 636, 588, 684, 660, 672, 948, 636, 624, 912, 660, 744, 840, 864, 624, 648, 912, 588, 816, 804, 780, 672, 684, 864, 732, 768, 732, 792, 708, 708, 888, 828, 636, 696, 660, 840, 900, 696, 696, 672, 600, 708, 876, 588, 684, 840, 636, 792, 660, 768, 756, 708, 888, 792, 696, 924, 792, 876, 732, 900, 684, 1080, 828, 576, 768, 660, 828, 876, 900, 1128, 504, 864, 744, 720, 996, 888, 672, 768, 888, 948, 816, 804, 708, 528, 684, 696, 816, 1044, 648, 504, 708, 528, 636, 588, 588, 552, 588, 612, 708, 636, 540, 396, 456, 396, 468, 468, 564, 492, 360, 288, 336, 540, 456, 288, 324, 396, 204, 420, 252, 324, 300, 276, 300, 384, 372, 480, 504, 372, 408, 384, 504, 312, 228, 288, 348, 324, 276]",,,,
3.4 3.3 6 1,"[264, 348, 228, 228, 252, 144, 336, 180, 276, 252, 180, 168, 252, 168, 192, 156, 108, 180, 204, 84, 156, 168, 120, 96, 180, 132, 48, 48, 60, 48, 84, 72, 24, 24, 84, 84, 0, 48, 72, 84, 48, 36, 60, 48, 24, 24, 72, 24, 72, 48, 120, 48, 96, 60, 48, 72, 72, 84, 144, 84, 60, 96, 84, 192, 144, 120, 72, 228, 252, 180, 156, 168, 252, 180, 204, 192, 360, 300, 468, 300, 540, 456, 636, 420, 684, 780, 792, 876, 1116, 984, 1056, 1224, 1428, 1332, 1344, 1416, 1476, 1500, 1392, 1380, 1356, 1416, 1428, 1392, 1332, 1344, 1176, 1116, 984, 1188, 1296, 948, 984, 936, 876, 1044, 1068, 948, 840, 900, 828, 1104, 1128, 972, 996, 1164, 960, 960, 1164, 1032, 1044, 1200, 984, 984, 1044, 1164, 1092, 1032, 1056, 1200, 1188, 1080, 1152, 1056, 1092, 852, 1152, 1176, 1296, 1068, 1380, 1356, 1212, 1224, 900, 1200, 1116, 1428, 1248, 1512, 1296, 996, 1176, 948, 1080, 1188, 972, 1176, 1056, 1284, 1476, 1188, 1368, 1128, 984, 960, 1188, 1140, 1140, 996, 1020, 1212, 1128, 1128, 1212, 1140, 1200, 1188, 1068, 1104, 1140, 1272, 1248, 1212, 1392, 1056, 1248, 1200, 1284, 1200, 1392, 1188, 1092, 1176, 1248, 1332, 1560, 1260, 1140, 852, 1404, 1212, 1164, 936, 960, 1236, 1236, 1224, 1344, 1284, 1248, 1188, 972, 1200, 864, 1032, 948, 1104, 1140, 1284, 1068, 1320, 1224, 1044, 1032, 924, 1092, 1068, 1092, 1032, 900, 852, 972, 1104, 744, 696, 780, 648, 732, 588, 612, 792, 468, 648, 480, 588, 528, 612, 528, 504, 612, 444, 408, 504, 456, 456, 528, 552, 348, 480, 432, 360, 480, 408, 312, 396, 528, 492, 432, 396, 480, 612, 504, 456, 372, 420, 336, 396]",44.5094068235362,11.3291653627786,10156,8749.0
3.4 3.5 2 1,"[192, 264, 216, 264, 228, 168, 312, 156, 168, 216, 144, 72, 120, 192, 132, 120, 168, 132, 156, 120, 108, 144, 108, 120, 48, 60, 72, 60, 108, 60, 24, 24, 24, 84, 12, 36, 24, 36, 24, 0, 24, 12, 60, 0, 36, 12, 36, 24, 36, 36, 12, 24, 48, 36, 12, 36, 84, 84, 132, 48, 120, 180, 96, 108, 108, 180, 192, 216, 72, 156, 192, 168, 84, 312, 132, 252, 252, 300, 348, 336, 456, 612, 660, 384, 732, 420, 636, 564, 1032, 948, 960, 1044, 1344, 1320, 1308, 816, 984, 1404, 1416, 1236, 1140, 1020, 1272, 1092, 912, 1284, 1200, 1188, 960, 1032, 948, 960, 1128, 948, 828, 996, 984, 936, 912, 900, 864, 876, 996, 852, 888, 1116, 972, 792, 948, 996, 888, 924, 1032, 816, 1032, 948, 924, 900, 768, 1140, 948, 816, 996, 876, 972, 948, 924, 960, 876, 912, 888, 1284, 984, 936, 864, 936, 936, 756, 888, 660, 936, 960, 876, 1068, 900, 1008, 888, 1020, 780, 960, 1044, 1164, 852, 852, 900, 876, 972, 888, 912, 804, 780, 924, 924, 1080, 912, 720, 780, 1068, 1092, 1128, 876, 984, 984, 972, 924, 984, 1008, 1032, 1092, 756, 1044, 960, 1080, 984, 1080, 1164, 1056, 1212, 1308, 1056, 888, 1140, 1116, 1308, 1092, 936, 1164, 924, 948, 996, 1104, 1116, 1092, 1068, 864, 1080, 1212, 1128, 1068, 924, 1344, 984, 1176, 996, 1044, 744, 972, 1116, 912, 828, 864, 864, 864, 720, 816, 696, 828, 696, 744, 840, 852, 696, 480, 564, 492, 588, 588, 540, 504, 456, 408, 408, 492, 480, 360, 468, 312, 348, 468, 396, 264, 408, 444, 408, 276, 504, 456, 468, 408, 348, 480, 360, 384, 300, 372, 384, 276, 348]",44.5088963436007,11.3293393409018,10156,15572.0
3.4 3.5 2 2,"[0, 0, 0, 0, 0, 0, 0, 0, 0, 0, 0, 0, 0, 0, 0, 0, 0, 0, 0, 0, 0, 0, 0, 0, 0, 0, 0, 0, 0, 0, 0, 0, 0, 0, 0, 0, 0, 0, 0, 0, 0, 0, 0, 0, 0, 0, 0, 0, 0, 0, 0, 0, 0, 0, 0, 0, 0, 0, 0, 0, 0, 0, 0, 0, 0, 0, 0, 0, 0, 0, 0, 0, 0, 0, 0, 0, 0, 0, 0, 0, 0, 0, 0, 0, 0, 0, 0, 0, 0, 0, 0, 0, 0, 0, 0, 0, 0, 0, 0, 0, 0, 0, 0, 0, 0, 0, 0, 0, 0, 0, 0, 0, 0, 0, 0, 0, 0, 0, 0, 0, 0, 0, 0, 0, 0, 0, 0, 0, 0, 0, 0, 0, 0, 0, 0, 0, 0, 0, 0, 0, 0, 0, 0, 0, 0, 0, 0, 0, 0, 0, 0, 0, 0, 0, 0, 0, 0, 0, 0, 0, 0, 0, 0, 0, 0, 0, 0, 0, 0, 0, 0, 0, 0, 0, 0, 0, 0, 0, 0, 0, 0, 0, 0, 0, 0, 0, 0, 0, 0, 0, 0, 0, 0, 0, 0, 0, 0, 0, 0, 0, 0, 0, 0, 0, 0, 0, 0, 0, 0, 0, 0, 0, 0, 0, 0, 0, 0, 0, 0, 0, 0, 0, 0, 0, 0, 0, 0, 0, 0, 0, 0, 0, 0, 0, 0, 0, 0, 0, 0, 0, 0, 0, 0, 0, 0, 0, 0, 0, 0, 0, 0, 0, 0, 0, 0, 0, 0, 0, 0, 0, 0, 0, 0, 0, 0, 0, 0, 0, 0, 0, 0, 0, 0, 0, 0, 0, 0, 0, 0, 0, 0, 0, 0, 0, 0, 0, 0, 0]",44.5056966384686,11.3311753655196,14905,10225.0
3.4 3.59 8 1,"[72, 48, 60, 48, 96, 36, 120, 12, 72, 24, 96, 12, 24, 24, 24, 36, 48, 36, 48, 24, 36, 24, 48, 12, 48, 24, 24, 12, 12, 12, 12, 12, 12, 12, 12, 12, 24, 12, 36, 0, 0, 0, 0, 12, 12, 36, 12, 12, 12, 36, 24, 48, 24, 24, 24, 24, 60, 72, 36, 48, 36, 60, 72, 48, 24, 24, 96, 96, 72, 96, 48, 96, 108, 108, 120, 156, 132, 156, 192, 180, 264, 228, 240, 324, 276, 312, 456, 444, 384, 564, 300, 312, 480, 336, 192, 348, 372, 396, 300, 444, 408, 420, 288, 432, 276, 444, 516, 468, 408, 264, 348, 480, 480, 252, 240, 432, 384, 600, 276, 444, 492, 300, 372, 528, 432, 312, 396, 504, 408, 468, 420, 312, 372, 420, 276, 360, 396, 336, 312, 324, 372, 348, 288, 264, 312, 336, 408, 432, 480, 312, 264, 276, 240, 276, 504, 324, 384, 372, 432, 456, 516, 384, 288, 432, 264, 468, 300, 384, 276, 420, 372, 408, 408, 444, 372, 480, 468, 420, 420, 504, 528, 324, 432, 312, 168, 492, 480, 456, 492, 420, 456, 480, 492, 324, 516, 384, 348, 576, 468, 360, 444, 504, 228, 408, 276, 432, 336, 324, 588, 492, 480, 516, 588, 552, 504, 432, 444, 492, 216, 324, 444, 432, 540, 384, 324, 312, 348, 456, 420, 336, 372, 312, 480, 492, 540, 336, 324, 432, 456, 540, 384, 444, 288, 420, 468, 396, 336, 360, 132, 336, 180, 276, 264, 300, 288, 300, 192, 240, 204, 192, 180, 168, 324, 132, 276, 204, 240, 108, 144, 144, 168, 156, 180, 84, 156, 144, 84, 120, 228, 168, 96, 192, 156, 144, 84, 84, 144, 120]",44.509072143737,11.3297354963508,10156,14532.0
3.5 3.4 6 1,"[312, 300, 204, 240, 204, 252, 228, 192, 204, 216, 120, 180, 180, 156, 180, 168, 72, 204, 132, 84, 144, 144, 108, 60, 132, 120, 36, 36, 72, 60, 108, 48, 24, 12, 108, 48, 12, 36, 84, 60, 36, 24, 36, 36, 36, 24, 48, 24, 72, 60, 108, 72, 60, 48, 36, 84, 84, 72, 132, 72, 72, 72, 96, 204, 108, 60, 108, 216, 168, 180, 168, 168, 252, 156, 192, 240, 240, 276, 420, 420, 396, 552, 504, 432, 636, 684, 756, 1068, 888, 1080, 1272, 1284, 1356, 1296, 1368, 1284, 1536, 1260, 1368, 1356, 1308, 1284, 1452, 1260, 1392, 1296, 1140, 912, 1152, 1164, 1056, 924, 1008, 804, 876, 936, 1092, 1032, 864, 840, 744, 996, 1056, 1044, 1140, 936, 972, 1092, 1104, 1068, 1128, 1032, 1008, 912, 1068, 1032, 1128, 948, 1152, 1056, 1020, 996, 1128, 1128, 756, 984, 1356, 1164, 1188, 1032, 1356, 1104, 1224, 1140, 1008, 1176, 1068, 1464, 1224, 1344, 1176, 1056, 1104, 948, 912, 984, 1212, 948, 1080, 1416, 1020, 1260, 1212, 1248, 876, 1152, 972, 1080, 1092, 816, 1140, 1236, 948, 996, 1116, 1224, 1008, 1236, 1092, 1128, 1152, 1176, 1236, 1188, 1224, 996, 1332, 1116, 1248, 1320, 1224, 924, 1296, 1128, 1152, 1368, 1368, 1272, 1008, 888, 1212, 1248, 984, 948, 960, 1104, 1212, 1344, 1320, 1104, 1152, 960, 1080, 1152, 912, 840, 1176, 984, 1116, 984, 1152, 1272, 1140, 1020, 924, 1008, 1116, 1080, 900, 1068, 864, 768, 960, 840, 744, 816, 684, 636, 708, 636, 636, 672, 612, 540, 444, 516, 540, 516, 480, 480, 540, 540, 360, 504, 432, 456, 516, 492, 264, 432, 456, 312, 504, 300, 324, 468, 444, 516, 468, 384, 480, 492, 480, 432, 312, 492, 384, 408]",44.5065977216555,11.3307191675915,14905,15572.0
3.6 3.5 6 1,"[180, 276, 108, 168, 168, 192, 168, 108, 96, 132, 108, 144, 120, 84, 72, 96, 36, 132, 48, 60, 72, 72, 144, 36, 108, 72, 12, 60, 24, 60, 36, 36, 0, 12, 72, 12, 36, 12, 36, 36, 24, 0, 12, 36, 24, 12, 72, 24, 12, 24, 36, 24, 36, 36, 24, 60, 36, 24, 60, 12, 0, 24, 36, 60, 48, 36, 36, 96, 96, 84, 84, 108, 108, 144, 132, 120, 180, 144, 228, 216, 252, 288, 264, 276, 480, 444, 516, 540, 624, 864, 732, 912, 960, 924, 1128, 1272, 960, 960, 828, 1008, 876, 972, 1008, 768, 996, 924, 708, 864, 1236, 1044, 684, 936, 576, 696, 600, 732, 1128, 876, 720, 744, 564, 840, 996, 744, 924, 588, 792, 720, 780, 648, 1044, 792, 720, 864, 792, 864, 960, 936, 1092, 1032, 744, 864, 780, 816, 684, 840, 936, 984, 912, 480, 1020, 792, 936, 756, 696, 984, 744, 996, 840, 1008, 816, 888, 1020, 708, 732, 636, 876, 756, 948, 888, 888, 924, 840, 744, 768, 660, 804, 792, 552, 600, 840, 816, 684, 936, 972, 936, 792, 696, 960, 972, 780, 888, 684, 1044, 672, 948, 984, 768, 924, 972, 744, 624, 984, 888, 1140, 1008, 1104, 780, 768, 768, 876, 1032, 624, 804, 756, 996, 912, 972, 888, 780, 924, 888, 1068, 852, 624, 864, 948, 756, 828, 732, 1008, 756, 816, 672, 660, 840, 840, 804, 816, 996, 708, 684, 648, 600, 612, 648, 612, 516, 684, 696, 564, 432, 660, 636, 444, 300, 432, 408, 360, 360, 372, 396, 264, 468, 384, 444, 348, 528, 300, 408, 360, 192, 348, 336, 264, 288, 348, 372, 348, 288, 324, 384, 384, 348, 276, 288, 264, 276]",44.5039069666396,11.3324380441526,10164,10225.0
3.6 3.7 2 1,"[168, 96, 228, 168, 192, 168, 120, 132, 60, 132, 60, 84, 84, 132, 72, 96, 156, 108, 36, 156, 60, 132, 72, 108, 24, 60, 48, 12, 48, 96, 24, 12, 0, 24, 0, 24, 0, 24, 0, 0, 12, 12, 36, 12, 24, 12, 0, 48, 36, 36, 24, 24, 60, 24, 24, 12, 0, 60, 48, 24, 24, 48, 12, 36, 48, 84, 72, 120, 60, 72, 72, 84, 48, 168, 120, 84, 180, 216, 144, 216, 252, 504, 348, 288, 444, 288, 492, 300, 492, 696, 600, 816, 660, 696, 864, 672, 708, 756, 780, 636, 720, 900, 780, 792, 624, 600, 780, 612, 504, 672, 720, 840, 624, 672, 732, 684, 588, 696, 804, 828, 540, 648, 552, 528, 672, 792, 540, 672, 708, 804, 744, 696, 612, 564, 540, 588, 564, 660, 624, 828, 528, 660, 840, 660, 828, 468, 648, 600, 648, 600, 576, 816, 876, 816, 624, 756, 744, 600, 624, 612, 576, 660, 672, 780, 624, 576, 720, 792, 504, 456, 768, 600, 624, 468, 744, 600, 552, 660, 516, 516, 600, 588, 612, 852, 660, 516, 660, 576, 612, 828, 564, 624, 708, 816, 696, 564, 540, 636, 708, 660, 636, 828, 780, 684, 540, 552, 636, 672, 852, 696, 636, 732, 696, 624, 576, 744, 732, 660, 780, 720, 780, 672, 648, 960, 756, 780, 1104, 672, 708, 1008, 684, 888, 912, 828, 732, 612, 672, 720, 564, 1008, 648, 660, 888, 444, 396, 660, 600, 564, 504, 372, 480, 480, 444, 324, 300, 396, 420, 372, 252, 288, 276, 240, 204, 348, 276, 360, 204, 240, 192, 396, 204, 276, 312, 336, 168, 312, 228, 420, 240, 300, 252, 240, 204, 192, 216, 384, 168, 180]",44.5033632388523,11.3326588628057,10164,13919.0
3.6 3.8 2 1,"[36, 48, 0, 24, 24, 0, 36, 0, 36, 24, 12, 12, 0, 36, 36, 12, 24, 24, 0, 0, 24, 0, 12, 24, 12, 0, 0, 36, 0, 0, 0, 24, 0, 0, 12, 0, 24, 12, 0, 0, 0, 12, 0, 0, 0, 0, 0, 12, 12, 0, 0, 0, 12, 36, 12, 0, 12, 12, 12, 12, 12, 0, 0, 0, 0, 48, 0, 72, 0, 36, 60, 0, 12, 24, 48, 72, 36, 72, 36, 36, 144, 12, 84, 60, 120, 84, 48, 84, 120, 84, 108, 72, 132, 108, 144, 276, 204, 180, 192, 180, 156, 180, 180, 216, 120, 264, 228, 132, 132, 192, 216, 132, 180, 144, 108, 108, 180, 144, 204, 204, 192, 132, 108, 144, 108, 144, 168, 156, 156, 132, 96, 144, 204, 132, 168, 180, 132, 144, 120, 120, 84, 228, 60, 48, 156, 192, 156, 156, 156, 156, 192, 96, 156, 204, 168, 48, 120, 132, 144, 108, 84, 108, 216, 132, 132, 96, 84, 120, 84, 240, 144, 228, 108, 96, 120, 120, 132, 120, 120, 72, 156, 48, 84, 192, 168, 108, 180, 72, 168, 132, 144, 96, 144, 228, 96, 264, 204, 264, 180, 120, 168, 168, 84, 132, 132, 240, 132, 132, 168, 204, 180, 216, 180, 252, 216, 216, 180, 192, 120, 252, 216, 228, 84, 240, 132, 252, 144, 72, 108, 132, 156, 216, 84, 132, 240, 216, 60, 108, 144, 144, 84, 204, 48, 72, 84, 48, 108, 120, 60, 132, 204, 132, 84, 24, 84, 96, 132, 60, 72, 36, 24, 36, 60, 84, 24, 72, 24, 36, 24, 48, 48, 24, 12, 36, 48, 12, 36, 72, 0, 48, 48, 96, 60, 60, 84, 72, 84, 72]",44.5035083340769,11.3330298604953,10164,16719.0
3.7 2.38 4 1,"[240, 240, 324, 264, 324, 204, 264, 192, 240, 180, 204, 120, 168, 144, 168, 180, 228, 192, 144, 168, 108, 168, 120, 252, 120, 72, 48, 84, 180, 84, 120, 84, 96, 96, 12, 84, 24, 84, 12, 60, 24, 48, 84, 60, 36, 36, 24, 36, 48, 60, 60, 48, 60, 12, 72, 36, 24, 36, 108, 60, 84, 96, 60, 132, 132, 84, 132, 108, 144, 96, 72, 156, 72, 240, 108, 252, 240, 204, 216, 336, 324, 360, 312, 528, 324, 336, 552, 552, 432, 696, 852, 732, 888, 684, 936, 600, 552, 636, 504, 480, 648, 576, 624, 768, 672, 648, 768, 732, 600, 648, 636, 600, 588, 492, 648, 564, 480, 600, 576, 624, 720, 492, 456, 636, 624, 564, 624, 720, 540, 612, 564, 588, 372, 720, 564, 672, 552, 564, 660, 504, 564, 720, 636, 660, 636, 576, 732, 636, 660, 384, 624, 948, 828, 672, 720, 648, 804, 696, 852, 744, 564, 756, 696, 648, 648, 672, 756, 624, 624, 672, 828, 696, 720, 564, 564, 744, 600, 720, 852, 684, 624, 708, 792, 660, 576, 504, 660, 564, 792, 672, 696, 636, 900, 840, 600, 924, 828, 708, 840, 684, 828, 864, 672, 876, 768, 792, 840, 564, 756, 768, 996, 744, 840, 696, 732, 864, 684, 864, 948, 588, 804, 672, 888, 588, 972, 564, 780, 804, 924, 768, 744, 636, 684, 780, 660, 660, 564, 720, 660, 648, 744, 768, 552, 648, 696, 528, 720, 696, 348, 396, 504, 600, 564, 384, 528, 444, 636, 396, 432, 408, 324, 408, 324, 336, 456, 312, 384, 516, 432, 372, 360, 516, 456, 288, 372, 372, 372, 324, 396, 348, 324, 504, 324, 408, 360, 360, 408, 432]",44.5021303998721,11.3322047011224,10158,16697.0
3.7 3.6 6 1,"[132, 144, 84, 108, 96, 132, 144, 72, 48, 96, 48, 132, 48, 72, 60, 60, 36, 84, 36, 48, 36, 72, 84, 36, 84, 12, 24, 36, 24, 24, 24, 24, 12, 12, 48, 12, 48, 12, 36, 12, 36, 0, 12, 36, 36, 12, 36, 12, 60, 12, 36, 36, 12, 0, 24, 12, 36, 36, 24, 12, 0, 24, 48, 48, 24, 24, 24, 72, 72, 48, 48, 48, 84, 72, 84, 48, 120, 96, 108, 156, 168, 120, 168, 156, 288, 240, 264, 384, 420, 528, 444, 624, 636, 516, 696, 768, 528, 660, 600, 600, 672, 648, 576, 504, 828, 564, 432, 468, 744, 588, 420, 588, 372, 396, 432, 528, 720, 492, 480, 444, 312, 528, 648, 432, 552, 444, 636, 504, 624, 444, 636, 420, 492, 516, 384, 468, 564, 600, 552, 600, 444, 492, 444, 444, 420, 516, 624, 564, 528, 288, 672, 492, 552, 456, 432, 636, 600, 600, 432, 648, 588, 540, 624, 420, 456, 324, 480, 432, 528, 552, 612, 600, 588, 516, 504, 336, 564, 468, 384, 408, 504, 540, 372, 600, 708, 540, 516, 468, 492, 684, 504, 468, 384, 720, 432, 564, 528, 408, 456, 660, 408, 396, 576, 636, 744, 600, 600, 564, 432, 516, 504, 660, 444, 516, 480, 516, 612, 492, 576, 456, 540, 444, 540, 480, 420, 408, 600, 480, 468, 420, 540, 492, 492, 444, 372, 528, 504, 432, 516, 480, 396, 408, 444, 348, 288, 468, 300, 288, 360, 372, 276, 264, 252, 384, 168, 252, 240, 300, 168, 228, 240, 252, 144, 324, 228, 264, 264, 324, 120, 264, 228, 156, 252, 180, 144, 240, 240, 228, 240, 168, 264, 228, 216, 264, 144, 204, 156, 252]",44.5029262976651,11.3330778623208,13919,10164.0
3.7 3.8 8 1,"[48, 0, 48, 48, 60, 24, 72, 24, 12, 60, 60, 48, 36, 36, 0, 12, 12, 72, 24, 24, 12, 36, 0, 36, 12, 24, 12, 12, 84, 48, 36, 0, 84, 12, 12, 12, 12, 0, 12, 12, 0, 0, 0, 12, 36, 0, 0, 12, 0, 12, 0, 0, 24, 12, 12, 0, 0, 24, 12, 24, 36, 12, 24, 12, 12, 12, 0, 96, 72, 0, 60, 24, 12, 36, 84, 84, 120, 72, 144, 120, 120, 144, 204, 144, 252, 204, 732, 576, 300, 360, 732, 372, 612, 696, 348, 480, 372, 780, 492, 540, 612, 588, 420, 504, 456, 492, 552, 516, 336, 528, 324, 372, 564, 432, 288, 288, 348, 348, 468, 288, 288, 444, 180, 348, 300, 360, 288, 420, 336, 264, 324, 300, 276, 228, 384, 348, 348, 312, 300, 360, 312, 588, 240, 240, 384, 336, 276, 240, 336, 252, 288, 288, 204, 264, 408, 300, 348, 192, 432, 360, 360, 144, 240, 336, 336, 372, 588, 252, 336, 336, 420, 324, 300, 276, 288, 432, 396, 252, 288, 276, 384, 228, 324, 528, 216, 312, 300, 240, 264, 264, 372, 180, 444, 252, 312, 300, 348, 444, 180, 444, 240, 528, 408, 240, 372, 240, 420, 264, 288, 384, 300, 372, 276, 336, 432, 492, 348, 468, 336, 420, 408, 372, 288, 288, 312, 336, 288, 336, 252, 216, 252, 216, 336, 276, 348, 324, 264, 420, 384, 372, 336, 264, 336, 240, 228, 384, 264, 336, 384, 228, 180, 144, 192, 48, 168, 108, 228, 108, 120, 144, 84, 120, 132, 96, 180, 180, 84, 156, 72, 120, 252, 192, 96, 60, 180, 60, 108, 108, 96, 108, 60, 168, 36, 180, 144, 72, 120, 108]",44.5027935211513,11.3339450814165,10232,10163.0
3.8 0.127 2 1,"[48, 12, 24, 36, 24, 48, 84, 24, 36, 48, 24, 36, 36, 72, 36, 24, 60, 36, 36, 12, 0, 12, 0, 48, 24, 0, 12, 36, 0, 0, 0, 24, 12, 12, 24, 12, 12, 0, 36, 12, 0, 12, 0, 0, 0, 0, 0, 12, 12, 24, 0, 0, 36, 0, 36, 12, 12, 12, 36, 24, 36, 12, 0, 0, 24, 48, 0, 84, 12, 0, 72, 0, 24, 12, 60, 120, 96, 108, 84, 60, 108, 60, 120, 108, 132, 120, 168, 204, 144, 0, 60, 276, 228, 300, 228, 264, 312, 432, 276, 312, 408, 408, 228, 324, 288, 444, 348, 264, 360, 372, 264, 228, 288, 0, 0, 204, 300, 120, 408, 240, 252, 348, 168, 252, 216, 324, 240, 252, 276, 180, 180, 240, 264, 180, 240, 264, 228, 0, 12, 312, 180, 252, 252, 84, 264, 264, 276, 240, 228, 276, 216, 228, 192, 252, 432, 228, 228, 120, 324, 204, 240, 144, 264, 216, 240, 228, 288, 228, 240, 264, 240, 348, 156, 252, 228, 252, 240, 264, 192, 156, 276, 144, 132, 264, 168, 228, 144, 204, 216, 168, 300, 228, 252, 264, 192, 228, 240, 336, 180, 240, 216, 264, 288, 216, 192, 288, 216, 192, 264, 264, 240, 252, 300, 240, 288, 372, 264, 264, 180, 336, 300, 288, 264, 288, 156, 312, 300, 168, 192, 144, 156, 264, 204, 204, 240, 360, 180, 192, 228, 336, 192, 156, 168, 144, 120, 156, 192, 132, 180, 180, 240, 192, 108, 48, 96, 108, 120, 84, 120, 108, 72, 84, 84, 60, 72, 108, 24, 120, 24, 84, 132, 108, 48, 36, 120, 36, 0, 84, 120, 96, 24, 120, 60, 60, 96, 84, 60, 120]",44.5031396394546,11.3352084138379,10163,10208.0
3.8 3.6 6 1,"[48, 120, 60, 72, 48, 36, 48, 96, 60, 96, 72, 24, 108, 36, 24, 24, 12, 24, 36, 36, 0, 0, 36, 36, 0, 24, 0, 12, 24, 24, 24, 12, 0, 0, 0, 0, 12, 12, 0, 0, 24, 12, 0, 12, 12, 0, 24, 12, 0, 12, 0, 12, 0, 0, 12, 12, 0, 0, 24, 0, 0, 0, 0, 48, 12, 12, 12, 12, 24, 48, 24, 12, 36, 0, 24, 96, 36, 60, 60, 36, 120, 72, 84, 96, 108, 120, 120, 228, 168, 108, 168, 180, 300, 168, 144, 324, 156, 132, 204, 252, 144, 216, 204, 204, 216, 192, 144, 180, 156, 108, 252, 264, 144, 132, 168, 180, 132, 120, 216, 168, 228, 180, 204, 144, 336, 312, 204, 384, 228, 168, 204, 240, 180, 216, 192, 48, 276, 228, 204, 204, 144, 168, 276, 180, 180, 132, 252, 216, 144, 192, 288, 156, 240, 192, 192, 168, 168, 336, 288, 216, 204, 192, 216, 192, 228, 216, 204, 264, 216, 216, 240, 264, 156, 192, 192, 228, 264, 228, 72, 228, 216, 252, 132, 300, 372, 228, 192, 288, 144, 252, 276, 180, 240, 348, 264, 180, 228, 252, 300, 180, 228, 144, 300, 216, 264, 276, 108, 252, 252, 300, 204, 300, 216, 252, 240, 240, 372, 288, 228, 324, 204, 204, 204, 276, 144, 252, 288, 216, 288, 276, 192, 180, 192, 180, 108, 252, 300, 204, 192, 180, 156, 156, 180, 192, 144, 144, 192, 48, 180, 108, 108, 96, 144, 180, 84, 132, 120, 120, 60, 132, 96, 72, 60, 60, 120, 144, 36, 96, 60, 120, 36, 120, 72, 120, 120, 168, 156, 84, 84, 96, 132, 156, 72, 84, 72, 60, 144, 96]",44.5033996741291,11.334154495013,16719,10164.0
3.8 3.7 4 1,"[228, 276, 216, 192, 252, 180, 240, 180, 204, 144, 240, 84, 96, 120, 96, 144, 168, 144, 108, 96, 72, 168, 144, 192, 132, 36, 96, 72, 108, 132, 84, 60, 108, 108, 48, 48, 36, 72, 0, 60, 24, 36, 60, 48, 36, 24, 24, 24, 36, 84, 60, 36, 24, 12, 60, 48, 12, 36, 96, 60, 180, 60, 48, 120, 120, 84, 132, 84, 96, 84, 60, 96, 120, 96, 156, 144, 168, 180, 192, 240, 252, 192, 180, 348, 264, 396, 264, 516, 372, 504, 732, 684, 780, 792, 900, 648, 948, 696, 492, 480, 708, 648, 708, 876, 888, 684, 864, 540, 780, 624, 636, 576, 612, 528, 696, 552, 660, 696, 648, 564, 600, 552, 516, 576, 564, 696, 708, 564, 708, 540, 576, 480, 696, 564, 528, 660, 444, 456, 612, 528, 600, 684, 516, 540, 540, 708, 732, 480, 612, 456, 684, 540, 684, 540, 420, 768, 660, 684, 804, 720, 648, 624, 528, 684, 588, 588, 696, 564, 612, 732, 600, 648, 600, 552, 540, 588, 708, 852, 516, 732, 444, 732, 720, 504, 564, 600, 696, 768, 636, 720, 612, 792, 840, 720, 480, 948, 816, 708, 804, 780, 636, 792, 804, 804, 804, 864, 792, 780, 636, 792, 780, 804, 744, 864, 672, 1020, 660, 1044, 804, 780, 792, 648, 588, 732, 708, 600, 732, 1020, 672, 588, 540, 648, 648, 564, 768, 648, 516, 660, 516, 612, 552, 504, 552, 516, 600, 360, 768, 372, 372, 408, 480, 408, 396, 384, 444, 612, 504, 396, 408, 312, 240, 396, 372, 444, 408, 348, 396, 432, 516, 336, 348, 492, 384, 312, 348, 324, 348, 348, 504, 360, 240, 504, 348, 348, 360, 156, 348, 396]",44.503136032281,11.3341949740306,16719,10165.0
3.8 3.9 8 1,"[264, 204, 288, 264, 240, 216, 216, 156, 168, 180, 204, 60, 180, 180, 120, 108, 84, 216, 108, 60, 60, 72, 84, 24, 48, 108, 96, 60, 96, 84, 108, 60, 48, 84, 96, 156, 24, 72, 48, 48, 36, 24, 96, 108, 84, 60, 72, 96, 60, 12, 12, 60, 72, 60, 72, 24, 72, 144, 120, 144, 120, 180, 132, 132, 132, 120, 144, 264, 240, 84, 144, 180, 96, 168, 300, 264, 168, 276, 372, 276, 408, 300, 396, 324, 456, 696, 708, 708, 768, 1152, 1068, 1116, 1080, 1308, 1152, 1068, 1104, 1296, 948, 1392, 1104, 1344, 1068, 948, 996, 1452, 900, 1200, 948, 948, 612, 1056, 948, 996, 996, 768, 1044, 900, 792, 696, 948, 780, 600, 1020, 600, 924, 744, 864, 660, 636, 708, 684, 696, 576, 1116, 732, 996, 804, 636, 648, 996, 912, 672, 852, 624, 912, 732, 876, 744, 456, 996, 792, 768, 696, 840, 804, 840, 912, 1104, 720, 720, 660, 576, 588, 744, 1020, 840, 588, 708, 1032, 996, 732, 792, 924, 960, 708, 888, 480, 708, 756, 756, 672, 684, 1020, 612, 936, 696, 828, 864, 756, 888, 588, 852, 672, 804, 744, 984, 888, 624, 972, 648, 1032, 900, 636, 1176, 924, 1224, 864, 768, 912, 876, 756, 828, 672, 972, 888, 792, 984, 888, 852, 1152, 1056, 648, 840, 804, 1080, 468, 1032, 540, 876, 804, 636, 672, 768, 756, 552, 732, 924, 624, 768, 852, 876, 828, 564, 804, 744, 804, 672, 672, 672, 648, 528, 612, 384, 480, 252, 612, 348, 396, 384, 336, 348, 336, 396, 420, 396, 240, 492, 408, 420, 552, 444, 420, 324, 420, 480, 432, 456, 336, 324, 324, 360, 300, 360, 324, 360, 348, 276]",44.5034933840525,11.3352837495726,10163,10231.0
3.9 0.127 6 1,"[96, 144, 120, 72, 96, 84, 72, 96, 132, 60, 36, 72, 36, 84, 96, 108, 24, 72, 108, 84, 108, 120, 48, 36, 72, 48, 72, 12, 48, 12, 48, 48, 12, 24, 48, 24, 12, 12, 24, 36, 0, 24, 36, 12, 0, 12, 24, 12, 48, 36, 36, 36, 48, 48, 60, 36, 48, 84, 72, 60, 36, 48, 36, 120, 48, 48, 72, 96, 48, 96, 84, 192, 132, 72, 120, 108, 108, 132, 108, 108, 168, 168, 156, 192, 288, 228, 384, 480, 348, 372, 480, 660, 324, 540, 684, 648, 528, 612, 684, 528, 480, 624, 588, 576, 684, 444, 540, 468, 348, 312, 432, 312, 312, 456, 348, 360, 360, 324, 372, 204, 480, 324, 264, 348, 228, 312, 348, 396, 348, 468, 384, 240, 264, 252, 480, 396, 432, 336, 420, 252, 360, 420, 312, 396, 252, 312, 396, 312, 312, 396, 552, 408, 456, 492, 360, 348, 480, 492, 468, 336, 372, 312, 576, 348, 444, 396, 492, 264, 480, 528, 288, 444, 528, 312, 324, 492, 336, 504, 456, 432, 444, 468, 300, 408, 468, 444, 348, 372, 408, 456, 396, 432, 528, 324, 408, 384, 504, 408, 420, 360, 336, 336, 516, 432, 516, 468, 564, 360, 468, 372, 564, 516, 384, 372, 444, 324, 456, 480, 240, 420, 408, 576, 372, 300, 276, 348, 324, 360, 492, 336, 396, 396, 456, 324, 288, 264, 324, 300, 288, 420, 276, 168, 372, 288, 432, 216, 276, 324, 324, 192, 348, 396, 252, 168, 360, 288, 264, 132, 156, 240, 276, 168, 240, 168, 192, 240, 180, 216, 192, 180, 168, 144, 288, 228, 144, 144, 168, 180, 204, 108, 144, 156, 168, 180, 72, 276, 180, 180]",44.5051651583591,11.3370712758788,15486,16716.0
3.9 3.8 4 1,"[120, 108, 108, 144, 120, 96, 144, 60, 96, 108, 108, 96, 48, 48, 48, 72, 132, 96, 72, 48, 48, 84, 144, 96, 84, 36, 60, 72, 48, 96, 48, 24, 120, 48, 24, 36, 36, 36, 0, 36, 24, 24, 36, 48, 24, 36, 12, 24, 36, 36, 36, 36, 12, 0, 48, 24, 24, 60, 72, 36, 60, 72, 72, 84, 84, 36, 84, 84, 60, 48, 48, 72, 84, 60, 156, 84, 84, 120, 108, 156, 180, 120, 180, 156, 144, 300, 180, 312, 180, 384, 456, 576, 396, 576, 408, 384, 564, 516, 396, 372, 432, 336, 396, 444, 564, 480, 588, 408, 420, 456, 408, 384, 360, 372, 480, 300, 384, 372, 456, 264, 444, 324, 252, 408, 348, 420, 468, 228, 348, 348, 432, 384, 336, 252, 456, 384, 264, 300, 276, 252, 372, 348, 240, 264, 324, 432, 288, 312, 372, 276, 444, 312, 396, 312, 408, 300, 324, 300, 456, 444, 252, 348, 264, 396, 444, 444, 336, 288, 288, 360, 384, 384, 384, 264, 348, 348, 384, 600, 288, 408, 360, 336, 492, 300, 384, 336, 372, 300, 384, 432, 384, 516, 516, 264, 288, 480, 540, 432, 420, 420, 360, 504, 456, 540, 456, 408, 456, 444, 468, 372, 684, 372, 408, 588, 492, 468, 360, 600, 432, 372, 420, 468, 420, 372, 168, 420, 444, 456, 384, 420, 336, 480, 372, 240, 492, 300, 300, 348, 384, 336, 372, 312, 360, 348, 384, 300, 372, 264, 180, 216, 228, 312, 228, 192, 288, 336, 312, 216, 192, 192, 180, 276, 228, 360, 120, 192, 252, 192, 324, 84, 168, 288, 240, 120, 144, 156, 204, 180, 216, 228, 156, 192, 168, 132, 120, 156, 108, 252]",44.5046955619006,11.3372983343019,16732,16720.0
3.9 3.52 8 1,"[2520, 1776, 336, 300, 204, 216, 204, 156, 288, 216, 264, 108, 228, 96, 168, 132, 72, 228, 192, 96, 84, 96, 108, 84, 60, 132, 108, 144, 156, 96, 72, 60, 84, 84, 96, 132, 24, 84, 60, 36, 36, 36, 48, 60, 60, 96, 84, 72, 60, 36, 12, 48, 36, 48, 96, 36, 72, 168, 108, 120, 96, 192, 120, 156, 144, 168, 156, 324, 216, 168, 168, 144, 144, 192, 336, 240, 240, 336, 396, 324, 240, 408, 456, 420, 540, 804, 636, 888, 876, 960, 1056, 1116, 1248, 1296, 1272, 1188, 1152, 1308, 1032, 1368, 1260, 1116, 1164, 1020, 996, 1212, 924, 1128, 1020, 888, 840, 1044, 948, 768, 924, 804, 864, 900, 960, 888, 852, 864, 624, 1020, 840, 828, 744, 1008, 888, 852, 756, 708, 780, 876, 924, 864, 948, 684, 876, 840, 996, 1092, 744, 732, 744, 852, 636, 936, 888, 672, 924, 996, 984, 660, 864, 816, 936, 1020, 924, 816, 816, 852, 996, 576, 876, 960, 864, 936, 804, 936, 1104, 1104, 804, 1116, 864, 924, 924, 804, 912, 672, 1044, 888, 780, 1224, 756, 1008, 816, 996, 996, 840, 1008, 696, 1044, 876, 912, 984, 1032, 1212, 1020, 1092, 864, 960, 1200, 888, 1176, 984, 1284, 924, 1032, 888, 1032, 1140, 948, 1176, 1092, 1044, 888, 1008, 1080, 1032, 1152, 1020, 1056, 912, 972, 1068, 876, 972, 780, 1104, 1032, 936, 900, 840, 888, 852, 828, 888, 816, 1032, 972, 720, 972, 660, 1020, 816, 2904, 2508, 3000, 3048, 2796, 2400, 2976, 2388, 2400, 2748, 2568, 3096, 2760, 2736, 2460, 3048, 2724, 2472, 2928, 3012, 3444, 2712, 3084, 2856, 2676, 2676, 2868, 2868, 2724, 2640, 2844, 2988, 2424, 2784, 2772, 2532, 2784, 2664, 2664, 2928, 2448, 2628]",44.5052920964529,11.3388308573875,16717,10230.0
3.10 3.11 2 1,"[36, 36, 36, 72, 60, 12, 12, 24, 0, 12, 24, 12, 24, 24, 24, 24, 12, 24, 24, 0, 12, 24, 0, 36, 24, 0, 36, 0, 12, 0, 12, 12, 12, 24, 0, 0, 0, 0, 12, 0, 0, 12, 12, 24, 0, 12, 0, 12, 12, 0, 24, 0, 12, 0, 0, 24, 24, 0, 12, 24, 12, 36, 0, 24, 72, 60, 36, 48, 48, 48, 84, 132, 36, 120, 84, 108, 132, 108, 84, 132, 120, 84, 156, 204, 168, 180, 204, 276, 324, 300, 276, 312, 408, 552, 444, 408, 516, 456, 468, 516, 420, 480, 288, 432, 372, 456, 348, 324, 372, 288, 348, 216, 228, 240, 360, 288, 180, 324, 288, 216, 252, 276, 168, 300, 204, 180, 288, 276, 360, 240, 264, 348, 228, 324, 252, 324, 204, 228, 276, 264, 288, 324, 360, 276, 300, 228, 240, 252, 264, 300, 228, 216, 276, 228, 240, 312, 276, 216, 216, 204, 288, 240, 240, 204, 204, 228, 336, 276, 276, 276, 192, 168, 300, 288, 192, 264, 264, 252, 324, 216, 228, 288, 264, 120, 264, 288, 312, 312, 192, 300, 264, 216, 216, 276, 288, 420, 444, 276, 300, 288, 288, 396, 288, 420, 372, 372, 300, 408, 288, 372, 372, 432, 432, 612, 288, 456, 312, 300, 360, 324, 408, 372, 216, 276, 360, 372, 468, 180, 324, 384, 300, 288, 144, 144, 324, 300, 324, 276, 240, 360, 264, 228, 252, 192, 192, 144, 204, 216, 240, 144, 132, 156, 132, 120, 180, 84, 120, 96, 36, 48, 192, 120, 84, 108, 120, 108, 96, 96, 84, 108, 72, 120, 132, 96, 120, 72, 96, 84, 96, 84, 24, 72, 72, 36, 60, 60, 36, 60]",44.5502827148231,11.3571671147782,16891,16890.0
3.10 3.13 6 1,"[96, 48, 60, 24, 60, 60, 48, 60, 36, 24, 48, 84, 36, 12, 36, 12, 24, 12, 12, 12, 12, 24, 0, 24, 12, 12, 12, 24, 0, 0, 12, 0, 12, 24, 12, 0, 36, 0, 0, 0, 24, 36, 0, 0, 12, 12, 24, 12, 0, 24, 12, 36, 36, 48, 72, 36, 24, 48, 24, 12, 24, 36, 24, 36, 36, 60, 84, 96, 204, 84, 156, 12, 84, 96, 204, 156, 228, 156, 288, 276, 336, 360, 372, 396, 420, 504, 396, 612, 696, 720, 960, 768, 972, 1140, 1080, 936, 828, 852, 684, 744, 876, 924, 720, 996, 900, 720, 732, 648, 648, 480, 516, 444, 420, 396, 444, 312, 384, 540, 492, 432, 360, 480, 336, 492, 420, 432, 420, 480, 420, 348, 408, 516, 372, 276, 312, 432, 396, 396, 480, 324, 300, 396, 300, 384, 336, 396, 384, 384, 540, 300, 384, 480, 360, 480, 408, 480, 180, 336, 468, 348, 372, 360, 612, 408, 384, 408, 456, 396, 372, 336, 444, 492, 372, 384, 492, 672, 360, 408, 288, 360, 384, 408, 444, 480, 456, 252, 408, 468, 336, 492, 360, 528, 360, 540, 492, 456, 588, 396, 576, 408, 456, 708, 468, 540, 480, 456, 600, 552, 708, 684, 780, 528, 816, 564, 600, 504, 540, 432, 528, 696, 756, 636, 552, 636, 588, 516, 372, 372, 360, 468, 156, 288, 312, 348, 288, 408, 384, 408, 252, 384, 240, 240, 360, 312, 300, 324, 204, 276, 216, 252, 144, 216, 156, 132, 264, 132, 228, 240, 132, 96, 156, 120, 108, 156, 108, 120, 132, 120, 96, 48, 72, 120, 96, 72, 96, 84, 180, 228, 180, 228, 72, 108, 180, 60, 132, 132, 60, 132]",44.5482023668995,11.3633643282992,11132,11088.0
3.11 3.10 6 1,"[84, 24, 48, 84, 36, 36, 60, 84, 36, 24, 12, 24, 0, 12, 0, 24, 0, 12, 36, 24, 12, 36, 0, 24, 24, 12, 24, 0, 0, 0, 12, 24, 24, 12, 0, 0, 12, 24, 0, 0, 0, 24, 0, 12, 36, 12, 48, 12, 12, 12, 12, 0, 12, 24, 36, 0, 36, 24, 12, 24, 48, 12, 24, 36, 48, 24, 72, 36, 36, 48, 24, 96, 24, 96, 84, 36, 84, 84, 24, 84, 72, 108, 216, 120, 96, 204, 120, 168, 240, 348, 216, 252, 228, 348, 276, 432, 324, 324, 276, 168, 324, 204, 324, 288, 312, 252, 240, 240, 348, 288, 276, 180, 168, 180, 264, 168, 384, 336, 264, 228, 216, 216, 264, 216, 408, 264, 252, 264, 264, 336, 276, 312, 204, 228, 240, 120, 216, 72, 324, 276, 240, 312, 264, 312, 252, 396, 372, 192, 216, 192, 192, 216, 324, 204, 252, 348, 264, 312, 300, 276, 324, 288, 228, 384, 144, 72, 228, 288, 240, 324, 252, 300, 240, 288, 288, 264, 276, 36, 312, 264, 276, 96, 288, 252, 228, 288, 336, 240, 336, 264, 252, 264, 168, 300, 324, 348, 372, 336, 336, 456, 372, 384, 300, 432, 156, 204, 288, 480, 348, 300, 348, 408, 276, 168, 396, 36, 288, 456, 360, 372, 372, 372, 444, 432, 300, 216, 312, 240, 144, 96, 288, 324, 276, 324, 192, 300, 336, 228, 288, 264, 324, 192, 204, 192, 144, 276, 204, 192, 120, 180, 204, 72, 156, 84, 96, 84, 156, 156, 168, 108, 60, 132, 72, 24, 84, 120, 72, 144, 120, 84, 36, 84, 60, 120, 84, 108, 156, 48, 84, 72, 108, 72, 60, 108, 96, 12, 84, 48]",44.5480791790952,11.3568750703055,11136,16890.0
3.11 3.12 2 1,"[36, 12, 48, 72, 48, 36, 36, 24, 12, 12, 36, 12, 24, 24, 12, 36, 24, 24, 36, 0, 12, 36, 0, 36, 24, 0, 24, 0, 12, 0, 24, 0, 36, 24, 0, 0, 0, 12, 12, 0, 0, 0, 12, 24, 12, 12, 0, 24, 12, 0, 24, 0, 12, 12, 0, 24, 12, 24, 12, 36, 36, 48, 48, 60, 60, 84, 96, 60, 72, 60, 84, 144, 60, 132, 84, 144, 156, 108, 120, 192, 156, 156, 132, 264, 240, 240, 276, 300, 384, 348, 432, 348, 444, 624, 624, 516, 492, 636, 516, 492, 444, 456, 492, 684, 552, 480, 456, 492, 396, 336, 360, 360, 348, 312, 492, 288, 348, 360, 360, 348, 372, 348, 276, 348, 324, 324, 444, 432, 348, 396, 384, 312, 300, 324, 324, 312, 408, 348, 360, 336, 324, 372, 384, 516, 444, 300, 312, 300, 276, 312, 372, 312, 264, 228, 228, 264, 288, 240, 276, 336, 252, 312, 228, 264, 192, 336, 336, 336, 288, 396, 288, 312, 276, 252, 264, 228, 348, 348, 408, 372, 240, 336, 348, 264, 444, 384, 420, 300, 204, 384, 348, 252, 300, 264, 360, 360, 480, 396, 384, 372, 420, 516, 384, 420, 456, 444, 324, 468, 324, 396, 432, 456, 408, 564, 396, 300, 360, 408, 456, 372, 456, 348, 204, 360, 348, 360, 420, 312, 384, 348, 360, 288, 264, 180, 324, 288, 252, 300, 276, 204, 264, 348, 300, 168, 216, 144, 240, 192, 360, 240, 192, 108, 168, 204, 216, 156, 180, 108, 108, 84, 192, 156, 108, 96, 96, 120, 120, 132, 132, 132, 96, 60, 144, 96, 72, 48, 132, 72, 84, 120, 48, 72, 84, 60, 60, 60, 60, 72]",44.5477597645459,11.3566649703374,11136,14216.0
3.12 3.11 6 1,"[72, 0, 72, 108, 48, 36, 84, 72, 12, 36, 24, 48, 24, 24, 0, 72, 48, 24, 24, 24, 36, 36, 24, 36, 36, 12, 12, 12, 12, 12, 0, 12, 36, 12, 12, 12, 12, 12, 0, 12, 24, 12, 0, 12, 12, 0, 48, 36, 24, 0, 0, 0, 24, 12, 12, 12, 24, 24, 0, 36, 12, 36, 24, 24, 36, 36, 48, 36, 60, 48, 24, 60, 24, 108, 84, 60, 48, 60, 36, 96, 108, 108, 72, 108, 156, 168, 96, 156, 240, 276, 192, 204, 228, 336, 240, 408, 312, 192, 228, 348, 312, 396, 312, 336, 180, 240, 204, 372, 312, 564, 408, 336, 228, 516, 312, 300, 444, 432, 360, 348, 300, 192, 312, 468, 240, 288, 396, 432, 312, 432, 348, 480, 324, 324, 348, 300, 504, 420, 336, 336, 336, 300, 360, 480, 384, 384, 468, 288, 372, 264, 264, 348, 456, 336, 408, 396, 300, 432, 276, 432, 348, 372, 348, 360, 180, 408, 288, 360, 264, 252, 384, 432, 240, 144, 228, 396, 420, 252, 192, 324, 444, 468, 372, 396, 372, 336, 468, 360, 300, 360, 276, 396, 348, 432, 396, 564, 480, 516, 468, 516, 624, 408, 0, 252, 492, 468, 564, 528, 372, 456, 564, 444, 312, 372, 552, 360, 432, 528, 468, 516, 492, 492, 456, 480, 372, 372, 408, 360, 324, 300, 372, 384, 192, 564, 276, 360, 408, 360, 264, 348, 396, 264, 240, 240, 240, 252, 216, 240, 324, 168, 108, 204, 240, 180, 132, 168, 156, 156, 228, 84, 132, 180, 108, 108, 156, 180, 48, 132, 96, 60, 48, 120, 120, 84, 132, 144, 120, 84, 60, 180, 156, 48, 72, 156, 84, 48, 96, 96]",44.5445821977766,11.3560862517091,11147,11145.0
3.13 0.127 1 1,"[144, 48, 108, 108, 96, 120, 108, 108, 84, 36, 48, 120, 72, 24, 72, 36, 24, 60, 12, 48, 36, 36, 12, 48, 24, 24, 72, 36, 0, 0, 12, 12, 0, 48, 12, 12, 24, 36, 36, 0, 24, 24, 12, 12, 12, 72, 24, 72, 0, 48, 24, 36, 36, 36, 72, 24, 36, 72, 48, 36, 24, 84, 60, 84, 48, 96, 144, 132, 180, 144, 180, 84, 84, 180, 252, 252, 360, 252, 276, 432, 336, 432, 504, 516, 528, 684, 624, 660, 828, 900, 1176, 876, 1140, 1512, 1152, 1092, 1260, 1116, 996, 1020, 1104, 1116, 1200, 1176, 1236, 828, 924, 924, 876, 816, 780, 636, 768, 468, 624, 552, 468, 720, 576, 588, 516, 660, 516, 720, 600, 648, 432, 684, 624, 696, 420, 732, 660, 468, 432, 504, 708, 540, 636, 540, 396, 576, 552, 504, 588, 492, 600, 744, 612, 444, 552, 612, 564, 540, 600, 804, 504, 480, 744, 624, 672, 492, 756, 492, 744, 480, 648, 912, 516, 540, 468, 744, 708, 732, 684, 708, 636, 636, 564, 576, 624, 528, 672, 720, 516, 516, 552, 672, 492, 708, 516, 732, 600, 708, 888, 924, 936, 768, 660, 828, 756, 924, 720, 1032, 780, 924, 876, 732, 1044, 888, 1056, 696, 852, 1008, 888, 720, 792, 816, 864, 900, 876, 804, 732, 516, 636, 612, 552, 528, 396, 636, 372, 396, 492, 396, 348, 648, 516, 540, 444, 528, 396, 276, 504, 468, 372, 456, 360, 252, 276, 324, 192, 228, 216, 264, 300, 324, 156, 396, 216, 120, 216, 144, 144, 204, 192, 216, 156, 204, 264, 108, 120, 192, 132, 120, 144, 132, 156, 276, 132, 336, 144, 144, 168, 156, 180, 204, 60, 72]",44.5423348581103,11.3606273971977,16861,16860.0
3.13 3.10 4 1,"[72, 24, 12, 12, 12, 72, 24, 12, 0, 12, 12, 0, 0, 0, 12, 24, 0, 12, 24, 12, 12, 12, 24, 0, 12, 0, 0, 0, 0, 12, 0, 0, 0, 0, 0, 12, 0, 0, 0, 0, 0, 0, 0, 0, 0, 0, 0, 0, 0, 12, 0, 0, 0, 0, 0, 0, 0, 0, 0, 0, 0, 0, 0, 0, 12, 0, 24, 0, 0, 24, 12, 12, 12, 36, 24, 48, 12, 12, 36, 132, 120, 24, 24, 108, 108, 84, 132, 144, 204, 96, 264, 396, 204, 444, 396, 348, 300, 300, 360, 252, 276, 240, 444, 180, 528, 264, 396, 312, 348, 192, 288, 216, 180, 228, 288, 252, 132, 180, 216, 180, 204, 228, 276, 180, 204, 300, 312, 252, 252, 228, 240, 156, 216, 240, 300, 132, 252, 240, 264, 264, 324, 216, 180, 408, 312, 216, 372, 240, 228, 348, 360, 276, 276, 252, 264, 312, 348, 288, 240, 264, 216, 324, 336, 192, 204, 468, 264, 252, 360, 228, 216, 312, 360, 384, 252, 312, 252, 372, 372, 408, 336, 432, 336, 528, 240, 408, 480, 324, 288, 312, 324, 468, 288, 276, 396, 396, 456, 276, 312, 384, 240, 456, 336, 408, 324, 300, 504, 600, 348, 348, 468, 480, 396, 516, 372, 444, 336, 492, 588, 372, 420, 516, 336, 264, 360, 336, 324, 420, 348, 324, 336, 264, 252, 384, 468, 384, 324, 372, 312, 228, 288, 264, 204, 216, 168, 312, 144, 180, 120, 156, 72, 96, 144, 108, 168, 132, 48, 48, 84, 156, 72, 132, 72, 96, 84, 120, 36, 72, 96, 72, 60, 48, 60, 48, 36, 60, 48, 60, 48, 60, 36, 48, 60, 36, 24, 84, 84, 96]",44.5506369562692,11.3581816266038,11135,16894.0
3.13 3.10 7 1,"[108, 72, 48, 24, 84, 48, 60, 48, 24, 60, 36, 0, 12, 24, 36, 24, 12, 36, 36, 36, 12, 12, 36, 12, 12, 36, 12, 12, 12, 12, 36, 24, 36, 12, 0, 12, 12, 12, 12, 24, 12, 12, 0, 0, 0, 36, 0, 12, 0, 24, 12, 0, 0, 0, 48, 0, 24, 12, 0, 36, 36, 12, 0, 24, 12, 48, 84, 36, 12, 60, 48, 24, 60, 60, 84, 96, 24, 36, 36, 96, 36, 12, 96, 96, 84, 96, 156, 96, 204, 156, 108, 276, 108, 156, 156, 132, 204, 228, 132, 264, 180, 180, 120, 84, 144, 228, 312, 132, 120, 132, 132, 168, 72, 144, 84, 144, 144, 96, 156, 72, 84, 96, 36, 60, 120, 120, 204, 108, 192, 72, 132, 96, 72, 132, 108, 108, 180, 84, 108, 144, 156, 96, 72, 72, 108, 156, 156, 84, 108, 96, 156, 120, 168, 156, 156, 72, 180, 84, 144, 216, 72, 240, 108, 120, 132, 144, 96, 180, 120, 168, 108, 156, 204, 204, 108, 156, 120, 108, 96, 144, 228, 72, 144, 156, 120, 192, 240, 216, 96, 144, 264, 180, 108, 156, 132, 204, 252, 180, 180, 192, 192, 264, 216, 168, 204, 312, 384, 156, 180, 240, 132, 108, 144, 216, 168, 120, 192, 156, 168, 240, 132, 180, 156, 120, 144, 144, 144, 216, 156, 180, 168, 240, 108, 144, 120, 192, 132, 180, 132, 120, 228, 108, 144, 132, 168, 156, 132, 228, 180, 108, 48, 132, 84, 108, 96, 72, 72, 96, 108, 96, 204, 132, 48, 60, 120, 60, 96, 12, 84, 72, 96, 108, 72, 84, 48, 120, 72, 96, 144, 108, 84, 48, 84, 84, 36, 132, 156, 84]",44.5505832428544,11.3581813414178,11135,16894.0
3.13 3.13 2 1,"[0, 0, 0, 0, 0, 0, 0, 0, 0, 0, 0, 0, 0, 0, 0, 0, 0, 0, 0, 0, 0, 0, 0, 0, 0, 0, 0, 0, 0, 0, 0, 0, 0, 0, 0, 0, 0, 0, 0, 0, 0, 0, 0, 0, 0, 0, 0, 0, 0, 0, 0, 0, 0, 0, 0, 0, 0, 0, 0, 0, 0, 0, 0, 0, 0, 0, 0, 0, 0, 0, 0, 0, 0, 0, 0, 0, 0, 0, 0, 0, 0, 0, 0, 0, 0, 0, 0, 0, 0, 0, 0, 0, 0, 0, 0, 0, 0, 0, 0, 0, 0, 0, 0, 0, 0, 0, 0, 0, 0, 0, 0, 0, 0, 0, 0, 0, 0, 0, 0, 0, 0, 0, 0, 0, 0, 0, 0, 0, 0, 0, 0, 0, 0, 0, 0, 0, 0, 0, 0, 0, 0, 0, 0, 0, 0, 0, 0, 0, 0, 0, 0, 0, 0, 0, 0, 0, 0, 0, 0, 0, 0, 0, 0, 0, 0, 0, 0, 0, 0, 0, 0, 0, 0, 0, 0, 0, 0, 0, 0, 0, 0, 0, 0, 0, 0, 0, 0, 0, 0, 0, 0, 0, 0, 0, 0, 0, 0, 0, 0, 0, 0, 0, 0, 0, 0, 0, 0, 0, 0, 0, 0, 0, 0, 0, 0, 0, 0, 0, 0, 0, 0, 0, 0, 0, 0, 0, 0, 0, 0, 0, 0, 0, 0, 0, 0, 0, 0, 0, 0, 0, 0, 0, 0, 0, 0, 0, 0, 0, 0, 0, 0, 0, 0, 0, 0, 0, 0, 0, 0, 0, 0, 0, 0, 0, 0, 0, 0, 0, 0, 0, 0, 0, 0, 0, 0, 0, 0, 0, 0, 0, 0, 0, 0, 0, 0, 0, 0, 0]",,,,
3.16 0.127 2 1,"[156, 156, 108, 108, 192, 204, 168, 108, 156, 144, 120, 96, 120, 84, 84, 36, 168, 72, 48, 84, 84, 48, 120, 36, 60, 60, 12, 48, 60, 60, 36, 36, 24, 48, 12, 24, 60, 24, 36, 48, 36, 48, 0, 84, 24, 0, 60, 108, 60, 60, 48, 60, 72, 60, 48, 96, 156, 132, 132, 48, 72, 108, 204, 120, 168, 180, 276, 288, 312, 288, 204, 300, 228, 168, 396, 300, 444, 468, 504, 432, 660, 468, 732, 756, 936, 1080, 960, 804, 1116, 1392, 1464, 1656, 1620, 1572, 1356, 648, 1452, 1560, 1572, 1272, 1332, 1236, 1440, 1416, 1548, 1344, 1536, 888, 1212, 1308, 948, 1212, 960, 960, 924, 1104, 924, 960, 1164, 924, 888, 852, 972, 960, 1116, 984, 792, 960, 1176, 1188, 1104, 948, 1032, 996, 852, 792, 1080, 1068, 1032, 1056, 768, 876, 972, 900, 1020, 972, 1116, 972, 924, 924, 1164, 1152, 1080, 936, 984, 900, 1092, 1200, 960, 1092, 1032, 924, 1092, 1200, 996, 852, 948, 1020, 864, 1068, 888, 1056, 1176, 1104, 1056, 996, 1212, 1056, 1056, 1212, 1080, 984, 948, 936, 1056, 1032, 1260, 1032, 1116, 972, 1260, 1128, 1044, 1224, 1356, 1404, 1344, 1236, 1380, 1104, 1092, 1080, 1572, 1356, 1176, 1656, 1344, 1356, 1404, 1164, 1284, 1392, 1380, 1332, 1536, 1308, 1380, 1488, 1368, 1404, 1296, 1488, 1152, 1452, 1104, 1020, 924, 1116, 636, 1320, 1104, 972, 900, 612, 852, 780, 960, 888, 780, 708, 780, 816, 720, 912, 948, 648, 672, 660, 480, 732, 492, 444, 444, 408, 528, 528, 492, 636, 492, 408, 324, 408, 324, 372, 360, 396, 492, 336, 492, 240, 360, 408, 420, 336, 396, 348, 300, 564, 360, 348, 276, 300, 396, 420, 444, 204, 348, 228]",44.5306422877477,11.3524029903275,10732,10745.0
3.17 3.18 6 1,"[0, 0, 0, 0, 0, 0, 0, 0, 0, 0, 0, 0, 0, 0, 0, 0, 0, 0, 0, 0, 0, 0, 0, 0, 0, 0, 0, 0, 0, 0, 0, 0, 0, 0, 0, 0, 0, 0, 0, 0, 0, 0, 0, 0, 0, 0, 0, 0, 0, 0, 0, 0, 0, 0, 0, 0, 0, 0, 0, 0, 0, 0, 0, 0, 0, 0, 0, 0, 0, 0, 0, 0, 0, 0, 0, 0, 0, 0, 0, 0, 0, 0, 0, 0, 0, 0, 0, 0, 0, 0, 0, 0, 0, 0, 0, 0, 0, 0, 0, 0, 0, 0, 0, 0, 0, 0, 0, 0, 0, 0, 0, 0, 0, 0, 0, 0, 0, 0, 0, 0, 0, 0, 0, 0, 0, 0, 0, 0, 0, 0, 0, 0, 0, 0, 0, 0, 0, 0, 0, 0, 0, 0, 0, 0, 0, 0, 0, 0, 0, 0, 0, 0, 0, 0, 0, 0, 0, 0, 0, 0, 0, 0, 0, 0, 0, 0, 0, 0, 0, 0, 0, 0, 0, 0, 0, 0, 0, 0, 0, 0, 0, 0, 0, 0, 0, 0, 0, 0, 0, 0, 0, 0, 0, 0, 0, 0, 0, 0, 0, 0, 0, 0, 0, 0, 0, 0, 0, 0, 0, 0, 0, 0, 0, 0, 0, 0, 0, 0, 0, 0, 0, 0, 0, 0, 0, 0, 0, 0, 0, 0, 0, 0, 0, 0, 0, 0, 0, 0, 0, 0, 0, 0, 0, 0, 0, 0, 0, 0, 0, 0, 0, 0, 0, 0, 0, 0, 0, 0, 0, 0, 0, 0, 0, 0, 0, 0, 0, 0, 0, 0, 0, 0, 0, 0, 0, 0, 0, 0, 0, 0, 0, 0, 0, 0, 0, 0, 0, 0]",44.5232792759825,11.3487238923267,10695,10697.0
3.17 3.18 6 2,"[24, 60, 108, 72, 36, 48, 48, 36, 60, 24, 36, 48, 60, 12, 36, 12, 36, 12, 60, 36, 60, 0, 12, 12, 12, 36, 24, 12, 36, 48, 24, 24, 12, 24, 0, 36, 0, 12, 0, 0, 12, 36, 0, 0, 72, 12, 24, 0, 60, 24, 48, 24, 12, 60, 24, 36, 0, 36, 36, 48, 48, 12, 84, 36, 36, 48, 96, 72, 72, 60, 84, 84, 48, 96, 48, 60, 60, 36, 108, 72, 144, 204, 156, 156, 336, 156, 228, 204, 180, 240, 384, 312, 372, 432, 384, 528, 588, 420, 564, 372, 348, 324, 276, 384, 372, 336, 276, 324, 288, 240, 264, 288, 276, 288, 264, 216, 192, 288, 240, 204, 180, 252, 312, 192, 264, 300, 204, 264, 288, 252, 240, 108, 276, 288, 192, 288, 216, 324, 240, 324, 384, 300, 324, 240, 228, 204, 180, 192, 144, 288, 156, 288, 300, 588, 468, 276, 252, 276, 180, 408, 276, 264, 444, 420, 528, 264, 240, 288, 192, 264, 120, 252, 312, 216, 228, 108, 240, 252, 300, 264, 288, 228, 216, 336, 276, 252, 216, 324, 216, 108, 228, 204, 324, 288, 288, 288, 252, 300, 348, 288, 540, 276, 312, 300, 456, 324, 288, 360, 336, 288, 324, 360, 444, 396, 300, 348, 384, 276, 192, 372, 384, 324, 324, 252, 432, 288, 348, 180, 276, 312, 252, 492, 264, 336, 252, 288, 252, 96, 156, 204, 204, 180, 180, 192, 168, 168, 192, 84, 156, 144, 144, 72, 120, 84, 48, 156, 60, 180, 120, 120, 72, 96, 48, 72, 120, 60, 108, 60, 36, 96, 48, 84, 36, 96, 108, 72, 108, 60, 60, 24, 120, 132, 48, 60, 72, 84, 84, 96]",44.5215481671945,11.348230662166,10695,10694.0
3.17 3.19 2 2,"[180, 132, 132, 72, 108, 216, 108, 144, 48, 108, 120, 144, 96, 48, 108, 96, 72, 96, 36, 36, 72, 48, 60, 24, 48, 60, 0, 48, 48, 36, 24, 36, 24, 12, 48, 12, 12, 24, 12, 24, 0, 0, 12, 24, 48, 0, 96, 36, 24, 60, 72, 60, 108, 108, 24, 84, 36, 72, 84, 72, 60, 60, 24, 84, 72, 72, 72, 120, 120, 108, 132, 168, 108, 72, 156, 204, 84, 108, 120, 144, 180, 228, 228, 300, 336, 240, 312, 276, 396, 432, 372, 540, 588, 492, 540, 612, 420, 600, 516, 492, 480, 540, 456, 612, 588, 696, 504, 552, 444, 468, 468, 576, 372, 516, 504, 600, 444, 516, 468, 468, 408, 360, 372, 516, 504, 540, 420, 480, 432, 564, 480, 384, 420, 372, 492, 396, 408, 324, 444, 408, 396, 552, 564, 480, 492, 540, 456, 516, 360, 444, 360, 432, 456, 624, 444, 420, 516, 432, 576, 468, 492, 384, 432, 588, 492, 528, 468, 468, 420, 408, 468, 516, 552, 384, 372, 408, 492, 372, 372, 348, 480, 396, 432, 528, 288, 408, 408, 552, 420, 456, 396, 612, 636, 504, 516, 588, 552, 636, 504, 456, 468, 624, 516, 684, 672, 720, 516, 612, 576, 636, 684, 684, 600, 576, 588, 756, 672, 600, 636, 696, 504, 636, 420, 660, 564, 660, 564, 480, 540, 408, 444, 528, 516, 480, 444, 480, 336, 564, 408, 456, 384, 408, 432, 360, 372, 396, 372, 228, 396, 228, 324, 228, 276, 300, 324, 216, 312, 180, 204, 228, 312, 240, 216, 240, 132, 264, 72, 276, 48, 240, 156, 180, 180, 240, 168, 144, 132, 216, 192, 144, 132, 132, 120, 228, 120, 216, 120, 132]",44.5166046277349,11.3476904684858,10666,10402.0
3.17 3.19 2 3,"[180, 156, 156, 84, 120, 240, 180, 108, 72, 120, 120, 168, 72, 96, 144, 72, 108, 108, 48, 36, 96, 84, 48, 36, 60, 48, 0, 72, 36, 36, 24, 48, 24, 48, 24, 0, 12, 24, 12, 36, 0, 0, 12, 36, 60, 24, 72, 60, 36, 48, 96, 48, 156, 72, 48, 96, 36, 108, 84, 96, 96, 84, 48, 108, 108, 84, 120, 120, 144, 216, 132, 156, 108, 132, 192, 180, 144, 144, 216, 192, 204, 300, 288, 372, 408, 432, 420, 324, 636, 564, 828, 624, 876, 924, 924, 732, 576, 828, 756, 576, 624, 600, 696, 804, 804, 780, 768, 672, 624, 648, 648, 648, 480, 672, 552, 660, 564, 660, 504, 552, 540, 528, 372, 600, 636, 588, 456, 540, 624, 588, 504, 540, 492, 660, 480, 480, 444, 516, 444, 576, 504, 708, 576, 528, 684, 600, 528, 540, 600, 552, 480, 576, 600, 564, 504, 504, 600, 480, 804, 636, 612, 516, 480, 540, 564, 564, 540, 504, 564, 408, 732, 540, 564, 588, 456, 540, 672, 420, 504, 456, 588, 468, 540, 432, 432, 516, 444, 576, 468, 540, 588, 624, 600, 564, 552, 600, 672, 636, 564, 684, 516, 636, 756, 612, 852, 636, 624, 816, 696, 864, 648, 852, 696, 792, 612, 864, 756, 672, 720, 840, 612, 516, 552, 732, 684, 720, 720, 564, 432, 516, 396, 552, 576, 420, 468, 576, 444, 540, 408, 516, 444, 480, 552, 480, 300, 408, 336, 312, 432, 252, 300, 312, 348, 228, 372, 312, 312, 192, 156, 336, 204, 276, 240, 264, 144, 252, 240, 192, 72, 252, 240, 108, 276, 252, 156, 132, 216, 192, 156, 132, 192, 72, 156, 252, 144, 180, 120, 108]",44.5215485863886,11.3481566444247,10695,10694.0
3.18 0.127 4 1,"[12, 0, 0, 12, 12, 24, 12, 24, 36, 24, 12, 12, 12, 36, 24, 12, 24, 0, 12, 12, 12, 12, 12, 0, 0, 12, 12, 12, 12, 0, 12, 0, 12, 12, 0, 0, 0, 12, 0, 0, 12, 12, 0, 0, 0, 0, 12, 0, 0, 0, 12, 0, 12, 24, 0, 0, 0, 12, 0, 24, 12, 0, 24, 12, 12, 0, 36, 36, 0, 0, 36, 12, 12, 12, 36, 36, 48, 36, 48, 36, 36, 36, 36, 36, 48, 84, 84, 48, 24, 48, 72, 12, 72, 84, 48, 60, 96, 144, 84, 108, 96, 132, 72, 108, 144, 96, 120, 108, 72, 120, 84, 132, 144, 132, 96, 84, 60, 96, 168, 156, 48, 60, 120, 60, 108, 120, 132, 48, 84, 72, 96, 168, 60, 96, 108, 72, 60, 132, 132, 72, 108, 72, 144, 108, 120, 132, 48, 132, 168, 108, 72, 96, 144, 120, 48, 84, 120, 120, 48, 84, 120, 36, 48, 60, 96, 84, 120, 48, 132, 84, 108, 36, 96, 60, 96, 108, 24, 132, 96, 96, 120, 120, 48, 96, 84, 96, 96, 48, 36, 84, 72, 48, 108, 132, 132, 72, 48, 84, 84, 96, 132, 156, 156, 108, 120, 84, 96, 84, 84, 120, 48, 60, 72, 144, 84, 84, 48, 96, 108, 120, 156, 84, 132, 84, 72, 84, 72, 60, 36, 48, 72, 60, 96, 48, 48, 84, 72, 72, 96, 48, 60, 24, 96, 84, 96, 84, 36, 96, 84, 72, 60, 84, 72, 48, 12, 48, 72, 60, 60, 36, 36, 24, 0, 48, 48, 36, 48, 24, 24, 24, 24, 36, 24, 36, 48, 24, 24, 12, 24, 36, 24, 0, 24, 96, 12, 72, 48, 0]",44.5252762330901,11.3492381515612,10717,13044.0
3.18 0.127 6 1,"[192, 264, 324, 276, 96, 276, 240, 192, 240, 168, 240, 96, 132, 180, 156, 60, 144, 96, 180, 168, 156, 72, 120, 156, 168, 156, 72, 96, 96, 120, 60, 72, 72, 108, 60, 72, 84, 72, 48, 156, 12, 72, 120, 36, 192, 84, 84, 60, 180, 96, 144, 276, 24, 204, 120, 120, 120, 180, 144, 168, 192, 96, 336, 264, 324, 192, 420, 288, 312, 240, 300, 312, 252, 336, 468, 324, 336, 288, 528, 516, 600, 732, 624, 768, 708, 708, 1392, 960, 936, 1116, 1656, 1560, 1668, 1488, 1776, 1860, 1836, 1512, 1860, 1284, 1536, 1224, 1320, 1392, 1308, 1392, 1320, 1284, 1284, 1272, 1212, 660, 1092, 840, 912, 972, 852, 1188, 876, 960, 780, 1056, 996, 924, 948, 1176, 816, 972, 1116, 1020, 912, 864, 816, 1164, 1152, 1332, 864, 1068, 1152, 780, 1116, 1248, 1368, 912, 1176, 1008, 852, 912, 984, 960, 840, 1236, 1176, 1584, 1656, 1176, 1008, 1368, 1356, 1068, 1092, 1164, 1464, 1680, 1776, 1500, 948, 1176, 1356, 1452, 1092, 960, 1380, 1224, 1080, 1260, 996, 984, 1224, 1368, 948, 1056, 1116, 1200, 1572, 1380, 984, 1512, 1392, 924, 1272, 1224, 972, 1032, 1224, 1176, 912, 1140, 1524, 1140, 1704, 1704, 1440, 1548, 1812, 1596, 1152, 1140, 1548, 1404, 1452, 1188, 1536, 1164, 1080, 1128, 1560, 1344, 1464, 1404, 1236, 1260, 1308, 1140, 1092, 1332, 1080, 1428, 1056, 1512, 1320, 1332, 1308, 1200, 1020, 1116, 720, 1044, 864, 1008, 852, 1008, 852, 996, 888, 828, 888, 660, 624, 732, 540, 504, 768, 564, 360, 528, 564, 588, 516, 564, 432, 372, 432, 300, 504, 132, 408, 336, 372, 420, 324, 432, 564, 360, 456, 444, 396, 264, 408, 252, 252, 756, 264, 384, 528, 420, 324, 348]",44.5253479507428,11.3496476741688,10717,16910.0
3.18 3.17 2 1,"[36, 24, 48, 24, 12, 60, 48, 36, 12, 24, 60, 12, 24, 48, 24, 24, 12, 24, 24, 12, 24, 36, 0, 0, 0, 36, 0, 12, 0, 12, 0, 24, 0, 12, 0, 0, 12, 0, 0, 12, 0, 0, 0, 0, 24, 0, 0, 24, 12, 0, 36, 12, 48, 12, 0, 24, 0, 0, 36, 24, 12, 24, 36, 36, 24, 24, 24, 12, 24, 24, 0, 60, 0, 12, 24, 0, 12, 48, 144, 36, 60, 96, 24, 96, 24, 60, 60, 24, 108, 120, 60, 60, 24, 60, 132, 108, 144, 204, 120, 132, 180, 72, 72, 108, 72, 36, 84, 72, 144, 72, 132, 120, 24, 12, 84, 144, 60, 48, 24, 36, 72, 84, 96, 168, 96, 72, 24, 0, 36, 96, 84, 48, 84, 84, 60, 60, 72, 120, 48, 144, 72, 144, 120, 96, 120, 72, 36, 12, 96, 48, 120, 0, 24, 36, 12, 108, 48, 84, 144, 156, 144, 48, 108, 72, 60, 24, 48, 72, 84, 84, 132, 108, 120, 84, 120, 144, 84, 48, 168, 96, 144, 96, 60, 60, 48, 108, 72, 36, 84, 24, 96, 84, 72, 72, 48, 96, 72, 12, 96, 60, 96, 108, 96, 48, 120, 120, 60, 144, 120, 120, 96, 180, 132, 96, 204, 156, 60, 132, 156, 120, 108, 96, 108, 36, 120, 36, 84, 108, 36, 72, 84, 72, 72, 48, 84, 144, 84, 72, 24, 96, 72, 72, 84, 36, 60, 72, 60, 24, 84, 36, 48, 48, 72, 48, 84, 36, 24, 12, 36, 36, 36, 36, 36, 36, 12, 60, 60, 0, 0, 60, 36, 0, 24, 60, 0, 36, 60, 24, 12, 0, 24, 0, 48, 24, 36, 24, 48, 12]",44.5233146014172,11.3485696635646,10697,10695.0
3.19 3.17 6 1,"[60, 24, 72, 36, 48, 36, 60, 60, 84, 36, 12, 60, 72, 24, 24, 12, 60, 12, 60, 48, 12, 12, 36, 24, 48, 24, 36, 36, 48, 36, 36, 24, 0, 36, 0, 24, 0, 24, 0, 0, 0, 36, 12, 12, 96, 12, 36, 12, 60, 48, 36, 48, 36, 36, 24, 36, 12, 36, 12, 48, 36, 36, 72, 60, 36, 12, 48, 48, 36, 12, 72, 72, 48, 84, 72, 36, 36, 72, 48, 60, 84, 132, 60, 132, 132, 132, 132, 108, 108, 240, 144, 144, 264, 204, 180, 180, 348, 204, 156, 204, 240, 288, 324, 240, 144, 216, 204, 240, 264, 216, 192, 216, 132, 144, 120, 192, 120, 132, 108, 72, 120, 192, 120, 192, 108, 180, 180, 204, 156, 144, 168, 84, 168, 60, 168, 168, 156, 192, 252, 156, 228, 120, 240, 120, 120, 132, 60, 228, 144, 204, 144, 168, 120, 156, 156, 144, 168, 156, 72, 312, 108, 252, 144, 156, 168, 108, 192, 144, 72, 72, 120, 168, 144, 192, 72, 96, 180, 192, 228, 132, 132, 108, 192, 240, 84, 192, 144, 192, 96, 48, 192, 192, 168, 132, 132, 156, 156, 204, 144, 108, 168, 156, 144, 144, 144, 96, 156, 252, 156, 168, 180, 96, 192, 180, 144, 168, 132, 180, 156, 144, 132, 216, 192, 120, 156, 144, 156, 72, 192, 204, 144, 156, 132, 84, 120, 144, 108, 96, 96, 120, 156, 120, 108, 48, 96, 84, 108, 60, 108, 60, 132, 60, 60, 48, 36, 84, 72, 60, 72, 84, 36, 36, 60, 24, 24, 24, 60, 24, 48, 36, 24, 96, 48, 108, 96, 72, 60, 24, 36, 24, 84, 84, 48, 24, 48, 36, 48, 48]",44.5166036513043,11.347806830704,10402,10666.0
3.19 3.20 2 1,"[228, 108, 240, 48, 156, 204, 144, 132, 48, 108, 144, 216, 96, 120, 108, 96, 96, 96, 108, 36, 96, 60, 96, 36, 48, 72, 12, 36, 96, 48, 60, 48, 48, 24, 60, 36, 24, 36, 12, 36, 0, 0, 12, 36, 96, 0, 120, 60, 48, 84, 72, 132, 120, 144, 72, 96, 72, 60, 72, 96, 120, 120, 60, 216, 96, 156, 120, 132, 192, 168, 204, 300, 156, 120, 180, 264, 120, 144, 192, 228, 228, 240, 216, 432, 336, 288, 432, 324, 672, 552, 528, 756, 732, 564, 660, 696, 492, 708, 804, 540, 624, 648, 564, 816, 684, 900, 732, 732, 696, 552, 588, 648, 552, 528, 588, 624, 480, 636, 624, 672, 468, 468, 468, 636, 528, 804, 588, 528, 588, 624, 516, 516, 492, 552, 516, 432, 492, 576, 624, 660, 516, 660, 648, 612, 576, 552, 636, 540, 468, 552, 528, 516, 624, 564, 648, 576, 672, 432, 588, 564, 576, 492, 516, 600, 612, 612, 516, 672, 528, 396, 564, 672, 624, 384, 504, 444, 588, 528, 552, 348, 552, 576, 552, 576, 480, 468, 564, 504, 588, 396, 444, 588, 756, 576, 504, 552, 648, 888, 684, 528, 732, 660, 672, 636, 864, 852, 444, 888, 564, 564, 924, 720, 780, 648, 792, 840, 528, 660, 780, 780, 468, 756, 588, 684, 756, 744, 744, 504, 588, 576, 504, 480, 660, 576, 732, 504, 540, 492, 528, 540, 432, 528, 468, 324, 540, 384, 384, 312, 468, 288, 372, 252, 300, 312, 300, 204, 300, 192, 228, 324, 156, 300, 216, 312, 180, 228, 72, 288, 120, 348, 132, 216, 276, 132, 216, 168, 132, 288, 192, 156, 180, 132, 156, 276, 180, 216, 156, 168]",44.5157050934146,11.3476846598482,10403,10400.0
3.19 3.84 4 1,"[12, 24, 12, 36, 24, 36, 36, 36, 36, 12, 12, 24, 12, 0, 0, 12, 36, 24, 0, 12, 12, 36, 0, 0, 0, 12, 0, 24, 12, 0, 0, 12, 12, 0, 0, 12, 12, 0, 0, 0, 0, 0, 0, 0, 0, 12, 12, 0, 0, 12, 0, 0, 12, 0, 0, 0, 0, 36, 24, 0, 0, 24, 0, 12, 24, 12, 36, 12, 24, 0, 12, 60, 24, 0, 24, 36, 12, 12, 60, 72, 72, 48, 36, 36, 108, 84, 48, 48, 144, 96, 228, 192, 276, 252, 300, 252, 276, 132, 336, 240, 276, 336, 324, 300, 228, 216, 252, 336, 156, 168, 132, 240, 108, 228, 252, 204, 180, 168, 228, 132, 180, 180, 120, 144, 228, 180, 204, 240, 120, 192, 156, 144, 120, 132, 240, 156, 132, 132, 204, 288, 120, 168, 228, 120, 180, 240, 228, 192, 156, 204, 216, 180, 168, 132, 216, 180, 204, 216, 204, 288, 144, 216, 144, 168, 228, 120, 204, 96, 192, 204, 264, 264, 120, 156, 240, 180, 276, 156, 144, 204, 168, 108, 108, 144, 108, 192, 144, 276, 216, 156, 192, 168, 204, 240, 192, 288, 264, 216, 264, 216, 240, 216, 252, 228, 312, 204, 264, 288, 240, 216, 228, 276, 300, 276, 168, 228, 276, 288, 252, 288, 252, 144, 252, 264, 156, 168, 336, 168, 168, 180, 300, 168, 204, 252, 96, 156, 204, 180, 168, 156, 84, 108, 108, 180, 84, 144, 108, 72, 120, 96, 120, 96, 108, 84, 24, 60, 84, 60, 108, 84, 108, 96, 48, 48, 60, 156, 108, 60, 12, 48, 108, 72, 36, 72, 48, 36, 36, 60, 36, 24, 48, 60, 48, 72, 12, 72, 36, 72]",44.5165139262183,11.3473119548872,10402,10401.0
3.20 3.20 2 1,"[108, 60, 60, 96, 60, 84, 60, 84, 36, 36, 48, 24, 24, 72, 48, 72, 36, 36, 12, 24, 12, 24, 24, 0, 0, 12, 0, 0, 36, 0, 12, 12, 0, 12, 12, 36, 24, 0, 12, 12, 0, 0, 0, 0, 36, 12, 0, 0, 12, 0, 0, 0, 24, 36, 12, 12, 12, 24, 12, 36, 24, 36, 12, 12, 72, 24, 36, 48, 72, 36, 60, 108, 60, 48, 48, 48, 60, 156, 108, 60, 168, 108, 132, 264, 108, 192, 216, 240, 216, 408, 492, 468, 528, 516, 408, 516, 480, 444, 372, 540, 348, 372, 348, 468, 456, 432, 384, 468, 408, 420, 384, 360, 420, 288, 336, 420, 300, 252, 360, 312, 372, 336, 324, 240, 348, 372, 216, 384, 348, 300, 336, 132, 372, 408, 408, 372, 228, 312, 396, 324, 276, 276, 348, 408, 180, 468, 276, 360, 312, 336, 276, 372, 312, 480, 408, 540, 348, 420, 300, 348, 300, 312, 360, 396, 396, 456, 276, 348, 360, 216, 348, 348, 324, 408, 360, 348, 312, 252, 324, 228, 228, 336, 288, 360, 348, 288, 360, 228, 432, 396, 336, 324, 276, 300, 408, 276, 300, 456, 372, 396, 468, 168, 528, 408, 480, 456, 360, 360, 420, 384, 468, 456, 432, 540, 348, 420, 384, 420, 468, 420, 444, 384, 492, 336, 504, 360, 432, 540, 456, 348, 432, 348, 384, 384, 336, 300, 360, 432, 348, 360, 288, 252, 312, 180, 300, 180, 300, 240, 132, 264, 156, 180, 216, 240, 276, 180, 204, 228, 60, 204, 120, 120, 132, 120, 228, 168, 156, 96, 132, 156, 132, 144, 216, 120, 108, 120, 108, 180, 132, 156, 180, 72, 168, 144, 96, 144, 60, 60]",44.511434918033,11.348656071634,10395,10394.0
3.20 3.20 4 1,"[156, 132, 120, 72, 168, 108, 144, 72, 36, 72, 60, 96, 72, 24, 60, 144, 48, 12, 48, 72, 48, 36, 12, 0, 12, 24, 0, 12, 0, 12, 24, 0, 24, 24, 36, 48, 12, 24, 48, 12, 12, 12, 24, 0, 0, 0, 0, 12, 12, 0, 0, 12, 12, 0, 0, 24, 24, 12, 48, 36, 36, 48, 24, 60, 24, 12, 24, 48, 108, 60, 72, 24, 60, 108, 96, 156, 120, 96, 216, 156, 156, 156, 264, 204, 252, 312, 348, 516, 768, 480, 936, 612, 744, 984, 636, 1176, 864, 900, 840, 912, 708, 864, 804, 696, 1080, 816, 1056, 588, 840, 792, 744, 444, 780, 564, 696, 432, 456, 732, 444, 528, 420, 540, 468, 576, 420, 588, 492, 516, 432, 456, 564, 528, 276, 492, 540, 540, 348, 528, 468, 468, 504, 468, 528, 588, 432, 672, 468, 564, 420, 588, 444, 756, 480, 612, 432, 372, 384, 684, 684, 648, 456, 540, 612, 588, 456, 504, 612, 540, 408, 780, 444, 768, 528, 504, 492, 468, 636, 528, 444, 672, 612, 420, 504, 612, 516, 456, 744, 456, 600, 444, 684, 612, 552, 624, 780, 540, 732, 540, 564, 624, 756, 504, 624, 408, 612, 672, 612, 684, 648, 912, 624, 684, 600, 792, 552, 672, 768, 648, 816, 528, 900, 660, 672, 612, 672, 708, 600, 768, 552, 516, 564, 444, 552, 504, 528, 372, 588, 456, 492, 492, 552, 552, 540, 312, 420, 408, 384, 336, 312, 312, 300, 360, 204, 204, 240, 264, 192, 180, 228, 192, 192, 324, 324, 312, 156, 132, 252, 168, 168, 144, 180, 240, 228, 240, 156, 180, 264, 108, 144, 156, 168, 144, 192, 108, 192, 192, 204, 168]",44.5118433038728,11.3478285486105,10395,10350.0
3.20 3.20 11 1,"[288, 240, 156, 168, 192, 204, 252, 144, 72, 108, 96, 144, 180, 36, 96, 216, 84, 60, 60, 72, 132, 36, 96, 24, 36, 36, 12, 24, 60, 48, 24, 0, 24, 36, 144, 36, 24, 48, 36, 36, 12, 12, 24, 0, 12, 0, 12, 24, 60, 0, 12, 12, 24, 12, 0, 24, 48, 12, 96, 48, 72, 60, 24, 96, 132, 84, 48, 96, 144, 156, 132, 120, 132, 192, 144, 228, 180, 144, 264, 228, 228, 372, 300, 360, 408, 528, 492, 648, 876, 792, 1008, 1080, 924, 1212, 1008, 1236, 1356, 1008, 1272, 1068, 960, 960, 1128, 732, 1524, 1044, 1116, 1044, 936, 1164, 816, 816, 876, 1008, 720, 816, 636, 984, 924, 876, 636, 624, 816, 972, 888, 936, 900, 780, 720, 744, 888, 672, 636, 600, 852, 540, 792, 636, 876, 684, 864, 720, 852, 756, 768, 864, 852, 780, 660, 624, 876, 924, 840, 816, 816, 516, 612, 960, 816, 924, 708, 864, 888, 744, 804, 720, 948, 756, 780, 900, 744, 1080, 828, 828, 660, 708, 864, 816, 612, 984, 1008, 888, 780, 768, 696, 684, 1008, 756, 972, 660, 1008, 600, 900, 780, 1116, 756, 1140, 768, 816, 936, 816, 972, 804, 744, 744, 1020, 1032, 960, 1032, 1224, 1044, 792, 1080, 936, 1068, 996, 1044, 852, 1056, 924, 1080, 1188, 816, 960, 984, 1140, 816, 1056, 756, 792, 792, 720, 732, 984, 672, 720, 744, 840, 612, 900, 756, 756, 672, 540, 684, 588, 468, 420, 504, 420, 492, 600, 264, 288, 468, 348, 336, 276, 444, 324, 288, 408, 516, 456, 288, 180, 324, 324, 240, 216, 312, 312, 336, 252, 336, 324, 396, 216, 288, 192, 264, 228, 288, 156, 300, 324, 288, 276]",,,,
3.20 3.21 2 1,"[60, 72, 36, 36, 48, 60, 36, 36, 0, 24, 60, 0, 24, 12, 0, 24, 0, 60, 36, 24, 36, 24, 0, 24, 0, 36, 0, 12, 24, 0, 36, 36, 24, 12, 48, 48, 0, 12, 0, 0, 0, 0, 0, 0, 12, 0, 24, 36, 0, 12, 36, 72, 72, 48, 36, 12, 24, 24, 0, 36, 24, 108, 36, 36, 24, 24, 60, 24, 36, 60, 36, 48, 72, 60, 60, 96, 24, 60, 60, 132, 108, 84, 108, 108, 144, 144, 132, 120, 144, 132, 228, 132, 72, 132, 24, 0, 144, 132, 216, 108, 180, 36, 0, 0, 0, 252, 180, 204, 156, 192, 156, 120, 156, 180, 204, 216, 36, 0, 96, 156, 132, 204, 168, 180, 180, 252, 168, 240, 144, 180, 144, 132, 144, 216, 156, 132, 240, 84, 144, 72, 132, 204, 144, 144, 132, 204, 96, 108, 96, 216, 144, 72, 144, 96, 168, 180, 204, 132, 144, 132, 72, 0, 108, 60, 168, 192, 108, 144, 120, 48, 168, 132, 144, 132, 204, 60, 216, 156, 156, 168, 144, 12, 0, 120, 156, 84, 156, 72, 120, 192, 84, 144, 180, 84, 96, 168, 144, 228, 108, 168, 168, 180, 156, 0, 24, 180, 168, 144, 108, 168, 168, 168, 144, 168, 192, 228, 132, 204, 144, 120, 156, 108, 132, 144, 144, 108, 0, 24, 168, 132, 144, 72, 96, 84, 0, 24, 96, 156, 96, 84, 132, 72, 108, 84, 48, 144, 60, 180, 48, 24, 24, 84, 48, 108, 72, 36, 12, 48, 24, 36, 36, 36, 72, 24, 60, 84, 48, 48, 12, 36, 36, 48, 72, 84, 36, 96, 24, 60, 48, 48, 48, 36, 36, 24, 60, 36, 60, 24]",44.510749014939,11.3471565956256,10351,10363.0
3.20 3.22 8 1,"[144, 144, 36, 288, 84, 84, 96, 72, 96, 120, 84, 48, 48, 36, 96, 48, 108, 108, 72, 60, 0, 108, 48, 60, 48, 60, 24, 24, 24, 60, 48, 12, 24, 24, 36, 60, 36, 60, 12, 12, 12, 0, 24, 36, 36, 0, 48, 24, 24, 24, 12, 0, 72, 36, 48, 84, 36, 12, 24, 60, 96, 36, 24, 72, 96, 24, 144, 96, 132, 156, 60, 132, 156, 84, 84, 60, 168, 168, 192, 144, 180, 336, 180, 444, 264, 372, 468, 480, 384, 972, 768, 384, 456, 1236, 1128, 1140, 1212, 1020, 1092, 840, 1164, 1116, 1068, 876, 948, 732, 828, 876, 792, 888, 840, 708, 648, 816, 732, 936, 780, 672, 480, 900, 504, 768, 744, 588, 576, 720, 732, 648, 732, 516, 564, 516, 504, 720, 744, 744, 696, 624, 756, 612, 984, 660, 792, 588, 816, 588, 888, 504, 576, 624, 816, 588, 792, 912, 708, 636, 708, 696, 756, 636, 612, 732, 636, 864, 1056, 600, 828, 684, 684, 696, 744, 744, 744, 648, 0, 12, 576, 888, 672, 816, 672, 780, 660, 672, 672, 672, 684, 684, 780, 708, 852, 720, 756, 792, 912, 660, 1092, 864, 984, 720, 1080, 840, 912, 1128, 888, 1152, 1332, 1164, 1020, 972, 1200, 1068, 1080, 936, 936, 900, 1080, 732, 948, 1176, 1056, 1128, 1032, 1092, 768, 960, 804, 1032, 756, 864, 780, 708, 660, 1032, 624, 936, 600, 804, 828, 216, 120, 492, 576, 684, 456, 480, 444, 564, 432, 504, 540, 348, 456, 396, 396, 360, 396, 360, 372, 264, 312, 384, 312, 264, 312, 384, 300, 312, 288, 276, 264, 180, 264, 288, 228, 240, 228, 276, 216, 276, 300, 132, 252, 216, 192, 192, 96, 156]",44.5108117759304,11.3484982794103,10394,10382.0
3.21 0.127 2 1,"[168, 180, 120, 168, 84, 228, 168, 144, 12, 84, 72, 144, 144, 48, 96, 84, 96, 120, 108, 60, 132, 72, 108, 96, 84, 108, 36, 24, 72, 12, 96, 48, 48, 48, 72, 60, 48, 36, 24, 60, 12, 0, 12, 12, 60, 24, 48, 60, 24, 72, 84, 84, 72, 84, 108, 48, 48, 120, 36, 120, 156, 168, 96, 144, 108, 132, 120, 108, 120, 180, 120, 156, 168, 336, 144, 168, 120, 168, 144, 216, 240, 156, 228, 336, 384, 276, 336, 468, 264, 396, 444, 468, 564, 480, 576, 636, 552, 540, 636, 636, 372, 636, 564, 504, 624, 528, 660, 636, 480, 624, 528, 492, 528, 480, 528, 408, 648, 504, 516, 564, 480, 468, 528, 540, 528, 492, 552, 480, 540, 420, 420, 492, 540, 576, 552, 420, 420, 468, 468, 444, 456, 504, 504, 444, 564, 564, 480, 528, 384, 564, 612, 288, 444, 384, 480, 456, 492, 636, 480, 456, 552, 576, 492, 456, 444, 504, 456, 456, 384, 360, 528, 468, 372, 420, 648, 600, 444, 540, 492, 456, 456, 408, 588, 528, 324, 396, 408, 444, 504, 408, 444, 420, 384, 528, 516, 576, 468, 444, 492, 408, 432, 492, 432, 396, 576, 624, 468, 528, 516, 480, 444, 492, 516, 480, 624, 696, 444, 516, 516, 504, 432, 408, 660, 636, 516, 492, 492, 636, 420, 420, 480, 540, 564, 456, 456, 468, 432, 516, 516, 408, 456, 468, 516, 384, 336, 492, 324, 576, 336, 336, 324, 372, 300, 432, 324, 312, 408, 264, 276, 300, 264, 180, 276, 180, 264, 276, 240, 252, 228, 192, 192, 240, 228, 204, 192, 264, 300, 204, 240, 192, 228, 168, 204, 180, 156, 132, 156, 132]",,,,
3.21 3.20 6 1,"[72, 48, 12, 60, 36, 24, 24, 96, 36, 12, 12, 36, 48, 24, 60, 24, 48, 96, 36, 60, 0, 36, 24, 36, 60, 24, 36, 24, 36, 48, 24, 0, 0, 48, 12, 72, 24, 12, 0, 0, 24, 12, 0, 36, 48, 24, 12, 12, 36, 48, 36, 24, 48, 36, 12, 36, 24, 12, 12, 60, 60, 84, 24, 36, 12, 0, 12, 36, 36, 48, 36, 96, 48, 24, 48, 36, 84, 36, 60, 72, 120, 84, 72, 84, 120, 168, 108, 96, 84, 156, 180, 168, 36, 0, 60, 204, 108, 156, 108, 168, 144, 264, 204, 168, 144, 84, 192, 180, 168, 156, 168, 120, 180, 84, 144, 108, 168, 144, 144, 120, 168, 180, 204, 264, 132, 228, 168, 144, 168, 96, 72, 168, 156, 216, 216, 120, 144, 120, 168, 180, 168, 132, 180, 120, 120, 132, 216, 132, 132, 168, 84, 108, 156, 156, 84, 144, 144, 144, 144, 192, 228, 132, 120, 204, 144, 168, 108, 120, 84, 108, 192, 156, 204, 156, 96, 120, 180, 240, 168, 108, 144, 84, 192, 168, 120, 144, 168, 72, 84, 192, 156, 192, 96, 204, 204, 228, 108, 96, 156, 144, 156, 204, 108, 192, 96, 180, 216, 96, 180, 144, 132, 156, 120, 156, 120, 228, 120, 132, 180, 192, 120, 180, 180, 120, 144, 132, 168, 72, 180, 204, 132, 132, 108, 192, 72, 84, 120, 108, 72, 108, 108, 48, 72, 84, 60, 108, 84, 36, 96, 84, 24, 36, 60, 60, 72, 84, 60, 48, 72, 60, 36, 72, 36, 36, 72, 48, 36, 72, 48, 24, 24, 60, 48, 36, 60, 84, 72, 48, 24, 48, 84, 12, 12, 24, 24, 12, 36, 48]",44.5083693263436,11.3465543368682,10384,10361.0
3.21 3.21 6 1,"[264, 288, 264, 108, 216, 156, 228, 336, 192, 144, 84, 156, 204, 132, 144, 72, 168, 192, 120, 252, 48, 144, 96, 120, 144, 156, 84, 96, 48, 48, 72, 36, 36, 96, 72, 120, 84, 96, 48, 24, 48, 36, 24, 96, 132, 84, 72, 48, 72, 84, 72, 72, 84, 72, 36, 36, 72, 72, 108, 84, 96, 168, 144, 84, 48, 12, 120, 132, 120, 96, 72, 240, 120, 156, 180, 168, 192, 156, 264, 300, 432, 348, 348, 360, 504, 540, 408, 588, 972, 1032, 1140, 1332, 1332, 1152, 1284, 1476, 1188, 1512, 1128, 972, 1080, 960, 1032, 1344, 960, 756, 1056, 888, 888, 948, 888, 792, 888, 708, 852, 636, 360, 468, 792, 840, 1044, 1008, 768, 876, 1008, 780, 672, 804, 840, 960, 588, 552, 888, 936, 996, 816, 888, 960, 612, 444, 360, 1200, 732, 1056, 984, 948, 1008, 852, 972, 1068, 996, 1080, 1152, 1080, 984, 996, 960, 1248, 1068, 684, 768, 900, 816, 1068, 900, 1140, 816, 768, 936, 996, 876, 1056, 936, 564, 636, 708, 888, 924, 804, 852, 696, 516, 720, 888, 876, 804, 1068, 840, 912, 852, 780, 900, 672, 876, 792, 1020, 696, 912, 888, 960, 984, 972, 972, 1080, 744, 1320, 1128, 888, 1332, 1104, 1020, 900, 984, 1020, 972, 840, 1080, 1020, 948, 1032, 876, 1056, 888, 1068, 876, 996, 1056, 1332, 888, 876, 1092, 828, 972, 804, 648, 912, 720, 684, 756, 696, 900, 828, 768, 576, 816, 636, 720, 516, 612, 576, 600, 624, 528, 576, 684, 480, 552, 384, 408, 408, 528, 444, 396, 300, 372, 408, 552, 372, 336, 300, 336, 384, 468, 336, 408, 276, 264, 336, 300, 276, 324, 276, 336, 252, 228, 348, 312, 432]",44.5071637543744,11.3462085211734,10310,10365.0
3.21 3.24 4 1,"[96, 48, 96, 12, 96, 24, 108, 84, 72, 60, 36, 0, 48, 24, 60, 48, 72, 36, 0, 72, 48, 36, 36, 60, 36, 72, 12, 12, 0, 0, 24, 12, 12, 24, 12, 12, 12, 36, 12, 0, 12, 12, 24, 0, 36, 24, 60, 12, 24, 12, 12, 36, 24, 36, 12, 0, 12, 12, 12, 48, 12, 36, 24, 24, 12, 24, 24, 0, 36, 12, 12, 36, 72, 48, 72, 84, 48, 84, 72, 144, 84, 108, 156, 108, 216, 216, 72, 180, 240, 324, 300, 300, 312, 408, 432, 564, 360, 504, 420, 288, 492, 468, 528, 348, 420, 324, 540, 360, 480, 468, 276, 420, 276, 360, 396, 444, 372, 324, 216, 384, 456, 348, 336, 312, 336, 312, 276, 444, 324, 300, 228, 324, 348, 324, 348, 336, 444, 468, 300, 336, 312, 372, 336, 300, 384, 240, 396, 288, 240, 396, 360, 384, 384, 396, 216, 300, 324, 444, 372, 444, 336, 216, 228, 384, 204, 288, 216, 312, 360, 324, 252, 360, 432, 360, 240, 372, 444, 372, 288, 372, 252, 480, 240, 264, 432, 288, 468, 348, 336, 348, 252, 276, 336, 240, 204, 348, 312, 276, 360, 372, 372, 252, 288, 456, 264, 456, 552, 372, 408, 372, 324, 408, 420, 324, 360, 204, 456, 348, 228, 444, 360, 228, 288, 408, 480, 252, 420, 384, 216, 348, 372, 372, 288, 312, 228, 324, 276, 456, 288, 276, 348, 288, 336, 276, 336, 408, 180, 228, 228, 240, 252, 168, 228, 240, 300, 192, 228, 144, 180, 180, 180, 144, 120, 132, 144, 132, 192, 60, 72, 120, 60, 168, 192, 84, 108, 132, 60, 108, 144, 60, 108, 132, 72, 72, 96, 108, 72, 144]",44.508210897842,11.3462080467851,10384,10360.0
3.21 3.25 2 1,"[132, 192, 132, 156, 84, 264, 156, 144, 24, 84, 120, 144, 108, 48, 108, 72, 24, 96, 108, 48, 120, 36, 84, 84, 84, 96, 36, 24, 60, 12, 96, 48, 48, 36, 48, 36, 48, 36, 12, 60, 12, 0, 12, 12, 48, 12, 48, 60, 24, 60, 60, 96, 72, 72, 84, 48, 48, 108, 36, 96, 144, 144, 108, 132, 108, 132, 108, 96, 132, 156, 108, 168, 156, 288, 156, 180, 156, 156, 180, 252, 264, 180, 264, 384, 396, 312, 408, 528, 360, 420, 516, 480, 588, 480, 204, 0, 288, 492, 660, 660, 528, 708, 588, 636, 792, 660, 780, 696, 624, 672, 564, 576, 576, 504, 576, 504, 348, 0, 144, 672, 540, 516, 576, 540, 648, 636, 624, 480, 612, 540, 528, 600, 564, 552, 612, 480, 492, 552, 516, 468, 468, 576, 564, 456, 576, 636, 528, 552, 420, 672, 636, 396, 480, 384, 588, 528, 564, 660, 540, 528, 660, 600, 528, 600, 456, 516, 504, 504, 552, 396, 612, 564, 456, 456, 720, 612, 420, 600, 480, 492, 492, 456, 648, 576, 372, 408, 588, 492, 480, 492, 588, 444, 468, 540, 552, 768, 516, 540, 648, 468, 588, 564, 408, 420, 624, 588, 624, 516, 624, 552, 492, 516, 588, 552, 660, 756, 504, 588, 624, 564, 528, 396, 744, 276, 0, 348, 588, 636, 480, 432, 564, 600, 600, 504, 516, 516, 468, 528, 552, 432, 444, 516, 552, 444, 372, 588, 408, 540, 372, 336, 336, 372, 336, 456, 348, 348, 408, 312, 228, 336, 300, 192, 264, 192, 312, 324, 264, 204, 264, 240, 180, 252, 240, 228, 204, 288, 312, 204, 276, 204, 240, 168, 192, 192, 132, 156, 180, 132]",44.506721871953,11.3459581931791,10310,15570.0
3.22 0.127 6 1,"[156, 96, 120, 72, 240, 120, 96, 84, 96, 132, 72, 60, 60, 108, 72, 108, 36, 48, 96, 48, 48, 48, 60, 84, 108, 0, 0, 24, 48, 12, 0, 60, 24, 12, 12, 60, 36, 12, 96, 0, 12, 24, 12, 36, 36, 12, 36, 36, 0, 24, 12, 12, 24, 36, 24, 0, 24, 12, 24, 48, 48, 24, 24, 12, 24, 60, 48, 60, 132, 120, 60, 72, 72, 72, 84, 96, 156, 108, 120, 168, 144, 144, 132, 168, 288, 276, 300, 312, 300, 468, 564, 816, 768, 744, 984, 948, 852, 1068, 720, 732, 876, 696, 540, 624, 780, 840, 648, 756, 648, 660, 552, 384, 504, 552, 504, 456, 468, 552, 492, 420, 528, 444, 420, 576, 504, 384, 528, 504, 504, 432, 348, 576, 384, 528, 588, 420, 480, 552, 468, 576, 588, 552, 456, 564, 396, 492, 612, 420, 504, 504, 492, 420, 588, 576, 504, 576, 492, 432, 624, 636, 624, 468, 516, 684, 612, 564, 444, 420, 552, 648, 600, 732, 444, 600, 504, 540, 456, 576, 624, 576, 552, 600, 456, 528, 540, 600, 444, 576, 396, 492, 492, 516, 600, 696, 552, 708, 708, 600, 564, 600, 528, 624, 636, 600, 636, 576, 780, 576, 696, 672, 504, 756, 624, 588, 756, 552, 624, 564, 660, 696, 780, 612, 588, 648, 588, 516, 528, 720, 588, 504, 600, 780, 804, 552, 420, 444, 456, 516, 516, 552, 480, 540, 408, 384, 360, 492, 444, 516, 348, 264, 396, 360, 324, 264, 336, 408, 420, 264, 252, 240, 288, 360, 276, 240, 156, 240, 168, 180, 276, 240, 240, 192, 276, 240, 216, 228, 168, 216, 288, 204, 300, 168, 288, 216, 228, 144, 132, 300]",44.5117283716026,11.3509480202805,10348,13833.0
3.22 3.20 4 1,"[144, 168, 96, 120, 96, 144, 84, 84, 48, 72, 84, 120, 36, 36, 48, 144, 48, 12, 72, 96, 48, 48, 0, 36, 12, 36, 12, 36, 12, 12, 24, 0, 60, 36, 36, 84, 24, 24, 36, 12, 36, 12, 60, 12, 12, 0, 0, 24, 24, 0, 0, 24, 12, 12, 0, 48, 48, 12, 108, 36, 12, 60, 60, 24, 48, 12, 36, 144, 84, 60, 132, 48, 48, 132, 156, 144, 156, 168, 180, 156, 144, 180, 240, 156, 192, 264, 348, 456, 552, 576, 696, 444, 648, 780, 732, 744, 756, 852, 660, 516, 720, 720, 684, 672, 828, 792, 768, 636, 672, 552, 540, 444, 588, 516, 444, 408, 492, 648, 504, 432, 492, 564, 456, 444, 348, 540, 552, 396, 420, 468, 540, 432, 288, 528, 504, 564, 312, 492, 384, 480, 504, 528, 516, 636, 396, 612, 540, 660, 456, 564, 564, 480, 396, 588, 408, 360, 420, 600, 648, 468, 564, 396, 480, 468, 516, 528, 540, 552, 408, 468, 492, 528, 468, 540, 540, 360, 504, 576, 396, 612, 360, 468, 540, 504, 432, 432, 540, 492, 504, 420, 528, 588, 564, 468, 516, 528, 576, 588, 504, 744, 528, 564, 408, 612, 468, 648, 612, 576, 696, 732, 684, 528, 648, 540, 564, 612, 732, 576, 672, 528, 732, 744, 492, 648, 456, 576, 576, 648, 444, 516, 480, 312, 468, 528, 564, 360, 552, 384, 408, 480, 456, 600, 444, 348, 540, 420, 336, 324, 336, 228, 324, 384, 156, 324, 276, 264, 240, 156, 240, 48, 276, 192, 336, 264, 168, 216, 240, 180, 156, 168, 168, 204, 168, 192, 132, 180, 264, 156, 96, 168, 192, 48, 216, 120, 132, 252, 180, 108]",44.5116341912467,11.3499432678679,10348,10397.0
3.22 3.20 7 1,"[156, 0, 36, 108, 96, 156, 48, 48, 24, 12, 60, 12, 48, 36, 24, 84, 36, 36, 0, 36, 12, 36, 24, 0, 0, 12, 0, 0, 0, 0, 12, 12, 0, 24, 0, 60, 12, 0, 24, 12, 12, 0, 0, 0, 12, 12, 0, 0, 0, 0, 0, 0, 48, 12, 0, 0, 12, 0, 12, 24, 36, 24, 36, 24, 36, 36, 12, 24, 60, 36, 72, 48, 24, 84, 36, 72, 108, 96, 168, 84, 132, 180, 132, 228, 240, 180, 216, 300, 420, 528, 504, 444, 624, 660, 540, 660, 696, 600, 420, 648, 492, 576, 516, 480, 684, 576, 684, 504, 540, 444, 432, 408, 504, 300, 480, 384, 264, 372, 372, 288, 216, 360, 276, 348, 468, 204, 252, 540, 288, 288, 324, 336, 384, 432, 420, 312, 240, 312, 348, 324, 276, 240, 288, 372, 408, 420, 324, 348, 384, 204, 360, 384, 456, 420, 396, 528, 420, 492, 396, 384, 372, 216, 396, 420, 336, 360, 324, 336, 504, 264, 384, 468, 288, 276, 324, 276, 336, 252, 312, 360, 372, 324, 348, 288, 372, 456, 444, 288, 408, 360, 360, 444, 360, 444, 372, 384, 348, 276, 444, 600, 516, 432, 408, 420, 480, 468, 576, 528, 480, 408, 600, 456, 600, 516, 384, 408, 564, 504, 564, 384, 396, 444, 444, 528, 456, 552, 480, 540, 444, 312, 420, 264, 420, 504, 276, 324, 384, 408, 396, 432, 372, 264, 144, 216, 312, 156, 228, 228, 156, 192, 204, 252, 156, 228, 192, 252, 240, 204, 108, 192, 192, 192, 156, 144, 144, 84, 216, 36, 108, 36, 216, 144, 216, 120, 72, 156, 156, 84, 120, 144, 132, 120, 204, 84, 72, 96, 84, 144]",44.5114364880796,11.3499093814091,10397,10348.0
3.22 3.30 8 1,"[96, 204, 84, 192, 72, 108, 72, 120, 108, 156, 60, 60, 36, 48, 72, 36, 96, 120, 72, 48, 36, 96, 36, 60, 48, 48, 36, 36, 48, 60, 36, 12, 0, 24, 36, 48, 24, 48, 12, 12, 12, 0, 24, 24, 36, 0, 36, 12, 36, 24, 0, 12, 60, 24, 48, 72, 24, 24, 24, 36, 72, 12, 48, 60, 72, 24, 108, 84, 180, 120, 84, 144, 192, 108, 108, 96, 204, 108, 144, 132, 324, 348, 228, 408, 444, 456, 564, 660, 480, 804, 1044, 1212, 1260, 1512, 1224, 1392, 1104, 1272, 1128, 1128, 1188, 960, 1020, 1044, 1056, 972, 936, 804, 840, 900, 840, 660, 672, 600, 600, 780, 852, 564, 528, 900, 516, 660, 744, 564, 612, 708, 720, 624, 492, 612, 516, 612, 504, 648, 720, 684, 528, 768, 612, 612, 636, 828, 564, 576, 612, 720, 816, 504, 564, 708, 648, 660, 792, 1008, 804, 696, 648, 840, 756, 540, 768, 816, 672, 876, 1068, 636, 780, 732, 792, 648, 828, 612, 708, 756, 720, 924, 708, 864, 672, 720, 648, 684, 804, 636, 816, 720, 696, 720, 636, 672, 876, 852, 720, 732, 768, 780, 1092, 1020, 876, 900, 972, 804, 1092, 1092, 840, 1260, 1296, 1272, 828, 1032, 1140, 924, 936, 1056, 1092, 864, 1116, 744, 1044, 1092, 960, 1272, 1008, 888, 804, 948, 624, 720, 732, 768, 876, 636, 720, 816, 684, 852, 816, 684, 828, 816, 612, 564, 636, 660, 636, 408, 444, 492, 468, 504, 468, 324, 456, 420, 360, 396, 240, 360, 336, 312, 348, 396, 348, 276, 360, 252, 276, 336, 312, 216, 300, 204, 228, 300, 228, 276, 156, 264, 300, 288, 276, 168, 228, 252, 192, 228, 216, 168]",44.5105560923694,11.350422409743,10396,14545.0
3.23 3.20 8 1,"[96, 48, 48, 72, 84, 60, 84, 72, 108, 24, 48, 36, 12, 0, 36, 84, 60, 24, 24, 0, 0, 72, 48, 12, 72, 48, 12, 12, 24, 24, 36, 12, 12, 12, 48, 12, 12, 12, 24, 12, 0, 0, 24, 24, 0, 12, 0, 0, 12, 0, 0, 0, 24, 36, 24, 48, 12, 12, 12, 12, 36, 36, 24, 24, 36, 12, 72, 24, 84, 96, 60, 60, 120, 72, 60, 84, 96, 84, 120, 108, 156, 156, 204, 360, 264, 432, 432, 240, 516, 636, 564, 912, 1068, 840, 552, 756, 636, 912, 600, 840, 696, 744, 708, 636, 528, 672, 708, 648, 528, 564, 444, 432, 480, 528, 432, 540, 636, 408, 480, 432, 468, 480, 420, 456, 612, 432, 492, 540, 492, 432, 444, 492, 324, 480, 540, 576, 408, 540, 384, 660, 624, 696, 492, 600, 492, 480, 588, 492, 480, 528, 468, 360, 636, 564, 492, 612, 504, 564, 492, 552, 600, 564, 600, 648, 564, 504, 432, 432, 564, 552, 480, 552, 504, 324, 504, 636, 456, 540, 624, 552, 600, 564, 588, 444, 516, 588, 516, 684, 540, 420, 660, 504, 588, 636, 456, 696, 912, 564, 684, 564, 612, 624, 660, 660, 780, 696, 1008, 816, 792, 792, 612, 672, 684, 960, 552, 756, 720, 696, 660, 900, 996, 696, 900, 552, 732, 708, 636, 696, 468, 396, 612, 384, 540, 564, 648, 480, 576, 612, 588, 480, 372, 480, 372, 444, 348, 504, 384, 324, 456, 276, 348, 252, 324, 228, 252, 312, 264, 276, 156, 192, 192, 336, 192, 120, 168, 156, 168, 276, 84, 144, 192, 84, 156, 84, 120, 144, 204, 108, 132, 108, 156, 156, 144, 84, 72, 120, 36, 144]",44.5111211045366,11.3462263186702,10376,10372.0
3.24 3.23 6 1,"[60, 48, 48, 36, 72, 36, 60, 12, 84, 24, 24, 0, 12, 36, 12, 12, 12, 0, 0, 12, 24, 36, 12, 48, 36, 24, 36, 0, 36, 0, 0, 0, 24, 0, 12, 0, 36, 24, 12, 12, 0, 0, 0, 0, 12, 24, 12, 0, 0, 12, 0, 12, 0, 36, 24, 24, 12, 12, 12, 0, 0, 12, 24, 24, 12, 0, 84, 0, 24, 24, 24, 12, 24, 36, 0, 36, 60, 48, 24, 84, 60, 84, 108, 96, 72, 168, 156, 228, 180, 288, 192, 360, 372, 336, 240, 372, 516, 384, 384, 264, 348, 300, 264, 372, 324, 432, 312, 252, 360, 300, 180, 288, 252, 348, 288, 348, 300, 324, 240, 252, 228, 312, 312, 360, 336, 336, 336, 204, 228, 240, 192, 228, 240, 276, 288, 216, 168, 276, 312, 192, 300, 276, 240, 228, 300, 300, 228, 252, 228, 408, 336, 372, 240, 300, 264, 228, 324, 372, 264, 312, 228, 324, 300, 228, 192, 300, 288, 276, 276, 360, 252, 300, 276, 312, 276, 360, 336, 252, 384, 300, 384, 228, 276, 324, 192, 216, 240, 288, 336, 372, 396, 228, 228, 420, 264, 360, 336, 312, 288, 432, 396, 252, 432, 408, 264, 300, 372, 264, 420, 384, 132, 312, 372, 324, 300, 312, 336, 312, 432, 456, 348, 312, 240, 360, 252, 336, 336, 312, 240, 300, 336, 312, 384, 312, 276, 228, 168, 276, 300, 264, 144, 372, 252, 264, 228, 276, 348, 168, 132, 228, 192, 132, 228, 156, 264, 168, 120, 264, 108, 108, 108, 228, 120, 108, 72, 84, 96, 72, 96, 72, 84, 24, 108, 60, 120, 156, 144, 60, 96, 48, 96, 72, 108, 108, 48, 48, 108, 36]",44.509634427662,11.3427100691982,10349,10368.0
3.24 3.56 6 1,"[60, 72, 108, 0, 36, 0, 60, 60, 12, 24, 0, 36, 36, 72, 24, 84, 36, 24, 36, 48, 24, 0, 120, 12, 24, 36, 12, 12, 0, 0, 24, 0, 12, 24, 0, 12, 0, 0, 12, 24, 24, 24, 0, 0, 12, 12, 36, 12, 12, 12, 12, 12, 12, 36, 12, 0, 0, 24, 12, 48, 24, 24, 36, 24, 24, 0, 48, 36, 72, 0, 36, 36, 84, 72, 48, 96, 84, 84, 60, 192, 108, 156, 156, 216, 216, 192, 192, 252, 264, 288, 372, 312, 492, 396, 420, 492, 456, 372, 420, 348, 444, 480, 444, 468, 504, 384, 372, 384, 492, 444, 384, 396, 288, 336, 456, 456, 420, 228, 240, 408, 312, 348, 384, 264, 336, 336, 288, 456, 312, 384, 336, 372, 408, 276, 480, 288, 468, 360, 408, 300, 336, 384, 420, 240, 336, 252, 324, 300, 456, 336, 324, 288, 240, 336, 300, 180, 324, 492, 324, 408, 384, 324, 288, 300, 348, 276, 264, 300, 444, 372, 336, 324, 336, 288, 372, 372, 372, 444, 384, 324, 360, 348, 336, 252, 336, 288, 360, 288, 276, 396, 288, 192, 384, 288, 240, 420, 360, 360, 384, 456, 420, 312, 276, 300, 288, 444, 420, 276, 348, 384, 372, 396, 372, 384, 180, 324, 324, 396, 264, 300, 372, 264, 324, 276, 372, 384, 276, 432, 456, 360, 384, 312, 276, 432, 360, 276, 252, 408, 420, 312, 396, 300, 336, 240, 312, 324, 288, 228, 252, 264, 252, 192, 168, 312, 240, 216, 156, 216, 72, 144, 216, 156, 156, 108, 120, 156, 204, 216, 48, 72, 180, 120, 96, 60, 48, 132, 120, 108, 132, 96, 132, 96, 84, 96, 36, 132, 48, 96]",44.5087323907391,11.3421489791417,10352,10334.0
3.25 0.127 1 1,"[84, 48, 96, 36, 60, 24, 96, 144, 84, 24, 60, 72, 108, 24, 36, 36, 24, 72, 24, 84, 144, 12, 144, 60, 132, 60, 144, 60, 108, 156, 264, 84, 108, 132, 168, 96, 48, 60, 84, 36, 24, 12, 72, 36, 108, 36, 0, 24, 36, 12, 24, 36, 24, 24, 96, 36, 24, 36, 48, 0, 48, 84, 60, 60, 72, 60, 84, 48, 120, 60, 36, 24, 132, 384, 84, 24, 84, 96, 120, 72, 132, 168, 132, 192, 192, 120, 84, 228, 108, 144, 84, 144, 132, 96, 216, 72, 132, 144, 180, 192, 1728, 120, 228, 192, 192, 180, 216, 132, 156, 156, 168, 324, 156, 228, 168, 168, 180, 216, 252, 180, 264, 228, 156, 156, 204, 180, 108, 336, 240, 216, 180, 180, 192, 180, 252, 204, 228, 252, 216, 168, 156, 180, 180, 96, 252, 264, 216, 240, 216, 144, 180, 228, 120, 240, 252, 144, 120, 48, 252, 192, 132, 204, 168, 240, 180, 144, 156, 96, 132, 156, 144, 192, 228, 156, 228, 156, 168, 192, 144, 156, 120, 180, 192, 168, 108, 156, 216, 120, 108, 216, 120, 156, 204, 228, 108, 144, 204, 156, 192, 240, 96, 96, 204, 156, 240, 204, 216, 168, 228, 144, 96, 156, 156, 144, 180, 84, 192, 144, 108, 132, 144, 264, 132, 228, 132, 96, 96, 300, 192, 192, 156, 168, 144, 84, 204, 168, 156, 180, 132, 132, 240, 144, 84, 180, 108, 216, 228, 132, 108, 84, 168, 72, 108, 144, 168, 588, 84, 84, 72, 108, 60, 108, 144, 72, 144, 96, 96, 84, 48, 108, 132, 180, 120, 96, 108, 144, 60, 120, 108, 60, 84, 48, 24, 84, 48, 120, 168, 60]",44.5053906447778,11.3426488770414,10320,16721.0
3.25 0.127 2 1,"[60, 60, 12, 48, 60, 36, 72, 72, 12, 24, 48, 36, 72, 12, 0, 72, 24, 24, 36, 60, 60, 60, 12, 12, 36, 48, 12, 0, 0, 24, 12, 24, 84, 12, 36, 24, 60, 24, 12, 24, 12, 36, 36, 12, 0, 12, 24, 24, 12, 12, 36, 48, 48, 48, 60, 12, 12, 24, 36, 0, 24, 60, 48, 24, 36, 0, 24, 24, 36, 48, 48, 24, 48, 72, 60, 48, 60, 84, 60, 12, 48, 60, 84, 96, 144, 120, 72, 120, 108, 144, 192, 120, 132, 72, 156, 168, 108, 156, 96, 96, 144, 96, 120, 204, 156, 108, 192, 156, 180, 60, 156, 132, 108, 72, 96, 84, 132, 84, 168, 96, 120, 204, 144, 132, 96, 132, 132, 168, 192, 72, 120, 96, 96, 144, 132, 84, 96, 168, 156, 120, 60, 312, 132, 108, 120, 204, 132, 180, 144, 156, 96, 132, 120, 120, 120, 156, 120, 132, 132, 144, 132, 120, 120, 132, 156, 156, 120, 84, 240, 132, 132, 120, 120, 156, 168, 96, 96, 180, 132, 180, 168, 132, 204, 156, 72, 84, 96, 144, 144, 48, 120, 96, 132, 168, 120, 84, 132, 108, 180, 84, 168, 132, 156, 84, 108, 120, 96, 192, 180, 120, 108, 132, 204, 132, 168, 168, 180, 108, 144, 108, 108, 180, 168, 120, 72, 132, 120, 132, 132, 84, 228, 84, 156, 96, 60, 96, 72, 168, 96, 132, 96, 156, 108, 120, 96, 156, 48, 144, 96, 96, 48, 36, 96, 0, 84, 48, 36, 48, 72, 36, 36, 24, 60, 36, 96, 36, 36, 84, 24, 48, 24, 12, 84, 48, 12, 12, 84, 0, 12, 12, 60, 84, 48, 36, 24, 12, 36, 36]",,,,
3.25 0.127 4 1,"[300, 600, 228, 360, 288, 432, 312, 276, 120, 216, 192, 264, 192, 264, 240, 300, 168, 252, 300, 240, 120, 204, 264, 180, 72, 204, 156, 96, 180, 96, 132, 72, 168, 60, 84, 132, 96, 72, 84, 48, 84, 48, 60, 72, 48, 84, 84, 72, 120, 108, 96, 120, 96, 72, 156, 84, 72, 132, 204, 168, 84, 144, 192, 204, 180, 144, 204, 240, 240, 216, 180, 336, 204, 324, 300, 324, 240, 336, 360, 456, 396, 408, 480, 612, 492, 804, 780, 768, 768, 1176, 1008, 1284, 1068, 1308, 1020, 1044, 1464, 1080, 1056, 1044, 1272, 1212, 1284, 1068, 1284, 1332, 1272, 1080, 900, 1092, 1164, 1008, 768, 1116, 1152, 972, 900, 1080, 852, 1092, 828, 720, 600, 936, 720, 984, 936, 744, 996, 1092, 912, 864, 960, 1020, 996, 828, 744, 936, 876, 948, 804, 744, 900, 984, 576, 852, 804, 900, 900, 996, 1068, 996, 1020, 1080, 828, 900, 984, 816, 564, 1176, 852, 852, 924, 1056, 1008, 924, 1092, 768, 852, 888, 1080, 1104, 936, 792, 1056, 1020, 1068, 876, 768, 1080, 972, 984, 708, 1044, 948, 828, 816, 768, 912, 1056, 1200, 1152, 996, 828, 756, 1188, 1104, 972, 840, 984, 1020, 1080, 1104, 1140, 1308, 972, 864, 948, 840, 1104, 1032, 1008, 1116, 996, 852, 996, 1068, 1068, 1044, 1140, 912, 1020, 1008, 984, 456, 852, 1032, 1248, 900, 612, 840, 828, 876, 672, 924, 936, 636, 744, 960, 984, 864, 792, 972, 900, 600, 972, 756, 684, 780, 588, 768, 648, 516, 516, 720, 684, 540, 540, 576, 456, 540, 636, 564, 612, 612, 408, 564, 396, 396, 372, 624, 516, 468, 480, 444, 468, 588, 384, 492, 480, 516, 336, 348, 372, 384, 384, 432, 288]",,,,
3.25 1.5 2 1,"[0, 0, 0, 0, 0, 0, 0, 0, 0, 0, 0, 0, 0, 0, 0, 0, 0, 0, 0, 0, 0, 0, 0, 0, 0, 0, 0, 0, 0, 0, 0, 0, 0, 0, 0, 0, 0, 0, 0, 0, 0, 0, 0, 0, 0, 0, 0, 0, 0, 0, 0, 0, 0, 0, 0, 0, 0, 0, 0, 0, 0, 0, 0, 0, 0, 0, 0, 0, 0, 0, 0, 0, 0, 0, 0, 0, 0, 0, 0, 0, 0, 0, 0, 0, 0, 0, 0, 0, 0, 0, 0, 0, 0, 0, 0, 0, 0, 0, 0, 0, 0, 0, 0, 0, 0, 0, 0, 0, 0, 0, 0, 0, 0, 0, 0, 0, 0, 0, 0, 0, 0, 0, 0, 0, 0, 0, 0, 0, 0, 0, 0, 0, 0, 0, 0, 0, 0, 0, 0, 0, 0, 0, 0, 0, 0, 0, 0, 0, 0, 0, 0, 0, 0, 0, 0, 0, 0, 0, 0, 0, 0, 0, 0, 0, 0, 0, 0, 0, 0, 0, 0, 0, 0, 0, 0, 0, 0, 0, 0, 0, 0, 0, 0, 0, 0, 0, 0, 0, 0, 0, 0, 0, 0, 0, 0, 0, 0, 0, 0, 0, 0, 0, 0, 0, 0, 0, 0, 0, 0, 0, 0, 0, 0, 0, 0, 0, 0, 0, 0, 0, 0, 0, 0, 0, 0, 0, 0, 0, 0, 0, 0, 0, 0, 0, 0, 0, 0, 0, 0, 0, 0, 0, 0, 0, 0, 0, 0, 0, 0, 0, 0, 0, 0, 0, 0, 0, 0, 0, 0, 0, 0, 0, 0, 0, 0, 0, 0, 0, 0, 0, 0, 0, 0, 0, 0, 0, 0, 0, 0, 0, 0, 0, 0, 0, 0, 0, 0, 0]",44.5043986546409,11.3452927329361,10239,14166.0
3.25 3.21 6 1,"[288, 180, 336, 132, 168, 144, 204, 324, 228, 132, 84, 96, 180, 156, 132, 84, 168, 144, 60, 180, 60, 144, 72, 108, 96, 96, 72, 84, 72, 72, 72, 24, 36, 84, 72, 120, 84, 60, 36, 0, 48, 24, 24, 72, 84, 72, 72, 36, 72, 60, 36, 36, 60, 72, 36, 72, 36, 36, 72, 72, 84, 132, 84, 72, 48, 12, 48, 96, 120, 72, 84, 180, 96, 120, 156, 156, 96, 168, 204, 240, 252, 276, 324, 336, 516, 408, 396, 408, 600, 732, 192, 828, 156, 972, 1044, 828, 852, 876, 888, 588, 972, 876, 804, 828, 816, 744, 792, 936, 624, 168, 876, 624, 720, 684, 132, 336, 396, 636, 612, 612, 720, 720, 624, 564, 600, 648, 588, 684, 648, 576, 120, 708, 600, 684, 708, 612, 684, 648, 288, 96, 624, 864, 516, 720, 168, 528, 696, 504, 708, 708, 684, 720, 84, 732, 636, 696, 816, 552, 456, 348, 780, 480, 228, 708, 480, 780, 432, 588, 708, 648, 624, 732, 732, 228, 492, 648, 696, 576, 516, 564, 300, 408, 696, 576, 732, 216, 660, 576, 744, 588, 612, 672, 660, 552, 180, 708, 588, 696, 828, 756, 720, 684, 720, 252, 528, 888, 876, 636, 792, 156, 576, 708, 768, 744, 672, 540, 852, 696, 168, 768, 612, 708, 624, 564, 600, 672, 204, 888, 624, 720, 816, 600, 792, 156, 504, 576, 720, 540, 156, 564, 540, 552, 564, 492, 576, 444, 168, 396, 468, 444, 420, 372, 444, 408, 372, 348, 336, 300, 300, 312, 348, 348, 216, 240, 312, 324, 276, 144, 144, 216, 252, 408, 336, 336, 252, 396, 240, 252, 168, 156, 276, 192, 276, 204, 216, 204, 264, 300]",44.5051473712216,11.345605840437,16723,15570.0
3.25 3.25 4 1,"[300, 588, 240, 348, 276, 432, 288, 252, 108, 216, 216, 264, 192, 252, 228, 252, 132, 240, 312, 276, 120, 216, 264, 180, 72, 216, 156, 96, 192, 96, 132, 84, 180, 60, 84, 132, 96, 72, 96, 60, 60, 48, 60, 84, 48, 84, 84, 96, 120, 96, 96, 144, 84, 72, 168, 84, 96, 120, 180, 156, 84, 156, 168, 192, 180, 144, 192, 240, 240, 216, 168, 348, 228, 312, 312, 324, 252, 324, 384, 468, 384, 432, 444, 636, 492, 648, 732, 816, 696, 1164, 984, 1248, 1008, 1188, 948, 984, 1176, 1104, 1056, 1296, 1284, 1116, 1296, 900, 876, 960, 1140, 624, 900, 1128, 1080, 816, 696, 1080, 1080, 924, 924, 936, 732, 888, 720, 552, 540, 960, 648, 900, 864, 912, 924, 1044, 888, 816, 912, 972, 924, 876, 744, 924, 876, 900, 780, 720, 900, 840, 408, 876, 900, 828, 816, 1164, 708, 708, 1020, 996, 804, 804, 996, 816, 840, 1044, 840, 276, 900, 1020, 948, 924, 1056, 828, 744, 876, 1080, 1104, 888, 600, 1092, 984, 996, 612, 732, 1068, 960, 984, 672, 1044, 912, 816, 768, 948, 948, 492, 1080, 1044, 960, 852, 648, 1020, 1080, 660, 852, 696, 564, 1092, 636, 1140, 1236, 888, 864, 924, 852, 960, 972, 960, 1104, 1044, 984, 888, 996, 720, 1008, 1104, 912, 960, 984, 924, 456, 648, 588, 1104, 888, 636, 804, 960, 456, 708, 936, 1032, 588, 708, 960, 864, 576, 780, 924, 936, 828, 960, 744, 660, 756, 600, 792, 660, 504, 516, 732, 672, 564, 312, 528, 456, 528, 624, 564, 636, 564, 420, 564, 408, 276, 396, 648, 528, 504, 492, 432, 468, 648, 360, 516, 492, 456, 300, 336, 348, 396, 372, 444, 204]",,,,
3.25 3.25 8 1,"[300, 324, 384, 336, 228, 264, 228, 336, 204, 276, 228, 168, 192, 204, 132, 132, 120, 336, 120, 192, 144, 168, 132, 168, 72, 192, 132, 120, 168, 180, 108, 72, 96, 108, 108, 168, 120, 120, 108, 48, 96, 96, 48, 48, 96, 96, 96, 120, 120, 36, 24, 60, 108, 60, 144, 84, 60, 192, 132, 84, 72, 168, 192, 108, 156, 144, 120, 324, 240, 156, 180, 144, 168, 252, 240, 156, 168, 336, 432, 216, 240, 552, 396, 564, 432, 216, 720, 720, 984, 924, 672, 1212, 1260, 1128, 1128, 1260, 1296, 1152, 936, 936, 1044, 1284, 1164, 1140, 1128, 1140, 720, 972, 1008, 864, 852, 864, 828, 984, 660, 1044, 996, 876, 996, 936, 912, 852, 1020, 732, 1068, 972, 636, 996, 936, 1008, 672, 816, 792, 1104, 792, 936, 828, 864, 768, 732, 1020, 804, 852, 936, 540, 840, 888, 648, 1056, 804, 840, 960, 876, 936, 732, 864, 816, 948, 1320, 1020, 816, 720, 900, 912, 696, 876, 1068, 924, 864, 924, 1212, 1044, 852, 636, 1044, 1152, 1068, 780, 576, 852, 660, 960, 852, 1008, 864, 672, 792, 1224, 852, 840, 888, 624, 972, 960, 612, 1020, 1200, 948, 1152, 924, 984, 948, 948, 1092, 1140, 1056, 900, 1176, 1056, 528, 984, 1020, 1248, 948, 1044, 1032, 1032, 756, 456, 1236, 1128, 1188, 1032, 960, 1212, 756, 1080, 960, 924, 1044, 1104, 816, 792, 444, 900, 792, 996, 912, 252, 1008, 900, 708, 804, 948, 1020, 792, 612, 912, 780, 924, 552, 744, 696, 504, 492, 336, 672, 552, 480, 336, 420, 648, 492, 504, 528, 372, 504, 408, 504, 648, 660, 708, 540, 348, 492, 612, 348, 456, 468, 480, 492, 312, 312, 444, 360, 420, 348, 420]",44.5049648841542,11.3439423895667,17478,10311.0
3.25 3.52 4 1,"[336, 516, 336, 288, 348, 348, 300, 360, 216, 240, 156, 228, 192, 216, 288, 288, 192, 252, 156, 240, 180, 216, 252, 108, 144, 132, 192, 108, 120, 132, 144, 72, 168, 72, 48, 72, 36, 72, 72, 60, 24, 36, 108, 108, 24, 84, 72, 48, 84, 60, 84, 72, 48, 24, 192, 84, 72, 144, 216, 120, 96, 192, 204, 264, 144, 192, 216, 168, 216, 144, 192, 204, 300, 288, 348, 264, 228, 360, 312, 300, 360, 516, 348, 612, 528, 648, 660, 696, 732, 696, 456, 720, 996, 1188, 1140, 960, 960, 1236, 1080, 1020, 900, 1188, 1260, 1188, 1044, 888, 1236, 1116, 1176, 852, 1020, 1080, 756, 1128, 768, 912, 948, 816, 576, 960, 960, 624, 576, 876, 720, 1020, 888, 852, 804, 864, 960, 780, 936, 936, 744, 924, 864, 900, 672, 948, 756, 816, 756, 912, 708, 924, 636, 768, 1056, 780, 1128, 960, 996, 1152, 828, 924, 984, 888, 828, 1044, 864, 840, 924, 1080, 948, 1008, 1044, 876, 768, 984, 960, 1128, 1116, 504, 972, 864, 924, 1008, 900, 1104, 1008, 1056, 384, 1032, 900, 936, 888, 1032, 756, 1152, 912, 972, 1092, 732, 780, 1164, 1080, 972, 900, 792, 936, 720, 1032, 1044, 936, 840, 996, 672, 816, 804, 864, 816, 912, 936, 732, 576, 828, 1020, 876, 816, 696, 420, 936, 744, 300, 756, 924, 972, 960, 780, 480, 804, 792, 792, 948, 768, 792, 552, 720, 984, 900, 648, 744, 552, 780, 696, 480, 648, 444, 600, 636, 468, 660, 516, 756, 744, 672, 552, 600, 552, 564, 636, 636, 672, 636, 456, 624, 468, 480, 444, 612, 516, 612, 468, 420, 504, 576, 444, 528, 528, 504, 336, 384, 324, 348, 420, 540, 372]",44.5053200162569,11.3423892562216,16721,17477.0
3.25 3.54 8 1,"[348, 504, 516, 492, 420, 456, 324, 516, 288, 288, 336, 264, 204, 264, 228, 192, 96, 264, 240, 384, 204, 180, 180, 252, 72, 252, 132, 108, 156, 192, 108, 120, 60, 96, 84, 108, 36, 144, 96, 120, 72, 72, 96, 120, 132, 84, 84, 120, 96, 84, 72, 120, 108, 144, 144, 156, 132, 192, 132, 264, 144, 192, 240, 228, 240, 192, 228, 324, 324, 264, 252, 288, 300, 408, 324, 336, 336, 504, 528, 396, 312, 864, 552, 732, 672, 780, 1236, 948, 1212, 1188, 1404, 1536, 1896, 1668, 1632, 1620, 1764, 1488, 1380, 1344, 1548, 2040, 1860, 1548, 1764, 1668, 1152, 1524, 1716, 1524, 1416, 1248, 1308, 1200, 1152, 1260, 1404, 1440, 1272, 1392, 1260, 1140, 1344, 1092, 1620, 1296, 1224, 1092, 1368, 1632, 1224, 1284, 1140, 1392, 1308, 1512, 1284, 1236, 1152, 912, 1440, 1296, 1140, 1344, 1116, 1548, 1428, 984, 1224, 1440, 1056, 1464, 1332, 1188, 1140, 1032, 1332, 1464, 1704, 1572, 1296, 1296, 1164, 1536, 1236, 1404, 1404, 1572, 1056, 1368, 1440, 1488, 1440, 948, 1716, 1800, 1416, 1272, 1344, 1260, 1452, 1392, 1404, 1632, 1596, 1152, 1512, 1644, 1404, 1404, 1452, 1188, 1056, 1380, 1332, 1632, 1860, 1500, 1608, 1572, 1380, 1560, 1344, 1452, 1464, 1692, 1476, 1572, 1404, 1548, 1440, 1440, 1716, 1404, 1572, 1536, 1524, 1188, 1608, 1716, 1920, 1620, 1644, 1680, 1728, 1332, 1332, 1560, 1536, 1572, 1320, 1272, 1164, 1500, 1584, 1356, 1488, 1308, 1500, 1476, 1392, 1260, 1284, 1476, 1452, 1260, 1344, 1296, 1116, 1404, 816, 1188, 840, 1020, 828, 708, 948, 876, 732, 720, 876, 756, 828, 780, 756, 876, 864, 708, 852, 984, 756, 972, 828, 624, 744, 600, 720, 768, 804, 924, 708, 468, 720, 804, 804, 600, 528, 696]",44.5045986415698,11.3460270545661,10239,14167.0
3.28 3.29 2 1,"[408, 432, 348, 372, 336, 240, 324, 312, 264, 324, 516, 360, 252, 312, 228, 360, 336, 288, 276, 168, 180, 264, 204, 108, 84, 132, 48, 84, 156, 36, 24, 12, 0, 36, 12, 36, 24, 24, 108, 84, 60, 72, 84, 48, 36, 72, 36, 108, 96, 60, 96, 24, 120, 120, 120, 36, 72, 156, 84, 96, 120, 108, 204, 168, 168, 180, 228, 204, 324, 240, 408, 432, 312, 360, 420, 468, 600, 624, 576, 684, 708, 516, 756, 732, 912, 1008, 924, 1368, 1200, 1452, 1392, 1740, 1752, 1524, 1332, 1932, 1560, 1248, 1380, 1320, 1464, 1644, 1824, 1584, 2172, 1632, 1392, 1572, 1320, 1488, 1344, 1140, 1116, 1332, 1236, 1044, 984, 1008, 1056, 1140, 996, 996, 1272, 936, 972, 1080, 1056, 1320, 1536, 1272, 1044, 1128, 960, 1044, 864, 1224, 900, 1032, 1188, 924, 1056, 1200, 1104, 912, 1068, 852, 1116, 960, 1104, 1140, 816, 1320, 1188, 1140, 984, 960, 1368, 1200, 1284, 1104, 1092, 1260, 1176, 1116, 1092, 1236, 1092, 1116, 1212, 1080, 864, 828, 1236, 1440, 1200, 1092, 1392, 1320, 1380, 876, 1044, 1212, 1080, 1044, 1116, 1104, 1032, 1128, 1188, 1020, 1008, 1116, 1272, 972, 1368, 1236, 1332, 1368, 1188, 1224, 1104, 1068, 1308, 1356, 1560, 1200, 1116, 1764, 1392, 1368, 1320, 1332, 1452, 1560, 1608, 1380, 1392, 1200, 1248, 1512, 1188, 1368, 1368, 1512, 1152, 1260, 1344, 804, 960, 1008, 1380, 1128, 1128, 984, 900, 852, 1140, 1032, 924, 1248, 1308, 876, 960, 1008, 1032, 936, 888, 888, 960, 732, 672, 660, 468, 864, 564, 684, 708, 600, 840, 636, 684, 696, 672, 468, 564, 456, 516, 564, 540, 720, 324, 552, 276, 504, 384, 480, 396, 504, 492, 348, 480, 480, 360, 360, 444, 336, 348, 324]",44.5171898450148,11.3600342645556,10768,10590.0
3.29 3.28 6 1,"[216, 192, 288, 288, 180, 312, 204, 180, 180, 216, 204, 180, 180, 120, 144, 108, 48, 132, 168, 156, 72, 192, 72, 120, 96, 108, 120, 96, 48, 60, 36, 72, 24, 24, 12, 48, 60, 60, 60, 72, 48, 24, 60, 108, 132, 48, 96, 108, 84, 96, 48, 144, 144, 48, 60, 120, 72, 72, 96, 156, 120, 120, 168, 228, 252, 228, 156, 228, 192, 228, 276, 168, 276, 108, 276, 360, 348, 288, 432, 348, 504, 456, 624, 540, 792, 696, 828, 852, 1200, 984, 1392, 1332, 1620, 1344, 1752, 1860, 2040, 1728, 1740, 1788, 1572, 1248, 1404, 1512, 1500, 1608, 1140, 1380, 1008, 912, 1056, 1056, 996, 996, 1068, 1092, 552, 1032, 876, 876, 1080, 972, 780, 948, 864, 960, 1128, 888, 708, 828, 768, 900, 1092, 828, 1296, 1080, 1008, 996, 1080, 996, 888, 888, 984, 1236, 852, 1272, 1260, 1272, 1056, 1008, 912, 1068, 1212, 1152, 1152, 1008, 1284, 984, 1356, 1284, 1368, 1164, 1248, 1296, 1272, 1080, 1044, 1176, 1224, 1296, 1164, 1332, 1404, 1416, 1020, 1284, 984, 1272, 1164, 1152, 1128, 1272, 1236, 1488, 1032, 1236, 1380, 1224, 1344, 1344, 1128, 1056, 1008, 1080, 1440, 1212, 996, 1356, 1284, 1464, 1236, 1044, 1152, 1332, 1332, 1740, 1476, 1296, 1200, 1176, 1152, 1464, 1368, 1512, 1188, 1260, 1200, 960, 1236, 1200, 1020, 1224, 852, 1536, 1272, 1260, 1044, 1008, 888, 1032, 1116, 1296, 972, 1044, 1284, 1020, 1056, 1212, 852, 864, 840, 804, 1068, 720, 948, 828, 792, 756, 696, 588, 768, 444, 528, 816, 516, 468, 672, 384, 624, 660, 264, 828, 684, 540, 636, 384, 300, 504, 264, 324, 576, 264, 348, 456, 360, 288, 492, 444, 432, 420, 396, 444, 468, 528, 300, 396, 192, 420]",44.514702324053,11.3589479513182,10591,10590.0
3.29 3.30 2 1,"[372, 312, 336, 276, 324, 288, 252, 180, 240, 252, 240, 324, 228, 240, 168, 276, 360, 216, 252, 120, 192, 192, 180, 156, 48, 72, 72, 84, 84, 96, 0, 48, 0, 24, 24, 24, 24, 36, 60, 36, 36, 48, 108, 24, 24, 72, 12, 60, 36, 48, 72, 24, 96, 60, 96, 12, 72, 108, 48, 84, 72, 84, 132, 120, 144, 120, 180, 144, 252, 228, 252, 348, 240, 300, 372, 300, 456, 408, 444, 456, 540, 396, 624, 516, 672, 576, 636, 768, 1020, 948, 1044, 936, 1080, 1092, 912, 1020, 1032, 792, 852, 1020, 816, 768, 1032, 936, 1188, 1128, 888, 996, 924, 840, 972, 804, 816, 972, 768, 840, 624, 816, 768, 804, 756, 804, 672, 804, 840, 804, 888, 1020, 852, 1056, 972, 600, 876, 720, 672, 900, 684, 780, 840, 696, 924, 744, 768, 744, 720, 720, 888, 828, 708, 1056, 756, 732, 1020, 1104, 696, 660, 852, 672, 996, 876, 876, 948, 852, 876, 900, 804, 876, 900, 960, 984, 612, 684, 828, 1056, 1008, 984, 756, 1080, 1020, 768, 768, 816, 720, 864, 744, 768, 720, 924, 780, 948, 780, 720, 936, 948, 720, 1116, 792, 1188, 960, 768, 948, 948, 756, 1128, 1020, 1092, 1092, 1200, 1188, 1056, 1080, 1296, 1020, 1200, 1176, 1164, 1116, 1044, 972, 1176, 876, 1008, 1068, 1200, 972, 1008, 996, 720, 540, 1068, 984, 888, 864, 792, 936, 684, 780, 792, 540, 960, 888, 744, 852, 720, 720, 780, 696, 672, 612, 612, 588, 396, 444, 600, 612, 564, 600, 408, 708, 444, 468, 828, 624, 456, 396, 396, 360, 360, 528, 456, 456, 324, 336, 336, 336, 336, 372, 396, 360, 396, 252, 360, 216, 324, 216, 300, 228, 288]",44.5124113225706,11.3576722310503,10592,10593.0
3.30 3.22 4 1,"[312, 252, 264, 204, 276, 300, 252, 120, 120, 204, 192, 84, 108, 60, 132, 264, 144, 72, 120, 108, 48, 60, 108, 168, 96, 24, 12, 84, 60, 24, 60, 48, 72, 36, 48, 120, 12, 72, 108, 0, 12, 24, 72, 12, 48, 24, 12, 24, 12, 12, 24, 0, 48, 12, 12, 84, 60, 0, 48, 72, 96, 60, 108, 24, 60, 96, 72, 156, 168, 156, 144, 84, 144, 168, 144, 192, 300, 300, 372, 228, 288, 264, 384, 276, 384, 636, 624, 744, 876, 1128, 1308, 1200, 1452, 1524, 1632, 1524, 1440, 1428, 1296, 1368, 1404, 1584, 1332, 1596, 1380, 1584, 1656, 1260, 1272, 1188, 1332, 840, 1248, 948, 960, 864, 912, 984, 900, 708, 708, 900, 864, 768, 888, 1044, 960, 864, 612, 900, 936, 996, 816, 924, 792, 744, 756, 852, 900, 1044, 1164, 1032, 744, 948, 900, 984, 816, 888, 780, 972, 996, 1068, 1116, 1140, 996, 876, 960, 1188, 1260, 1044, 1104, 804, 1032, 996, 1056, 1092, 768, 684, 816, 1044, 1188, 1404, 960, 960, 876, 984, 1320, 840, 1140, 948, 684, 984, 1020, 1008, 1092, 972, 1044, 1068, 792, 1068, 1152, 1272, 1008, 804, 984, 1152, 1248, 1032, 1104, 984, 1176, 996, 1200, 1128, 1164, 1296, 1404, 1344, 1356, 1128, 1140, 1248, 1200, 1524, 1248, 1212, 1296, 1332, 1392, 1308, 1488, 1140, 1212, 1188, 1212, 1260, 1140, 1104, 936, 1068, 1032, 780, 1128, 1056, 816, 840, 948, 888, 984, 996, 828, 888, 648, 744, 828, 816, 708, 588, 672, 660, 588, 684, 480, 492, 528, 600, 612, 480, 324, 552, 432, 720, 552, 420, 420, 432, 360, 384, 384, 444, 372, 384, 396, 276, 300, 324, 384, 300, 480, 300, 348, 384, 492, 348, 252, 288, 384, 372]",44.510686692092,11.356360865697,10593,10155.0
3.30 3.22 4 15,"[0, 0, 12, 0, 12, 12, 0, 0, 12, 0, 12, 0, 0, 0, 12, 0, 0, 0, 0, 0, 0, 0, 24, 0, 0, 0, 0, 0, 0, 0, 0, 0, 0, 0, 12, 0, 0, 0, 0, 0, 0, 0, 0, 0, 0, 12, 0, 0, 0, 0, 0, 0, 0, 0, 0, 0, 0, 0, 0, 0, 12, 0, 0, 0, 12, 0, 0, 12, 12, 0, 12, 0, 24, 0, 24, 0, 24, 0, 0, 36, 36, 0, 36, 0, 12, 36, 24, 60, 24, 24, 48, 24, 48, 48, 72, 72, 108, 36, 48, 48, 72, 36, 48, 60, 12, 108, 24, 36, 36, 84, 84, 48, 72, 72, 84, 72, 72, 48, 24, 48, 48, 48, 12, 84, 60, 24, 72, 48, 24, 96, 48, 24, 36, 36, 72, 60, 96, 48, 36, 24, 72, 72, 12, 108, 60, 60, 24, 60, 24, 72, 0, 84, 60, 60, 12, 24, 60, 72, 24, 48, 36, 48, 48, 36, 48, 60, 36, 36, 36, 12, 60, 72, 12, 96, 96, 48, 60, 36, 96, 24, 96, 84, 48, 72, 48, 60, 36, 72, 36, 60, 48, 48, 24, 60, 36, 72, 12, 48, 0, 96, 60, 72, 84, 120, 84, 84, 96, 72, 36, 132, 108, 60, 72, 60, 96, 96, 48, 156, 24, 84, 36, 84, 60, 60, 72, 96, 60, 24, 60, 60, 84, 0, 108, 48, 48, 24, 72, 36, 12, 60, 60, 48, 12, 36, 0, 60, 36, 36, 36, 0, 12, 12, 72, 12, 12, 36, 0, 48, 0, 24, 0, 12, 12, 24, 0, 24, 0, 0, 12, 0, 0, 12, 12, 12, 12, 24, 0, 12, 12, 24, 24, 24, 12, 12, 0, 0, 0, 0]",44.5106243830121,11.3567674282501,10155,10593.0
3.30 3.29 6 1,"[228, 216, 252, 180, 240, 300, 240, 168, 168, 168, 168, 144, 192, 84, 96, 84, 60, 96, 144, 156, 108, 144, 60, 84, 72, 120, 156, 60, 72, 60, 60, 36, 36, 24, 24, 36, 60, 48, 72, 84, 24, 48, 60, 84, 72, 36, 60, 72, 72, 84, 48, 120, 132, 24, 60, 96, 72, 96, 60, 108, 144, 96, 252, 216, 240, 180, 144, 228, 288, 216, 132, 156, 240, 252, 252, 360, 288, 360, 396, 432, 480, 468, 600, 672, 672, 588, 924, 876, 1176, 1392, 1248, 1344, 1344, 1680, 1836, 2064, 2088, 1824, 1848, 1812, 1572, 1392, 1680, 1788, 2004, 1368, 1572, 1308, 1116, 1140, 1188, 1140, 1020, 984, 1056, 936, 696, 864, 1152, 888, 924, 876, 696, 852, 936, 1056, 684, 792, 804, 768, 684, 852, 840, 1008, 1176, 900, 948, 1032, 972, 864, 828, 840, 1068, 936, 864, 936, 984, 1236, 876, 1008, 792, 1032, 936, 912, 1044, 1056, 912, 1080, 1320, 1164, 1020, 1152, 1056, 1044, 936, 984, 1128, 1008, 948, 1212, 1212, 1140, 924, 996, 1080, 996, 972, 1080, 1056, 1008, 1152, 1032, 1260, 1092, 912, 1140, 972, 1248, 1356, 996, 1248, 792, 1212, 984, 1236, 1056, 900, 1332, 1284, 1224, 1164, 864, 1332, 1068, 1320, 1452, 1416, 1128, 1404, 1212, 1524, 1272, 1500, 1500, 1068, 1188, 1008, 1044, 1104, 1140, 924, 984, 1260, 1296, 1056, 1248, 852, 984, 1020, 780, 1200, 1140, 948, 780, 1176, 1044, 948, 816, 876, 780, 852, 924, 816, 588, 888, 852, 792, 612, 708, 564, 600, 612, 576, 552, 432, 636, 492, 468, 432, 588, 420, 792, 612, 600, 396, 276, 336, 468, 288, 384, 408, 312, 360, 516, 264, 444, 384, 276, 468, 324, 444, 360, 480, 240, 432, 276, 264, 360]",44.5111065212829,11.3571660982706,10593,10592.0
3.30 3.31 8 1,"[108, 144, 144, 108, 84, 84, 36, 108, 108, 72, 36, 12, 84, 12, 36, 60, 36, 48, 84, 96, 0, 36, 48, 60, 36, 0, 24, 24, 24, 0, 24, 12, 36, 0, 24, 24, 24, 0, 12, 24, 12, 48, 0, 12, 12, 12, 0, 0, 24, 0, 12, 0, 12, 12, 36, 60, 48, 12, 36, 60, 12, 24, 72, 24, 36, 84, 0, 36, 84, 72, 72, 108, 84, 48, 24, 72, 120, 132, 36, 132, 180, 156, 144, 216, 216, 180, 324, 264, 300, 408, 540, 564, 696, 468, 684, 528, 456, 564, 432, 540, 552, 492, 456, 648, 420, 468, 468, 420, 444, 480, 456, 432, 456, 312, 300, 252, 540, 312, 324, 276, 336, 396, 336, 192, 432, 396, 372, 336, 300, 300, 360, 360, 312, 216, 336, 240, 384, 240, 348, 432, 276, 324, 300, 300, 312, 384, 312, 264, 180, 384, 480, 312, 480, 480, 348, 492, 252, 360, 540, 360, 300, 372, 396, 456, 600, 372, 492, 348, 324, 408, 456, 420, 312, 372, 312, 480, 540, 360, 312, 408, 432, 228, 432, 420, 384, 312, 324, 348, 372, 336, 456, 384, 408, 348, 456, 564, 408, 468, 480, 480, 540, 516, 480, 444, 540, 528, 636, 564, 564, 540, 540, 576, 432, 420, 588, 468, 612, 516, 540, 468, 432, 504, 420, 516, 348, 528, 552, 348, 336, 408, 300, 384, 336, 408, 420, 264, 372, 324, 312, 444, 432, 288, 288, 336, 216, 240, 228, 288, 216, 204, 324, 240, 120, 84, 240, 288, 228, 180, 252, 144, 168, 228, 240, 96, 108, 204, 168, 156, 348, 168, 180, 144, 72, 144, 60, 216, 132, 84, 144, 192, 132, 132, 132, 192, 180, 120, 72, 108]",44.5104187230961,11.3591913729827,17020,17169.0
3.30 3.32 2 1,"[576, 360, 480, 264, 312, 336, 300, 192, 312, 336, 240, 264, 336, 336, 276, 300, 336, 228, 300, 192, 180, 228, 192, 192, 108, 108, 72, 72, 108, 60, 36, 36, 0, 36, 72, 24, 36, 60, 72, 48, 60, 24, 36, 72, 60, 24, 36, 36, 84, 132, 96, 48, 96, 84, 120, 12, 96, 192, 72, 96, 96, 60, 192, 228, 144, 168, 216, 144, 372, 276, 312, 396, 348, 384, 480, 408, 456, 504, 492, 516, 720, 564, 816, 672, 864, 792, 720, 996, 1140, 1164, 996, 1128, 1440, 1284, 1116, 1296, 1284, 1092, 1056, 996, 1104, 984, 936, 1008, 1140, 1248, 1296, 1200, 1272, 1140, 996, 1200, 1056, 1128, 1008, 984, 768, 864, 1032, 912, 876, 852, 1008, 924, 1008, 996, 924, 936, 1176, 1236, 1128, 888, 900, 972, 936, 1056, 888, 936, 900, 972, 972, 864, 912, 828, 900, 948, 1008, 1200, 924, 984, 972, 768, 1200, 924, 912, 816, 936, 828, 1116, 1020, 1188, 1008, 912, 948, 996, 912, 1032, 1152, 1224, 1224, 744, 888, 1008, 1224, 948, 1128, 1140, 1044, 1092, 1008, 960, 996, 924, 948, 1008, 972, 756, 1044, 948, 1008, 996, 840, 1152, 948, 984, 1104, 936, 1188, 1116, 1200, 1056, 1104, 1248, 1212, 1068, 1068, 1140, 1152, 1368, 1176, 1092, 1248, 1236, 1260, 1248, 1224, 1392, 1212, 1092, 1188, 1272, 1224, 1248, 1260, 1272, 1236, 1224, 1032, 768, 1068, 1164, 1056, 996, 1032, 1320, 924, 972, 1092, 756, 1068, 1104, 1176, 948, 912, 1020, 912, 804, 900, 936, 660, 624, 540, 516, 588, 804, 564, 624, 708, 660, 456, 672, 1020, 1260, 732, 588, 552, 396, 408, 600, 480, 432, 468, 384, 516, 420, 372, 492, 384, 492, 408, 384, 492, 336, 300, 504, 408, 408, 324]",44.5095285909376,11.3562924469786,10594,13920.0
3.30 3.44 8 1,"[48, 24, 24, 48, 36, 12, 48, 0, 36, 36, 24, 24, 0, 0, 0, 24, 12, 12, 12, 12, 12, 24, 12, 36, 0, 0, 36, 0, 12, 48, 24, 12, 0, 0, 0, 12, 0, 0, 0, 0, 0, 0, 24, 12, 0, 48, 12, 0, 0, 0, 0, 0, 36, 0, 12, 0, 0, 12, 12, 0, 12, 24, 12, 24, 24, 12, 12, 36, 48, 36, 60, 60, 12, 48, 36, 72, 60, 36, 48, 72, 84, 84, 60, 96, 192, 240, 180, 156, 72, 156, 348, 300, 252, 276, 456, 384, 408, 420, 312, 312, 432, 348, 360, 204, 204, 180, 420, 372, 156, 228, 324, 288, 264, 252, 192, 132, 312, 132, 216, 216, 216, 156, 324, 180, 180, 264, 288, 300, 240, 192, 120, 300, 156, 288, 216, 336, 240, 240, 264, 216, 216, 384, 204, 312, 216, 204, 204, 168, 180, 204, 264, 144, 276, 264, 240, 276, 276, 264, 276, 204, 168, 240, 216, 240, 360, 288, 324, 168, 216, 228, 372, 300, 204, 204, 360, 300, 240, 336, 228, 312, 312, 240, 300, 216, 276, 288, 264, 216, 288, 192, 336, 360, 204, 240, 252, 240, 336, 360, 300, 348, 384, 276, 372, 300, 324, 324, 516, 552, 516, 420, 360, 372, 300, 456, 384, 480, 408, 360, 444, 420, 456, 432, 348, 360, 336, 384, 336, 228, 204, 312, 252, 276, 156, 264, 216, 252, 228, 264, 372, 204, 252, 168, 240, 240, 192, 180, 144, 204, 216, 96, 96, 192, 132, 96, 84, 60, 96, 84, 132, 96, 84, 84, 108, 60, 72, 72, 36, 84, 36, 84, 144, 24, 60, 60, 24, 60, 72, 60, 96, 72, 84, 48, 96, 96, 48, 36, 24, 36]",44.5095614286858,11.3570094707274,10594,10595.0
3.31 0.127 9 1,"[48, 36, 48, 24, 36, 12, 48, 48, 0, 24, 12, 12, 12, 36, 0, 12, 0, 0, 0, 12, 12, 0, 12, 0, 0, 0, 0, 12, 0, 0, 0, 0, 0, 0, 0, 0, 12, 0, 0, 0, 0, 0, 0, 0, 0, 0, 0, 0, 12, 0, 0, 0, 0, 12, 12, 12, 24, 0, 12, 0, 12, 0, 12, 12, 0, 0, 24, 0, 0, 36, 0, 0, 12, 48, 24, 24, 0, 36, 48, 12, 60, 36, 48, 72, 108, 72, 24, 60, 108, 72, 132, 156, 132, 252, 216, 144, 324, 264, 228, 192, 240, 144, 216, 252, 144, 204, 252, 180, 216, 156, 108, 156, 144, 132, 72, 216, 132, 96, 108, 132, 132, 168, 72, 108, 168, 144, 132, 84, 108, 168, 72, 204, 108, 120, 108, 72, 144, 72, 96, 180, 72, 144, 96, 108, 60, 96, 192, 132, 84, 192, 156, 96, 216, 144, 144, 168, 192, 84, 96, 120, 156, 156, 84, 132, 192, 240, 288, 156, 120, 144, 228, 120, 192, 132, 120, 120, 144, 96, 192, 228, 156, 72, 180, 120, 132, 120, 192, 108, 96, 180, 120, 180, 216, 288, 132, 228, 216, 180, 204, 180, 168, 276, 228, 204, 204, 144, 228, 156, 276, 204, 264, 216, 348, 276, 300, 180, 264, 336, 264, 276, 228, 204, 204, 192, 240, 132, 180, 144, 228, 156, 144, 108, 60, 96, 132, 180, 108, 120, 144, 96, 168, 48, 96, 84, 108, 108, 24, 96, 120, 96, 120, 60, 24, 60, 108, 60, 60, 48, 48, 120, 84, 216, 72, 0, 36, 24, 48, 24, 36, 72, 24, 12, 48, 36, 48, 12, 60, 48, 72, 48, 0, 36, 60, 24, 24, 48, 24, 36]",44.5091283779593,11.3619613236467,16625,10453.0
3.31 3.30 4 1,"[144, 132, 156, 72, 72, 192, 60, 60, 48, 24, 24, 60, 48, 48, 60, 72, 36, 60, 84, 36, 24, 24, 36, 72, 0, 36, 48, 84, 24, 24, 24, 0, 12, 12, 24, 36, 12, 12, 24, 0, 12, 12, 0, 12, 24, 0, 12, 24, 0, 24, 0, 12, 12, 24, 12, 36, 72, 24, 60, 48, 48, 24, 36, 60, 24, 144, 48, 120, 84, 48, 96, 72, 84, 144, 132, 180, 168, 252, 192, 156, 180, 264, 240, 228, 336, 456, 444, 540, 480, 840, 708, 888, 936, 708, 888, 1032, 1200, 696, 624, 720, 852, 768, 708, 840, 744, 708, 612, 876, 600, 516, 480, 660, 552, 504, 432, 480, 432, 468, 492, 396, 336, 456, 444, 456, 444, 372, 444, 444, 504, 528, 360, 264, 516, 396, 540, 372, 468, 468, 348, 408, 588, 336, 324, 396, 372, 408, 372, 336, 564, 312, 480, 540, 396, 492, 420, 432, 444, 720, 696, 468, 348, 420, 552, 528, 432, 504, 372, 396, 480, 636, 552, 528, 456, 420, 480, 684, 636, 408, 420, 408, 456, 288, 516, 396, 612, 408, 576, 516, 396, 720, 744, 624, 492, 468, 648, 576, 612, 552, 576, 672, 576, 564, 552, 444, 408, 660, 648, 612, 660, 540, 780, 552, 624, 552, 468, 684, 552, 720, 384, 624, 612, 564, 636, 600, 648, 660, 504, 576, 420, 372, 324, 384, 456, 492, 396, 564, 348, 312, 408, 384, 420, 276, 216, 336, 324, 396, 228, 300, 360, 180, 312, 240, 216, 228, 180, 180, 252, 300, 60, 240, 144, 372, 288, 300, 108, 108, 156, 132, 168, 144, 132, 132, 168, 204, 120, 156, 144, 144, 156, 96, 120, 72, 132, 120, 60, 144, 156, 180]",44.5105133984144,11.3594351765644,17169,17020.0
3.31 3.30 4 2,"[180, 156, 168, 84, 60, 216, 84, 84, 48, 48, 12, 72, 84, 60, 60, 108, 48, 60, 84, 60, 36, 24, 36, 84, 0, 48, 60, 84, 36, 24, 24, 12, 24, 12, 36, 36, 24, 36, 24, 0, 12, 12, 0, 24, 12, 12, 24, 24, 0, 24, 12, 12, 24, 12, 12, 48, 72, 36, 48, 48, 84, 24, 60, 72, 24, 180, 48, 108, 96, 120, 72, 120, 132, 192, 180, 204, 192, 264, 192, 204, 180, 312, 324, 312, 372, 480, 468, 600, 528, 1080, 684, 948, 1104, 804, 1068, 1032, 1368, 912, 720, 888, 912, 768, 336, 444, 936, 888, 852, 660, 612, 600, 552, 864, 672, 480, 624, 444, 636, 552, 564, 432, 360, 492, 468, 480, 468, 384, 408, 540, 648, 588, 324, 348, 684, 612, 456, 480, 516, 516, 432, 480, 684, 312, 444, 468, 420, 420, 432, 360, 588, 396, 540, 588, 492, 528, 432, 516, 480, 744, 672, 576, 408, 480, 636, 564, 516, 552, 408, 420, 492, 768, 588, 660, 504, 600, 504, 816, 636, 540, 432, 444, 516, 408, 564, 528, 612, 636, 504, 504, 540, 720, 768, 624, 612, 540, 732, 576, 600, 576, 396, 516, 660, 516, 768, 492, 468, 768, 756, 636, 684, 648, 864, 684, 696, 648, 588, 720, 648, 780, 420, 756, 756, 684, 636, 564, 792, 768, 576, 648, 456, 480, 360, 492, 540, 564, 420, 564, 384, 456, 504, 348, 480, 324, 288, 360, 300, 312, 252, 264, 396, 192, 420, 204, 264, 264, 216, 300, 240, 312, 156, 228, 216, 372, 228, 276, 132, 168, 168, 144, 216, 132, 168, 180, 192, 192, 144, 216, 180, 144, 180, 132, 120, 96, 156, 156, 96, 180, 216, 180]",44.5094148346948,11.3622381662523,16625,16623.0
3.31 3.91 8 1,"[120, 144, 120, 84, 72, 72, 48, 120, 144, 36, 36, 24, 72, 0, 48, 48, 36, 36, 60, 108, 12, 36, 72, 60, 24, 24, 24, 24, 12, 24, 24, 12, 36, 0, 24, 24, 24, 0, 12, 24, 24, 36, 0, 12, 12, 36, 0, 0, 24, 0, 0, 0, 12, 12, 48, 60, 60, 12, 24, 48, 12, 24, 24, 24, 48, 72, 12, 24, 60, 84, 60, 96, 72, 84, 36, 96, 96, 84, 72, 144, 120, 216, 204, 252, 180, 264, 288, 300, 300, 384, 384, 600, 732, 732, 468, 396, 708, 564, 324, 528, 624, 480, 456, 708, 516, 456, 492, 504, 420, 444, 432, 336, 420, 384, 360, 300, 516, 324, 360, 372, 348, 408, 432, 240, 432, 408, 312, 384, 384, 348, 384, 420, 408, 300, 360, 336, 384, 228, 384, 420, 396, 348, 360, 276, 288, 432, 276, 348, 240, 372, 408, 420, 528, 528, 624, 372, 420, 432, 348, 684, 312, 456, 372, 588, 624, 540, 384, 504, 372, 480, 396, 444, 468, 444, 336, 468, 540, 456, 372, 444, 516, 252, 384, 492, 324, 516, 312, 408, 324, 348, 396, 540, 492, 432, 504, 600, 492, 504, 564, 612, 480, 528, 672, 528, 636, 636, 540, 684, 744, 564, 468, 324, 0, 84, 588, 492, 516, 648, 588, 636, 576, 600, 492, 636, 516, 540, 468, 528, 528, 396, 420, 468, 372, 432, 516, 348, 468, 372, 228, 444, 444, 336, 228, 432, 192, 300, 276, 204, 312, 156, 420, 216, 132, 84, 228, 264, 204, 180, 264, 144, 144, 408, 288, 156, 192, 192, 156, 168, 276, 288, 156, 180, 120, 132, 156, 168, 144, 72, 84, 168, 264, 120, 108, 168, 216, 168, 84, 72]",44.5086825618141,11.3627497817883,16625,17518.0
3.32 3.30 6 1,"[204, 216, 228, 396, 252, 324, 168, 252, 228, 180, 180, 228, 60, 96, 156, 96, 120, 84, 192, 240, 156, 168, 96, 132, 72, 72, 132, 96, 60, 60, 48, 156, 12, 24, 72, 48, 60, 72, 84, 48, 60, 36, 36, 96, 60, 48, 60, 60, 60, 12, 48, 108, 120, 12, 144, 120, 24, 96, 72, 96, 96, 108, 312, 204, 168, 144, 144, 204, 204, 156, 108, 192, 108, 168, 144, 192, 300, 252, 300, 420, 312, 456, 372, 324, 444, 396, 816, 612, 936, 672, 876, 996, 1116, 972, 1260, 1464, 1284, 1080, 1128, 1140, 840, 1008, 1224, 1248, 1212, 984, 1236, 912, 888, 876, 1080, 888, 948, 852, 912, 744, 636, 708, 864, 660, 828, 876, 816, 732, 984, 1008, 564, 840, 708, 684, 780, 672, 900, 924, 876, 804, 636, 816, 756, 840, 780, 600, 840, 780, 900, 984, 840, 888, 756, 888, 912, 804, 888, 636, 888, 708, 660, 912, 996, 984, 768, 828, 840, 924, 828, 924, 1008, 600, 768, 1164, 912, 1104, 876, 936, 912, 948, 816, 864, 840, 984, 996, 768, 1104, 1068, 840, 1056, 936, 1032, 1092, 744, 852, 948, 1032, 912, 1128, 1008, 840, 1140, 924, 936, 1032, 888, 1188, 924, 924, 1236, 1104, 972, 1224, 1140, 1320, 1032, 1164, 816, 936, 1068, 828, 852, 1104, 972, 828, 1176, 1128, 1056, 936, 996, 708, 828, 900, 828, 1092, 792, 744, 876, 1044, 768, 792, 804, 696, 804, 840, 1008, 552, 816, 600, 864, 744, 612, 600, 552, 684, 648, 612, 444, 372, 624, 540, 324, 552, 516, 372, 360, 216, 372, 360, 468, 456, 336, 396, 420, 480, 324, 372, 384, 252, 384, 408, 348, 492, 384, 372, 240, 396, 336, 384, 264, 252, 396]",44.5080530082146,11.3556532075512,10596,13920.0
3.32 3.32 2 3,"[180, 120, 84, 60, 96, 84, 108, 12, 96, 96, 96, 108, 84, 60, 60, 60, 156, 60, 168, 156, 84, 84, 96, 108, 72, 72, 72, 72, 72, 24, 24, 36, 0, 24, 60, 12, 24, 36, 60, 36, 48, 12, 12, 60, 48, 24, 12, 36, 36, 96, 48, 48, 72, 72, 96, 0, 84, 108, 36, 84, 84, 60, 84, 132, 84, 120, 168, 108, 180, 192, 156, 192, 204, 180, 336, 252, 228, 264, 96, 108, 144, 168, 168, 168, 120, 192, 108, 180, 192, 144, 312, 252, 216, 180, 276, 228, 252, 252, 144, 192, 288, 156, 204, 204, 216, 228, 300, 264, 312, 192, 168, 216, 264, 168, 168, 168, 204, 144, 168, 204, 132, 216, 204, 264, 132, 144, 180, 168, 132, 192, 264, 84, 192, 192, 204, 156, 348, 168, 180, 144, 144, 240, 144, 180, 120, 168, 132, 276, 216, 144, 120, 132, 216, 156, 156, 144, 204, 180, 156, 168, 216, 252, 204, 156, 168, 132, 192, 252, 264, 168, 168, 156, 144, 144, 192, 252, 228, 204, 216, 168, 216, 228, 240, 204, 228, 228, 180, 108, 264, 180, 204, 180, 204, 120, 252, 228, 192, 180, 216, 300, 300, 156, 180, 264, 276, 360, 276, 228, 216, 264, 300, 264, 288, 216, 300, 288, 228, 240, 360, 288, 228, 228, 240, 228, 252, 312, 264, 252, 240, 240, 216, 324, 180, 180, 264, 192, 132, 216, 120, 180, 180, 120, 276, 144, 216, 168, 204, 324, 168, 216, 120, 72, 84, 84, 72, 108, 132, 156, 120, 84, 120, 156, 204, 216, 168, 108, 144, 120, 120, 132, 132, 120, 144, 156, 108, 48, 84, 84, 84, 120, 72, 84, 84, 72, 228, 132, 120, 72]",44.5079150722029,11.3555282015322,10596,13920.0
3.32 3.33 2 1,"[552, 408, 312, 288, 300, 288, 228, 168, 324, 216, 204, 252, 288, 216, 228, 288, 204, 228, 204, 156, 144, 204, 132, 156, 108, 96, 72, 60, 96, 24, 36, 36, 0, 24, 60, 12, 12, 36, 84, 12, 60, 0, 12, 36, 72, 12, 12, 36, 48, 72, 60, 24, 84, 96, 96, 12, 60, 108, 48, 84, 84, 60, 132, 120, 96, 132, 168, 180, 192, 240, 228, 264, 252, 252, 384, 336, 288, 420, 480, 348, 624, 480, 564, 528, 588, 672, 624, 792, 936, 948, 948, 1020, 1140, 1200, 1044, 984, 948, 1032, 1044, 684, 804, 936, 720, 936, 888, 864, 984, 876, 936, 1020, 948, 876, 912, 912, 732, 744, 768, 672, 732, 768, 732, 612, 720, 660, 720, 780, 780, 696, 912, 984, 828, 708, 804, 804, 792, 684, 612, 864, 696, 852, 756, 684, 624, 660, 684, 732, 564, 924, 816, 708, 852, 696, 888, 888, 732, 612, 672, 852, 924, 888, 864, 852, 732, 792, 840, 780, 792, 852, 876, 864, 720, 744, 648, 1008, 720, 936, 864, 732, 924, 888, 768, 552, 744, 696, 756, 720, 612, 852, 876, 660, 912, 672, 864, 732, 864, 828, 732, 912, 864, 1140, 792, 888, 864, 900, 816, 672, 1020, 948, 996, 1092, 792, 876, 960, 1032, 912, 1044, 936, 960, 888, 960, 924, 948, 852, 1032, 1092, 1044, 1068, 960, 600, 708, 1008, 876, 876, 792, 1032, 912, 756, 900, 684, 876, 900, 936, 828, 732, 816, 756, 696, 648, 612, 564, 528, 468, 420, 552, 756, 468, 552, 576, 612, 384, 492, 768, 756, 756, 468, 480, 372, 372, 456, 516, 360, 348, 288, 372, 408, 288, 348, 396, 444, 288, 360, 312, 252, 240, 408, 348, 360, 276]",44.507538306608,11.3553386803718,10596,14552.0
3.32 3.87 4 1,"[12, 12, 12, 0, 0, 12, 12, 0, 24, 0, 0, 0, 0, 0, 0, 0, 0, 0, 0, 0, 0, 12, 12, 0, 12, 0, 0, 12, 0, 0, 0, 12, 24, 0, 0, 0, 0, 0, 0, 0, 0, 0, 0, 0, 0, 0, 0, 0, 0, 0, 0, 0, 0, 0, 0, 0, 0, 0, 12, 0, 0, 0, 0, 0, 24, 12, 0, 0, 24, 0, 12, 0, 0, 36, 0, 0, 0, 0, 12, 12, 24, 24, 0, 0, 12, 24, 0, 24, 12, 12, 36, 36, 48, 72, 24, 60, 48, 36, 24, 60, 36, 60, 48, 24, 60, 24, 48, 48, 48, 36, 0, 24, 36, 36, 36, 24, 24, 48, 60, 24, 60, 60, 48, 36, 12, 0, 24, 72, 36, 48, 36, 12, 12, 24, 24, 36, 0, 24, 12, 12, 24, 60, 24, 48, 36, 12, 48, 36, 0, 12, 12, 48, 60, 12, 12, 48, 24, 72, 36, 24, 0, 12, 24, 0, 24, 12, 24, 12, 24, 36, 36, 12, 24, 12, 60, 24, 24, 60, 12, 12, 36, 24, 12, 48, 12, 24, 36, 36, 48, 24, 48, 36, 60, 36, 0, 72, 36, 24, 60, 72, 48, 12, 84, 24, 60, 48, 36, 60, 84, 12, 48, 24, 60, 12, 36, 60, 12, 48, 84, 24, 36, 72, 48, 72, 60, 48, 36, 48, 72, 84, 48, 12, 24, 12, 60, 60, 0, 36, 12, 60, 24, 24, 36, 24, 36, 24, 36, 72, 24, 0, 24, 36, 24, 0, 0, 12, 12, 12, 24, 24, 12, 24, 24, 24, 48, 12, 12, 0, 12, 48, 0, 0, 24, 24, 36, 24, 36, 36, 0, 24, 0, 24, 12, 36, 12, 0, 12, 48]",,,,
3.33 1.2 2 1,"[96, 168, 72, 48, 48, 48, 60, 72, 48, 72, 12, 48, 48, 12, 48, 72, 84, 84, 36, 48, 12, 24, 36, 0, 36, 24, 12, 24, 12, 12, 0, 0, 36, 24, 0, 0, 0, 0, 24, 12, 0, 24, 24, 0, 12, 12, 12, 24, 12, 24, 12, 24, 12, 12, 0, 24, 0, 12, 12, 12, 12, 60, 36, 72, 24, 12, 120, 36, 24, 36, 84, 48, 60, 96, 96, 96, 48, 84, 120, 156, 84, 156, 96, 60, 24, 84, 84, 24, 108, 84, 96, 96, 108, 168, 120, 144, 180, 84, 180, 144, 144, 108, 60, 168, 120, 180, 72, 156, 192, 156, 192, 132, 156, 168, 168, 168, 132, 204, 132, 156, 216, 204, 252, 192, 156, 168, 180, 72, 156, 132, 192, 192, 156, 180, 156, 108, 132, 132, 156, 156, 168, 168, 120, 156, 144, 168, 96, 156, 84, 132, 156, 192, 144, 168, 180, 132, 156, 204, 60, 216, 204, 156, 180, 120, 120, 72, 120, 132, 132, 168, 108, 204, 84, 84, 204, 180, 108, 192, 144, 168, 168, 192, 132, 192, 168, 84, 108, 156, 144, 120, 120, 144, 84, 144, 84, 72, 144, 180, 108, 192, 192, 156, 108, 168, 96, 168, 84, 180, 132, 144, 156, 156, 132, 120, 156, 216, 216, 216, 156, 180, 168, 84, 108, 180, 240, 120, 168, 132, 144, 192, 252, 264, 168, 120, 180, 84, 132, 108, 96, 132, 192, 204, 228, 252, 144, 96, 168, 120, 132, 96, 144, 144, 120, 108, 156, 132, 84, 132, 156, 132, 156, 84, 96, 168, 132, 240, 108, 132, 96, 96, 156, 96, 132, 132, 84, 72, 72, 120, 168, 108, 84, 108, 84, 48, 84, 72, 96, 84]",44.499881148648,11.3506269985056,10282,10285.0
3.33 3.32 6 1,"[180, 216, 180, 288, 264, 216, 192, 180, 192, 168, 132, 132, 60, 180, 108, 72, 132, 72, 120, 204, 120, 156, 72, 96, 72, 48, 108, 60, 48, 72, 36, 84, 24, 48, 72, 60, 48, 72, 84, 36, 60, 24, 24, 84, 84, 24, 48, 48, 60, 24, 48, 72, 120, 12, 96, 96, 60, 72, 72, 60, 96, 72, 240, 132, 132, 96, 60, 96, 156, 108, 120, 156, 84, 96, 120, 120, 228, 252, 324, 300, 180, 384, 264, 420, 420, 468, 492, 636, 888, 744, 912, 732, 972, 888, 984, 1224, 1032, 972, 792, 1092, 840, 1044, 972, 1152, 936, 756, 1104, 900, 696, 1008, 708, 732, 828, 792, 828, 576, 720, 792, 528, 528, 876, 792, 768, 648, 828, 816, 432, 648, 624, 648, 564, 696, 864, 588, 720, 756, 660, 792, 624, 624, 480, 612, 744, 600, 756, 876, 720, 768, 708, 684, 720, 816, 708, 780, 660, 636, 420, 708, 900, 852, 780, 816, 744, 672, 732, 792, 708, 504, 768, 960, 864, 960, 684, 732, 828, 828, 720, 816, 792, 744, 792, 732, 888, 780, 876, 600, 876, 660, 960, 744, 900, 996, 636, 768, 936, 708, 960, 840, 804, 888, 900, 900, 876, 756, 900, 1044, 1044, 780, 1212, 888, 972, 816, 1056, 720, 804, 864, 768, 756, 768, 804, 864, 996, 1020, 696, 912, 672, 720, 816, 792, 780, 900, 684, 648, 804, 840, 756, 612, 708, 624, 732, 672, 708, 444, 624, 420, 780, 540, 516, 420, 384, 528, 528, 408, 336, 324, 504, 480, 252, 408, 252, 336, 276, 180, 240, 480, 396, 324, 288, 360, 396, 312, 312, 336, 300, 396, 168, 348, 264, 432, 348, 336, 336, 348, 348, 240, 300, 288, 312]",44.5026709559231,11.3530300177921,10489,15568.0
3.33 3.51 8 1,"[372, 360, 432, 384, 396, 336, 288, 204, 336, 360, 336, 264, 300, 192, 192, 216, 180, 156, 192, 168, 144, 108, 168, 228, 96, 168, 72, 120, 60, 132, 84, 48, 24, 12, 36, 60, 12, 36, 60, 84, 36, 12, 24, 60, 108, 12, 36, 60, 72, 12, 24, 36, 36, 108, 96, 132, 12, 48, 60, 120, 84, 84, 168, 132, 144, 96, 84, 168, 144, 180, 144, 192, 264, 228, 204, 216, 276, 240, 504, 336, 372, 420, 432, 444, 480, 552, 696, 816, 876, 780, 900, 1140, 1152, 1248, 1104, 1056, 1272, 1080, 996, 1152, 936, 1068, 1308, 1356, 1020, 1164, 1236, 1068, 1020, 1092, 1032, 852, 1044, 972, 828, 852, 888, 888, 912, 804, 852, 828, 768, 720, 948, 996, 792, 720, 1044, 972, 876, 996, 756, 840, 864, 912, 912, 816, 1128, 708, 924, 1008, 612, 852, 744, 1080, 1008, 888, 1116, 708, 1044, 936, 888, 876, 792, 996, 792, 972, 1296, 1008, 1044, 768, 864, 1068, 972, 852, 864, 1044, 888, 1032, 1104, 1044, 1020, 936, 888, 1008, 1140, 900, 996, 972, 732, 936, 912, 1092, 1176, 984, 840, 828, 1044, 864, 888, 948, 840, 756, 936, 972, 1032, 1212, 1176, 1068, 1224, 948, 780, 1296, 1020, 1104, 1140, 1188, 936, 1164, 1056, 1140, 1392, 984, 1188, 1104, 1044, 936, 1020, 996, 1140, 1272, 1308, 1140, 1224, 1008, 1260, 1224, 960, 996, 1128, 1032, 1056, 1008, 864, 1044, 972, 1212, 984, 1044, 1104, 972, 984, 900, 888, 1020, 1092, 900, 780, 732, 672, 672, 456, 684, 588, 612, 588, 588, 648, 456, 516, 564, 744, 612, 660, 456, 444, 444, 648, 696, 564, 276, 600, 492, 384, 456, 408, 564, 432, 456, 432, 432, 612, 336, 480, 468, 420, 324]",44.5019966819794,11.3533340864516,10306,16750.0
3.33 3.54 4 1,"[432, 468, 252, 312, 360, 384, 288, 240, 204, 252, 156, 216, 264, 252, 336, 240, 216, 192, 264, 264, 144, 216, 192, 156, 72, 108, 168, 120, 132, 132, 96, 48, 132, 24, 36, 96, 48, 72, 84, 60, 72, 24, 36, 36, 84, 48, 108, 72, 60, 72, 84, 60, 48, 96, 132, 192, 108, 156, 180, 132, 168, 72, 144, 180, 120, 192, 168, 216, 300, 300, 276, 288, 324, 288, 408, 384, 336, 480, 492, 384, 552, 468, 636, 636, 804, 768, 1152, 876, 1260, 1476, 1500, 1356, 1908, 1800, 1788, 1332, 1536, 1644, 1812, 1788, 1320, 1272, 1656, 1464, 1560, 1332, 1476, 1284, 1404, 1356, 1332, 1404, 1296, 1212, 1176, 1152, 1008, 1140, 1092, 1284, 1080, 744, 1128, 828, 984, 888, 1212, 972, 1104, 1068, 1116, 996, 1032, 1212, 1008, 864, 1068, 1080, 852, 1188, 1032, 1068, 924, 972, 960, 780, 852, 1104, 972, 1008, 1080, 1140, 1128, 1092, 1116, 936, 1200, 960, 1020, 1320, 972, 1164, 1080, 1236, 1152, 1128, 912, 1224, 960, 1092, 1008, 1368, 972, 1140, 1068, 996, 1380, 924, 1140, 1164, 912, 984, 1056, 924, 1044, 1116, 924, 1008, 1368, 1116, 1020, 924, 1032, 1104, 1032, 1068, 1176, 1020, 1104, 1020, 1104, 1008, 1272, 1332, 1152, 1080, 948, 1104, 1236, 1272, 1020, 1164, 1356, 1116, 972, 1416, 1032, 1176, 1236, 1236, 1392, 1152, 1008, 1020, 1116, 1320, 1212, 1248, 780, 924, 1164, 1092, 924, 912, 984, 1008, 876, 1200, 888, 1272, 1020, 1212, 888, 1116, 1272, 936, 900, 648, 828, 972, 684, 912, 708, 468, 864, 612, 672, 480, 648, 528, 624, 720, 660, 744, 516, 564, 576, 396, 492, 396, 492, 684, 468, 468, 492, 588, 516, 528, 468, 420, 492, 396, 384, 336, 516, 480, 492, 456]",44.5025828252444,11.3521598288255,16740,16747.0
3.34 3.67 6 1,"[108, 48, 36, 96, 120, 84, 60, 84, 72, 36, 72, 24, 60, 12, 36, 72, 48, 36, 36, 60, 48, 12, 48, 36, 24, 12, 12, 12, 12, 0, 24, 12, 36, 0, 12, 12, 0, 12, 12, 12, 24, 12, 36, 0, 36, 12, 24, 12, 12, 12, 0, 24, 12, 24, 12, 24, 48, 0, 24, 36, 0, 12, 12, 60, 24, 12, 60, 36, 48, 48, 36, 36, 72, 60, 108, 36, 72, 60, 48, 108, 84, 156, 108, 144, 228, 240, 192, 252, 372, 240, 228, 576, 288, 372, 324, 528, 444, 336, 348, 600, 456, 336, 432, 468, 240, 408, 396, 372, 324, 456, 516, 432, 372, 432, 372, 324, 384, 408, 360, 360, 264, 360, 324, 432, 348, 444, 336, 456, 288, 420, 408, 456, 480, 324, 360, 588, 456, 408, 384, 516, 420, 348, 540, 456, 456, 360, 360, 492, 396, 516, 432, 516, 684, 504, 408, 696, 504, 528, 492, 576, 504, 528, 432, 432, 504, 504, 636, 480, 420, 540, 576, 540, 456, 408, 384, 624, 504, 480, 444, 480, 588, 420, 492, 492, 372, 444, 468, 456, 492, 540, 552, 456, 600, 492, 468, 624, 564, 624, 612, 576, 612, 564, 708, 636, 696, 588, 768, 576, 576, 780, 444, 648, 456, 864, 900, 600, 660, 672, 648, 588, 660, 576, 732, 756, 504, 612, 552, 480, 660, 468, 456, 492, 480, 552, 336, 516, 540, 636, 468, 480, 492, 516, 372, 492, 420, 288, 396, 360, 396, 312, 312, 312, 276, 312, 156, 180, 252, 204, 228, 144, 252, 240, 168, 192, 216, 96, 156, 144, 180, 156, 132, 192, 228, 132, 216, 168, 96, 60, 180, 216, 132, 60, 84, 216, 108, 96, 144, 120]",,,,
3.34 3.67 6 2,"[108, 60, 48, 96, 120, 84, 48, 108, 48, 36, 72, 12, 48, 12, 36, 84, 48, 24, 36, 60, 36, 12, 48, 36, 24, 12, 0, 24, 0, 0, 12, 36, 24, 0, 12, 12, 12, 12, 12, 12, 24, 12, 36, 0, 24, 12, 24, 24, 12, 0, 0, 12, 12, 24, 24, 48, 36, 12, 24, 24, 0, 12, 12, 60, 24, 12, 48, 24, 60, 60, 24, 48, 72, 72, 120, 36, 96, 48, 72, 72, 60, 144, 60, 96, 204, 192, 204, 264, 336, 204, 192, 492, 240, 360, 276, 420, 456, 300, 264, 504, 360, 324, 348, 432, 288, 396, 324, 324, 324, 480, 456, 444, 372, 384, 312, 324, 336, 372, 324, 348, 264, 240, 348, 444, 300, 372, 384, 372, 252, 324, 348, 432, 360, 336, 348, 456, 408, 360, 276, 480, 420, 288, 384, 468, 396, 288, 300, 444, 312, 384, 396, 468, 576, 396, 408, 540, 456, 468, 552, 444, 468, 408, 276, 348, 432, 396, 480, 396, 408, 456, 504, 432, 456, 324, 288, 552, 384, 360, 336, 372, 480, 348, 432, 372, 348, 360, 396, 360, 456, 444, 468, 372, 492, 396, 324, 516, 528, 516, 600, 420, 516, 540, 480, 540, 600, 504, 696, 612, 432, 696, 384, 552, 384, 756, 684, 444, 576, 552, 696, 480, 504, 516, 600, 660, 408, 552, 504, 348, 672, 348, 408, 420, 504, 456, 348, 312, 480, 576, 384, 408, 420, 372, 372, 408, 300, 228, 384, 276, 360, 300, 192, 288, 240, 204, 144, 168, 216, 192, 204, 108, 288, 192, 108, 168, 204, 108, 96, 144, 156, 144, 96, 204, 144, 156, 204, 168, 84, 36, 168, 180, 120, 48, 84, 204, 108, 84, 108, 72]",44.53708677916823,11.3560237692603,11112,11098.0
3.34 3.94 4 1,"[108, 36, 36, 12, 36, 24, 0, 24, 84, 12, 24, 24, 24, 12, 0, 24, 24, 12, 0, 24, 24, 36, 24, 0, 12, 12, 12, 12, 12, 0, 0, 12, 0, 0, 12, 0, 0, 0, 24, 12, 12, 0, 0, 0, 12, 0, 0, 0, 0, 0, 12, 0, 12, 12, 36, 12, 0, 12, 0, 0, 24, 24, 0, 12, 60, 48, 24, 12, 12, 24, 12, 12, 36, 36, 108, 48, 84, 96, 180, 108, 72, 96, 72, 96, 132, 108, 120, 192, 132, 192, 192, 264, 240, 384, 264, 276, 480, 480, 432, 408, 372, 420, 336, 348, 432, 216, 324, 276, 384, 348, 336, 384, 216, 276, 276, 204, 276, 288, 264, 216, 240, 240, 156, 264, 228, 192, 228, 324, 240, 288, 252, 168, 288, 216, 252, 204, 240, 228, 264, 276, 168, 240, 264, 288, 300, 300, 276, 288, 288, 240, 216, 420, 228, 300, 156, 216, 300, 420, 300, 300, 300, 240, 156, 228, 240, 204, 312, 288, 192, 300, 264, 180, 240, 168, 264, 120, 144, 276, 132, 276, 324, 240, 168, 228, 252, 192, 180, 300, 192, 240, 300, 132, 348, 276, 180, 228, 276, 192, 300, 312, 312, 276, 264, 180, 300, 288, 336, 228, 192, 276, 288, 240, 348, 288, 300, 396, 264, 336, 192, 420, 216, 228, 372, 300, 216, 288, 204, 228, 156, 192, 204, 192, 204, 180, 180, 276, 192, 228, 120, 144, 192, 156, 132, 276, 96, 144, 156, 204, 120, 204, 96, 72, 84, 108, 120, 60, 108, 108, 48, 60, 132, 72, 24, 72, 36, 72, 96, 48, 48, 108, 36, 48, 60, 36, 84, 24, 36, 84, 36, 36, 48, 36, 12, 36, 72, 60, 36, 12]",,,,
3.35 3.36 2 1,"[180, 192, 72, 24, 60, 24, 96, 96, 12, 72, 24, 36, 96, 72, 84, 48, 72, 36, 12, 36, 48, 0, 24, 60, 60, 24, 36, 24, 36, 12, 12, 0, 0, 24, 84, 0, 24, 12, 0, 60, 24, 24, 48, 48, 0, 24, 24, 48, 72, 60, 12, 12, 12, 12, 24, 36, 36, 96, 48, 48, 48, 48, 72, 60, 36, 48, 168, 120, 96, 144, 180, 132, 108, 120, 144, 108, 108, 180, 156, 216, 132, 228, 216, 168, 300, 360, 444, 468, 360, 504, 744, 324, 636, 660, 564, 516, 612, 588, 552, 612, 672, 672, 804, 492, 468, 540, 780, 564, 456, 744, 600, 528, 552, 732, 624, 480, 804, 612, 756, 648, 612, 552, 588, 288, 420, 468, 312, 384, 336, 264, 540, 564, 660, 588, 672, 504, 396, 204, 228, 240, 516, 300, 252, 144, 504, 744, 372, 876, 456, 300, 744, 708, 528, 528, 576, 300, 348, 420, 312, 228, 564, 144, 240, 240, 456, 432, 216, 708, 552, 540, 492, 576, 540, 504, 312, 432, 552, 636, 624, 420, 708, 516, 876, 576, 564, 588, 468, 480, 564, 696, 444, 660, 540, 900, 660, 600, 672, 564, 744, 564, 828, 708, 384, 564, 696, 852, 864, 636, 864, 828, 852, 912, 1056, 912, 528, 576, 348, 864, 972, 720, 576, 804, 672, 636, 540, 792, 552, 708, 612, 240, 420, 312, 564, 516, 528, 456, 456, 480, 552, 432, 360, 540, 312, 516, 264, 288, 252, 204, 360, 348, 240, 264, 240, 252, 240, 228, 180, 156, 240, 204, 204, 228, 156, 72, 192, 132, 180, 180, 204, 120, 108, 204, 300, 180, 144, 60, 156, 108, 120, 192, 204, 168, 132, 120, 216, 120, 144, 84]",44.5144099101496,11.3892197069102,10881,10873.0
3.36 0.127 8 1,"[36, 60, 24, 48, 12, 12, 60, 36, 12, 24, 24, 24, 24, 12, 12, 24, 0, 36, 48, 0, 24, 0, 12, 0, 12, 24, 12, 12, 12, 0, 12, 0, 0, 0, 0, 12, 0, 12, 12, 24, 0, 12, 12, 0, 0, 12, 12, 0, 24, 0, 12, 12, 0, 0, 0, 0, 12, 12, 36, 24, 36, 12, 0, 24, 12, 48, 0, 60, 24, 12, 48, 36, 48, 24, 0, 36, 24, 24, 72, 72, 24, 12, 96, 60, 156, 96, 96, 132, 216, 84, 168, 168, 144, 252, 204, 288, 204, 228, 204, 324, 300, 276, 276, 156, 312, 252, 216, 264, 216, 216, 216, 252, 264, 216, 156, 204, 192, 300, 288, 180, 192, 192, 276, 132, 324, 240, 252, 228, 204, 168, 168, 252, 204, 228, 180, 264, 216, 168, 168, 204, 180, 132, 132, 240, 228, 252, 276, 264, 156, 156, 144, 240, 228, 204, 216, 252, 144, 192, 168, 144, 192, 108, 192, 120, 228, 192, 144, 192, 228, 192, 180, 132, 264, 204, 312, 168, 144, 216, 264, 168, 156, 204, 192, 240, 264, 276, 204, 204, 132, 204, 288, 204, 204, 168, 432, 300, 300, 288, 300, 228, 300, 408, 216, 312, 312, 264, 168, 372, 312, 360, 276, 276, 372, 312, 312, 312, 180, 288, 288, 252, 300, 228, 336, 240, 252, 240, 276, 276, 288, 108, 180, 240, 120, 168, 84, 132, 96, 132, 156, 96, 120, 156, 108, 48, 120, 132, 60, 180, 60, 96, 108, 96, 132, 108, 72, 96, 96, 96, 72, 84, 72, 84, 12, 36, 84, 84, 60, 144, 96, 48, 24, 72, 84, 72, 24, 48, 72, 48, 36, 60, 48, 24, 60, 24, 36, 12, 36, 84]",44.5123827026118,11.3866283773308,10873,10864.0
3.36 3.35 6 1,"[120, 96, 72, 84, 60, 156, 36, 84, 60, 60, 60, 120, 24, 12, 72, 72, 24, 72, 60, 108, 108, 72, 48, 96, 36, 24, 48, 84, 24, 36, 72, 12, 12, 24, 24, 12, 36, 12, 24, 36, 0, 12, 24, 0, 0, 36, 72, 0, 0, 60, 48, 60, 12, 24, 84, 0, 84, 12, 108, 36, 72, 24, 48, 12, 108, 120, 60, 84, 96, 120, 168, 48, 48, 96, 84, 168, 192, 60, 84, 264, 180, 276, 264, 144, 396, 264, 192, 516, 456, 408, 432, 516, 504, 720, 732, 864, 744, 924, 852, 732, 708, 588, 600, 708, 912, 744, 720, 1080, 732, 912, 648, 720, 540, 660, 528, 564, 696, 804, 480, 564, 588, 792, 636, 780, 828, 900, 696, 636, 696, 504, 828, 744, 600, 912, 708, 600, 564, 696, 708, 684, 648, 708, 720, 576, 456, 588, 492, 672, 696, 348, 720, 660, 720, 612, 588, 768, 540, 456, 636, 708, 744, 660, 528, 540, 624, 648, 588, 360, 648, 576, 768, 624, 660, 744, 672, 804, 660, 636, 780, 792, 552, 732, 576, 660, 672, 696, 528, 672, 672, 588, 756, 876, 612, 744, 828, 684, 840, 648, 768, 744, 984, 828, 732, 828, 924, 624, 804, 720, 648, 876, 876, 888, 840, 804, 792, 876, 876, 636, 876, 876, 840, 876, 600, 792, 696, 552, 612, 636, 600, 840, 708, 744, 432, 660, 684, 636, 528, 612, 468, 720, 432, 492, 504, 396, 396, 432, 336, 324, 408, 348, 336, 312, 288, 288, 192, 204, 132, 192, 204, 180, 156, 108, 192, 108, 192, 96, 156, 216, 144, 288, 180, 276, 180, 180, 204, 120, 156, 108, 144, 120, 144, 228, 180, 252, 192, 156, 60, 144]",44.5129465362376,11.3869055524102,10873,10881.0
3.36 3.68 2 1,"[1416, 1116, 1668, 2304, 1812, 2436, 1812, 1152, 816, 1632, 1176, 1176, 1464, 1164, 2172, 1392, 1992, 1344, 1404, 1860, 1092, 1728, 1560, 1656, 1932, 1488, 1344, 1572, 1464, 1884, 1644, 876, 1080, 1644, 1740, 1728, 1596, 1680, 1260, 1200, 1512, 1572, 924, 1092, 864, 1632, 1512, 1548, 1992, 1500, 1656, 1452, 1632, 1836, 1632, 1812, 1896, 2244, 1944, 1512, 1332, 1644, 1740, 2088, 1536, 2028, 1860, 1656, 2028, 1764, 2088, 1752, 2016, 2292, 1848, 1668, 1692, 1764, 1728, 1908, 2124, 1860, 1464, 2064, 1980, 2160, 1920, 1860, 1512, 1668, 2832, 2004, 1896, 1620, 1644, 1980, 1728, 1956, 2124, 1752, 2076, 2196, 1200, 2340, 2268, 2052, 2796, 1752, 1068, 2520, 1884, 2016, 2160, 2160, 2508, 1920, 1632, 1728, 1908, 2136, 2028, 1404, 2184, 1752, 1920, 1968, 2028, 2124, 1428, 708, 1824, 2376, 2112, 2208, 2160, 1968, 2292, 1800, 1764, 1488, 1848, 2088, 2172, 2028, 2172, 2628, 2196, 2496, 2352, 1824, 2820, 1884, 2364, 1956, 2100, 2688, 1512, 1044, 2004, 1440, 1848, 1572, 1824, 1536, 1908, 2220, 1776, 2220, 2112, 1032, 1584, 1884, 1524, 1380, 1464, 2040, 1872, 1812, 1896, 996, 1980, 2412, 2196, 2028, 1848, 2244, 2400, 1908, 2520, 2292, 1908, 2160, 1500, 1896, 1416, 1872, 2172, 1860, 1716, 1668, 1584, 2304, 2520, 1656, 1632, 2772, 1920, 1308, 2988, 1332, 1716, 2124, 2016, 1836, 1740, 1560, 1572, 1836, 1452, 1608, 1500, 2124, 2256, 1656, 1548, 1644, 1200, 1620, 2268, 1596, 1296, 948, 1776, 900, 1404, 1752, 1236, 1824, 2076, 1584, 1020, 1560, 2088, 2340, 2016, 1560, 1752, 1884, 1452, 1632, 1908, 1248, 1320, 1800, 2436, 2268, 1272, 2196, 1824, 1692, 1812, 1872, 1632, 1104, 1248, 1128, 2100, 1416, 840, 864, 1284, 1416, 1872, 1536, 2076, 1152, 1056, 1308, 1644, 1620, 1944, 1548, 1896, 2424, 1416, 1536, 1236, 2076]",44.5122594888639,11.3856142325551,10873,10614.0
3.37 0.127 8 1,"[36, 12, 12, 48, 72, 72, 12, 0, 36, 84, 24, 12, 12, 24, 0, 12, 24, 12, 0, 12, 24, 12, 36, 0, 24, 0, 12, 0, 0, 12, 12, 12, 0, 0, 12, 0, 12, 0, 0, 12, 12, 0, 24, 12, 12, 0, 24, 12, 12, 24, 0, 24, 0, 36, 12, 24, 12, 48, 0, 12, 12, 72, 36, 36, 48, 60, 48, 84, 24, 12, 36, 36, 24, 12, 108, 60, 72, 60, 108, 108, 72, 120, 120, 120, 108, 252, 72, 168, 216, 72, 48, 108, 108, 48, 96, 84, 84, 72, 144, 96, 108, 84, 72, 48, 84, 72, 48, 72, 60, 60, 144, 60, 60, 36, 120, 72, 132, 132, 108, 120, 60, 120, 120, 84, 252, 96, 132, 144, 108, 132, 132, 132, 192, 144, 96, 120, 108, 96, 168, 84, 96, 84, 108, 96, 144, 96, 120, 156, 180, 108, 108, 180, 132, 156, 72, 60, 156, 96, 132, 132, 168, 72, 108, 144, 108, 120, 120, 204, 132, 132, 144, 96, 168, 132, 120, 108, 132, 108, 132, 84, 108, 132, 84, 144, 144, 108, 72, 108, 96, 72, 60, 96, 156, 72, 132, 96, 84, 132, 96, 96, 204, 144, 108, 84, 132, 156, 120, 120, 72, 96, 132, 156, 72, 156, 96, 36, 84, 144, 120, 108, 96, 96, 156, 96, 132, 72, 156, 156, 96, 108, 168, 132, 120, 216, 72, 168, 132, 108, 108, 120, 60, 96, 108, 120, 96, 180, 168, 84, 48, 60, 24, 12, 72, 48, 84, 60, 60, 48, 48, 48, 96, 108, 48, 36, 24, 24, 84, 24, 24, 36, 36, 48, 36, 12, 36, 24, 48, 48, 12, 48, 48, 48, 192, 168, 48, 60, 84, 48]",44.5100156472253,11.3822567619047,10869,13426.0
3.37 3.37 6 1,"[144, 156, 108, 180, 108, 180, 120, 96, 84, 24, 144, 72, 60, 60, 96, 72, 24, 132, 72, 132, 72, 60, 60, 36, 48, 24, 132, 84, 48, 60, 84, 36, 84, 12, 0, 36, 0, 36, 48, 72, 12, 24, 24, 0, 24, 24, 72, 0, 12, 48, 12, 36, 12, 60, 48, 0, 72, 84, 84, 48, 72, 24, 60, 60, 84, 156, 48, 132, 96, 108, 120, 180, 156, 84, 108, 108, 168, 60, 216, 228, 156, 360, 264, 168, 408, 216, 276, 348, 480, 432, 576, 576, 492, 648, 780, 732, 888, 744, 804, 876, 804, 876, 648, 936, 660, 768, 996, 732, 516, 924, 804, 696, 696, 480, 624, 756, 732, 732, 828, 684, 648, 768, 720, 684, 936, 852, 660, 708, 732, 468, 540, 612, 756, 696, 828, 720, 780, 660, 672, 672, 492, 732, 660, 612, 564, 624, 756, 600, 552, 636, 552, 708, 696, 612, 528, 816, 516, 696, 648, 756, 696, 756, 600, 636, 684, 756, 588, 540, 552, 744, 696, 576, 660, 624, 636, 696, 768, 660, 720, 684, 612, 768, 492, 588, 732, 624, 588, 636, 588, 624, 828, 636, 708, 660, 888, 840, 720, 744, 840, 732, 900, 768, 960, 804, 840, 756, 696, 720, 684, 948, 636, 768, 732, 672, 900, 792, 708, 768, 912, 828, 828, 756, 732, 660, 780, 588, 732, 744, 684, 648, 720, 612, 516, 696, 588, 636, 540, 504, 576, 672, 600, 576, 624, 504, 468, 432, 492, 480, 408, 456, 336, 336, 384, 312, 252, 204, 144, 312, 168, 240, 168, 288, 204, 216, 264, 120, 240, 156, 288, 240, 228, 300, 132, 240, 180, 120, 216, 144, 204, 120, 144, 168, 228, 216, 144, 168, 156, 168]",44.51043286397,11.3826024496914,10869,10878.0
3.37 3.38 2 1,"[108, 120, 120, 60, 120, 36, 24, 96, 48, 48, 36, 36, 48, 96, 72, 24, 24, 84, 0, 0, 12, 12, 12, 72, 48, 60, 36, 12, 36, 24, 0, 12, 12, 12, 48, 0, 36, 0, 0, 36, 24, 12, 24, 48, 36, 36, 24, 36, 24, 36, 12, 24, 24, 12, 24, 36, 12, 60, 24, 24, 84, 84, 84, 108, 60, 84, 120, 108, 84, 216, 180, 144, 132, 132, 108, 192, 216, 168, 192, 120, 324, 216, 204, 444, 228, 312, 552, 456, 528, 480, 816, 648, 636, 972, 852, 684, 828, 588, 636, 720, 744, 948, 528, 660, 852, 612, 792, 732, 564, 780, 804, 648, 480, 636, 780, 768, 780, 648, 708, 780, 540, 576, 696, 672, 684, 720, 480, 540, 744, 420, 576, 720, 456, 720, 708, 648, 744, 540, 612, 732, 492, 732, 648, 432, 636, 684, 864, 852, 672, 552, 768, 876, 600, 684, 660, 648, 708, 576, 540, 612, 720, 612, 540, 516, 528, 528, 612, 624, 708, 624, 528, 756, 492, 660, 456, 744, 804, 732, 612, 612, 684, 936, 648, 636, 732, 660, 708, 552, 648, 888, 552, 624, 804, 828, 780, 840, 924, 636, 756, 996, 708, 684, 648, 840, 828, 912, 624, 1080, 672, 924, 672, 996, 1020, 1044, 888, 900, 792, 912, 900, 936, 696, 1092, 708, 684, 792, 876, 1068, 732, 708, 792, 732, 480, 600, 684, 576, 636, 660, 756, 660, 636, 492, 492, 792, 384, 564, 468, 300, 480, 372, 372, 360, 216, 300, 252, 372, 276, 216, 120, 228, 240, 276, 264, 288, 336, 264, 156, 108, 252, 180, 192, 192, 216, 228, 228, 300, 180, 144, 192, 180, 144, 312, 252, 240, 120, 228, 180, 156, 156]",44.5100815830665,11.3816149681149,10869,10870.0
3.38 3.37 6 1,"[204, 144, 180, 192, 240, 288, 132, 120, 156, 120, 144, 108, 60, 120, 132, 120, 24, 144, 60, 72, 108, 84, 120, 72, 60, 24, 60, 96, 48, 120, 72, 60, 72, 12, 24, 36, 60, 12, 48, 96, 36, 0, 60, 12, 60, 24, 108, 24, 48, 36, 24, 72, 12, 60, 48, 48, 84, 108, 84, 24, 60, 132, 132, 144, 132, 132, 96, 228, 168, 108, 168, 252, 168, 120, 192, 192, 264, 180, 324, 372, 192, 396, 312, 288, 564, 540, 348, 588, 612, 396, 516, 612, 576, 456, 444, 756, 888, 804, 1044, 996, 696, 744, 708, 900, 756, 828, 972, 816, 624, 864, 600, 696, 684, 420, 600, 804, 648, 696, 324, 528, 624, 708, 696, 756, 864, 684, 744, 768, 684, 636, 564, 696, 840, 600, 540, 648, 768, 636, 804, 564, 648, 480, 312, 576, 540, 648, 816, 684, 564, 564, 504, 744, 696, 660, 672, 840, 528, 708, 732, 756, 804, 600, 672, 852, 660, 780, 456, 648, 576, 684, 744, 612, 936, 660, 792, 660, 756, 564, 660, 552, 696, 816, 528, 756, 576, 744, 612, 708, 324, 708, 864, 732, 564, 840, 1044, 720, 888, 864, 828, 876, 744, 1008, 924, 732, 924, 1008, 768, 708, 804, 804, 780, 1116, 624, 504, 732, 648, 840, 828, 1056, 756, 864, 876, 732, 720, 780, 624, 768, 840, 768, 732, 816, 792, 588, 720, 612, 744, 624, 588, 468, 672, 492, 624, 624, 660, 504, 624, 468, 540, 468, 432, 420, 300, 480, 312, 252, 324, 216, 360, 192, 228, 336, 408, 252, 144, 372, 156, 252, 252, 216, 240, 264, 300, 180, 228, 264, 132, 300, 204, 240, 192, 180, 180, 456, 432, 216, 228, 252, 228]",44.5093747678513,11.3802446259868,10870,10869.0
3.38 3.39 2 1,"[192, 144, 108, 108, 156, 96, 24, 192, 36, 60, 24, 108, 72, 96, 72, 72, 36, 84, 36, 36, 24, 12, 48, 60, 72, 84, 24, 24, 36, 36, 12, 12, 24, 48, 36, 12, 36, 24, 0, 12, 36, 36, 12, 36, 84, 24, 48, 84, 0, 60, 24, 12, 36, 12, 48, 96, 24, 120, 60, 0, 60, 120, 108, 120, 132, 84, 192, 156, 120, 180, 264, 120, 192, 204, 204, 180, 228, 168, 192, 168, 240, 180, 252, 396, 408, 348, 300, 576, 480, 372, 588, 552, 564, 732, 840, 660, 528, 660, 552, 720, 516, 804, 684, 564, 600, 660, 780, 648, 636, 444, 600, 708, 432, 684, 684, 600, 768, 432, 600, 720, 564, 528, 720, 624, 648, 480, 588, 456, 372, 516, 516, 516, 468, 588, 600, 636, 540, 396, 480, 936, 528, 432, 552, 576, 396, 708, 720, 660, 732, 456, 576, 732, 588, 372, 624, 768, 672, 612, 720, 312, 624, 744, 636, 528, 384, 504, 456, 708, 636, 624, 420, 624, 360, 612, 612, 684, 528, 552, 528, 516, 780, 660, 564, 576, 600, 456, 720, 384, 600, 780, 432, 648, 540, 636, 792, 624, 720, 708, 612, 840, 648, 732, 504, 684, 828, 684, 648, 744, 756, 648, 840, 732, 852, 912, 804, 792, 624, 672, 696, 636, 588, 744, 684, 756, 624, 732, 828, 780, 612, 612, 504, 540, 612, 552, 552, 696, 528, 576, 588, 660, 516, 480, 576, 660, 336, 576, 336, 396, 468, 420, 444, 276, 276, 288, 228, 264, 264, 156, 204, 252, 384, 336, 300, 252, 240, 276, 228, 276, 204, 204, 252, 108, 228, 192, 192, 192, 156, 252, 132, 192, 324, 156, 264, 192, 192, 204, 192, 108]",44.5090807589798,11.379294609833,10876,16028.0
3.39 3.38 6 1,"[180, 84, 216, 96, 144, 204, 84, 96, 144, 108, 84, 84, 24, 60, 84, 60, 72, 84, 72, 72, 60, 48, 72, 72, 48, 24, 24, 84, 24, 84, 36, 24, 24, 12, 24, 0, 36, 0, 72, 48, 12, 12, 36, 12, 36, 12, 72, 24, 24, 36, 12, 60, 12, 60, 48, 36, 48, 84, 48, 36, 12, 48, 84, 72, 108, 120, 72, 132, 72, 108, 132, 96, 72, 72, 180, 120, 168, 120, 324, 276, 216, 312, 300, 312, 372, 444, 408, 540, 444, 444, 564, 492, 624, 804, 564, 816, 816, 804, 912, 780, 600, 672, 684, 744, 684, 696, 756, 648, 708, 744, 708, 624, 636, 348, 564, 660, 648, 756, 648, 624, 516, 636, 576, 888, 768, 588, 516, 696, 564, 612, 480, 600, 840, 600, 492, 744, 540, 528, 756, 492, 540, 492, 660, 576, 468, 612, 588, 564, 588, 648, 408, 804, 564, 492, 552, 600, 336, 552, 900, 708, 648, 444, 552, 504, 540, 660, 492, 708, 552, 612, 540, 588, 840, 468, 624, 612, 648, 528, 576, 588, 744, 708, 372, 792, 504, 588, 612, 636, 540, 636, 600, 696, 588, 696, 720, 648, 768, 744, 660, 828, 924, 912, 636, 636, 792, 792, 636, 768, 816, 684, 732, 888, 612, 960, 600, 600, 804, 552, 768, 720, 780, 636, 564, 792, 672, 492, 588, 564, 648, 540, 612, 732, 600, 624, 552, 648, 600, 480, 528, 828, 516, 504, 552, 480, 504, 516, 384, 396, 348, 396, 324, 228, 360, 216, 276, 228, 204, 300, 168, 312, 300, 336, 240, 180, 192, 132, 252, 180, 216, 168, 324, 276, 180, 252, 180, 180, 192, 144, 192, 168, 132, 264, 468, 396, 132, 180, 252, 120]",44.5085294303649,11.3782871395443,10625,16028.0
3.39 3.40 2 1,"[132, 72, 72, 84, 108, 84, 36, 108, 36, 60, 24, 84, 72, 72, 36, 12, 48, 72, 24, 36, 24, 36, 48, 36, 72, 36, 36, 12, 36, 24, 36, 24, 12, 12, 36, 12, 24, 24, 0, 0, 24, 24, 12, 24, 36, 12, 24, 48, 0, 48, 24, 12, 24, 36, 36, 96, 36, 48, 36, 0, 72, 60, 60, 72, 84, 60, 120, 72, 84, 96, 144, 120, 144, 120, 180, 144, 156, 132, 144, 180, 192, 156, 264, 240, 276, 264, 288, 432, 504, 348, 456, 648, 564, 660, 504, 864, 420, 552, 492, 540, 564, 768, 732, 612, 660, 552, 672, 636, 576, 504, 636, 564, 516, 588, 540, 480, 516, 528, 432, 624, 468, 468, 552, 444, 612, 336, 612, 444, 348, 492, 468, 528, 372, 540, 372, 540, 636, 312, 384, 576, 516, 348, 444, 420, 348, 516, 636, 468, 576, 528, 432, 576, 492, 324, 384, 612, 480, 624, 564, 360, 360, 528, 564, 348, 288, 504, 420, 540, 456, 504, 276, 492, 456, 396, 528, 432, 564, 504, 504, 456, 540, 564, 420, 396, 492, 396, 588, 312, 480, 564, 468, 480, 444, 504, 564, 516, 624, 624, 564, 564, 432, 660, 408, 552, 696, 624, 492, 468, 636, 648, 600, 600, 588, 780, 624, 600, 516, 516, 624, 576, 528, 672, 792, 540, 744, 516, 708, 492, 576, 468, 444, 420, 480, 456, 384, 564, 432, 528, 408, 540, 420, 420, 468, 552, 312, 420, 312, 228, 408, 252, 444, 192, 300, 204, 276, 144, 192, 180, 180, 228, 252, 156, 264, 228, 216, 144, 144, 216, 144, 168, 132, 204, 96, 204, 216, 180, 132, 144, 120, 108, 288, 144, 252, 96, 168, 120, 156, 72]",44.5079596942092,11.3768613509419,10578,10579.0
3.40 3.39 6 1,"[180, 216, 144, 156, 216, 132, 132, 108, 144, 60, 120, 96, 84, 60, 72, 48, 96, 60, 48, 84, 84, 60, 72, 96, 24, 12, 36, 72, 12, 108, 48, 12, 36, 0, 24, 12, 36, 0, 60, 48, 24, 12, 36, 12, 60, 36, 60, 12, 12, 60, 48, 48, 12, 72, 60, 60, 36, 60, 12, 24, 24, 60, 84, 60, 96, 84, 36, 120, 24, 60, 108, 72, 96, 108, 144, 60, 120, 168, 144, 180, 168, 204, 276, 252, 264, 264, 324, 348, 408, 360, 324, 456, 540, 480, 84, 732, 888, 744, 624, 804, 612, 552, 636, 564, 768, 648, 684, 588, 696, 624, 552, 612, 576, 372, 624, 504, 672, 384, 372, 456, 612, 624, 660, 720, 612, 612, 468, 624, 504, 576, 528, 684, 600, 588, 684, 600, 564, 672, 660, 576, 504, 564, 240, 588, 576, 636, 636, 552, 564, 540, 588, 600, 732, 612, 432, 684, 564, 636, 864, 600, 540, 480, 528, 480, 444, 120, 612, 624, 516, 660, 636, 612, 696, 588, 696, 564, 780, 588, 624, 528, 672, 552, 540, 612, 636, 552, 528, 384, 288, 588, 432, 672, 552, 744, 876, 576, 672, 600, 636, 804, 684, 624, 588, 768, 672, 744, 672, 756, 948, 816, 708, 720, 336, 396, 720, 636, 576, 732, 780, 732, 672, 636, 696, 660, 708, 588, 708, 744, 600, 648, 636, 624, 732, 600, 600, 540, 144, 492, 624, 588, 588, 612, 576, 456, 432, 432, 600, 360, 336, 336, 384, 228, 360, 276, 168, 288, 252, 312, 216, 372, 312, 264, 228, 216, 132, 240, 180, 264, 264, 276, 300, 72, 216, 264, 168, 216, 240, 192, 204, 144, 240, 300, 540, 288, 192, 288, 204, 216]",44.5055217014913,11.372253998255,10566,14583.0
3.40 3.41 2 1,"[144, 132, 108, 96, 72, 108, 60, 60, 24, 48, 12, 96, 24, 60, 48, 12, 72, 48, 36, 12, 48, 60, 48, 24, 60, 24, 36, 12, 48, 60, 12, 36, 24, 0, 36, 12, 24, 12, 0, 0, 36, 0, 0, 24, 48, 0, 48, 12, 48, 36, 24, 24, 24, 60, 24, 48, 24, 72, 36, 0, 48, 72, 72, 96, 60, 36, 120, 72, 156, 96, 168, 96, 204, 96, 180, 132, 180, 168, 168, 144, 276, 216, 192, 324, 312, 360, 276, 456, 540, 348, 636, 564, 588, 840, 624, 792, 732, 648, 564, 624, 576, 660, 780, 684, 852, 696, 564, 648, 684, 504, 768, 576, 552, 624, 648, 588, 492, 420, 528, 624, 552, 444, 564, 444, 492, 588, 564, 372, 576, 504, 444, 480, 612, 588, 528, 600, 672, 408, 492, 552, 420, 336, 492, 540, 372, 552, 468, 660, 636, 480, 504, 492, 564, 528, 360, 600, 612, 576, 528, 456, 312, 480, 504, 456, 336, 480, 504, 588, 396, 360, 528, 504, 444, 348, 588, 588, 420, 480, 588, 552, 600, 420, 408, 492, 480, 504, 528, 516, 540, 636, 504, 576, 396, 504, 648, 516, 552, 564, 660, 564, 540, 444, 576, 576, 504, 720, 660, 552, 600, 636, 684, 600, 672, 672, 672, 636, 636, 540, 696, 564, 732, 432, 804, 624, 624, 516, 504, 636, 384, 480, 696, 432, 468, 492, 480, 564, 540, 468, 588, 360, 492, 516, 420, 408, 480, 492, 420, 300, 408, 312, 372, 276, 300, 348, 264, 132, 264, 156, 288, 216, 204, 192, 300, 252, 180, 120, 204, 144, 120, 228, 240, 72, 156, 144, 264, 204, 168, 168, 180, 120, 204, 204, 204, 108, 132, 156, 144, 96]",44.5053417497097,11.3716684722159,10566,10569.0
3.41 3.40 6 1,"[156, 204, 132, 120, 156, 132, 168, 168, 84, 84, 84, 96, 96, 48, 72, 48, 84, 24, 36, 84, 48, 36, 36, 84, 36, 12, 48, 48, 36, 84, 60, 60, 24, 24, 60, 12, 24, 0, 48, 48, 12, 48, 12, 0, 60, 0, 24, 12, 12, 36, 12, 36, 12, 48, 60, 48, 36, 48, 12, 12, 48, 36, 96, 36, 72, 48, 36, 24, 36, 96, 72, 60, 72, 108, 120, 84, 132, 180, 132, 156, 168, 168, 228, 216, 336, 276, 312, 300, 456, 456, 324, 456, 576, 528, 708, 900, 828, 696, 648, 636, 480, 540, 588, 600, 684, 636, 768, 468, 624, 552, 480, 588, 432, 420, 588, 432, 672, 540, 492, 492, 516, 660, 540, 552, 600, 552, 516, 624, 324, 468, 492, 552, 612, 588, 588, 480, 600, 588, 420, 540, 396, 576, 564, 564, 480, 660, 552, 480, 456, 552, 516, 504, 552, 624, 372, 552, 552, 480, 708, 516, 624, 408, 648, 480, 492, 588, 552, 612, 480, 732, 528, 564, 696, 660, 516, 552, 660, 420, 564, 468, 576, 576, 468, 528, 480, 636, 612, 564, 444, 468, 492, 624, 648, 612, 576, 636, 540, 600, 612, 612, 600, 672, 636, 672, 648, 672, 696, 624, 756, 708, 624, 636, 600, 612, 576, 576, 612, 576, 780, 768, 612, 552, 696, 552, 600, 456, 612, 564, 528, 480, 684, 552, 756, 444, 552, 492, 480, 600, 612, 480, 600, 492, 552, 480, 432, 468, 300, 396, 348, 288, 348, 252, 288, 204, 180, 240, 216, 240, 204, 264, 168, 276, 204, 192, 108, 204, 228, 312, 264, 228, 288, 252, 192, 252, 132, 216, 120, 168, 216, 96, 228, 348, 456, 252, 204, 240, 192, 120]",44.5038214672444,11.36840727872,10550,14577.0
3.41 3.42 2 1,"[156, 144, 132, 84, 84, 48, 108, 60, 36, 60, 24, 60, 72, 36, 24, 60, 60, 60, 24, 12, 24, 36, 60, 60, 72, 36, 36, 48, 24, 84, 24, 48, 24, 24, 24, 24, 0, 48, 0, 12, 36, 0, 0, 12, 36, 12, 48, 24, 36, 36, 36, 12, 12, 72, 36, 24, 24, 60, 48, 24, 72, 60, 84, 60, 72, 48, 132, 96, 108, 72, 156, 108, 180, 120, 156, 120, 156, 156, 192, 144, 264, 156, 192, 264, 300, 324, 372, 444, 480, 468, 468, 756, 744, 936, 840, 720, 888, 888, 588, 888, 588, 624, 792, 756, 900, 696, 468, 648, 552, 624, 672, 756, 528, 648, 552, 576, 576, 600, 612, 540, 612, 420, 720, 528, 528, 648, 396, 624, 228, 600, 504, 516, 576, 408, 636, 540, 528, 432, 612, 492, 468, 312, 456, 468, 264, 504, 576, 612, 516, 552, 492, 564, 588, 456, 432, 576, 540, 624, 672, 372, 348, 588, 564, 492, 336, 420, 480, 480, 468, 420, 504, 324, 384, 456, 504, 588, 468, 384, 624, 540, 396, 456, 552, 408, 420, 480, 516, 564, 564, 528, 660, 528, 468, 456, 588, 504, 672, 624, 408, 588, 576, 540, 552, 432, 600, 552, 732, 420, 636, 504, 624, 612, 624, 576, 720, 444, 636, 444, 636, 624, 684, 456, 696, 624, 564, 492, 444, 564, 384, 504, 516, 528, 420, 516, 396, 408, 528, 384, 624, 420, 384, 492, 372, 372, 468, 360, 408, 324, 264, 360, 288, 312, 324, 276, 252, 96, 240, 144, 228, 216, 252, 168, 204, 192, 228, 168, 168, 192, 84, 204, 180, 204, 180, 144, 228, 216, 192, 108, 156, 84, 204, 216, 240, 180, 120, 192, 168, 96]",44.5038726187642,11.3671472559715,10550,13937.0
3.42 3.41 6 1,"[0, 96, 12, 36, 0, 24, 12, 0, 12, 0, 12, 24, 0, 36, 36, 0, 0, 12, 24, 12, 36, 12, 0, 24, 0, 0, 12, 24, 12, 0, 24, 36, 0, 0, 0, 0, 0, 0, 0, 36, 0, 0, 0, 12, 12, 0, 0, 0, 12, 0, 0, 0, 12, 24, 12, 0, 0, 0, 0, 0, 24, 0, 24, 0, 0, 0, 48, 0, 0, 24, 0, 0, 12, 12, 24, 36, 12, 12, 24, 24, 12, 24, 36, 24, 12, 24, 36, 12, 48, 48, 0, 36, 36, 12, 36, 48, 36, 60, 48, 84, 48, 24, 36, 36, 72, 36, 48, 60, 48, 60, 84, 12, 60, 12, 84, 60, 48, 72, 36, 60, 24, 12, 72, 48, 24, 24, 48, 48, 24, 48, 72, 96, 48, 72, 24, 48, 72, 24, 60, 24, 36, 36, 24, 36, 24, 72, 48, 0, 48, 24, 48, 48, 12, 24, 48, 48, 48, 60, 60, 48, 72, 72, 84, 48, 12, 60, 24, 12, 36, 72, 24, 96, 36, 24, 48, 36, 48, 72, 72, 48, 48, 60, 48, 60, 24, 36, 84, 36, 60, 12, 12, 72, 48, 36, 60, 72, 24, 36, 72, 24, 12, 24, 60, 24, 36, 84, 36, 24, 48, 84, 60, 36, 60, 12, 36, 36, 48, 72, 24, 120, 48, 36, 48, 48, 12, 60, 72, 12, 36, 36, 84, 60, 48, 48, 24, 36, 72, 48, 24, 24, 48, 60, 12, 24, 48, 72, 96, 12, 12, 48, 24, 48, 48, 12, 24, 0, 12, 36, 0, 24, 24, 48, 12, 0, 12, 12, 36, 12, 12, 48, 12, 36, 36, 36, 36, 24, 24, 12, 12, 36, 0, 0, 12, 12, 24, 24, 24, 60]",44.5039553116973,11.3652312853814,10507,17460.0
3.42 3.43 8 1,"[48, 36, 36, 24, 48, 60, 96, 24, 24, 24, 12, 0, 24, 0, 12, 24, 36, 0, 0, 24, 0, 12, 24, 24, 0, 12, 24, 24, 0, 12, 24, 0, 12, 0, 0, 0, 0, 0, 24, 12, 12, 0, 0, 0, 0, 0, 24, 0, 0, 0, 12, 12, 24, 0, 24, 24, 0, 24, 12, 0, 0, 24, 84, 24, 24, 0, 48, 12, 12, 48, 120, 36, 0, 108, 24, 60, 48, 72, 24, 36, 132, 72, 108, 84, 144, 96, 144, 216, 84, 132, 60, 264, 264, 276, 408, 132, 312, 264, 360, 312, 324, 348, 324, 240, 204, 372, 336, 216, 288, 336, 132, 228, 192, 156, 156, 240, 264, 180, 204, 204, 264, 228, 276, 264, 180, 372, 252, 108, 216, 312, 156, 216, 276, 204, 240, 156, 156, 264, 264, 216, 72, 276, 240, 336, 168, 300, 204, 276, 288, 240, 132, 228, 252, 348, 180, 120, 60, 240, 192, 312, 156, 216, 180, 264, 204, 252, 276, 216, 288, 468, 240, 288, 324, 168, 156, 264, 240, 228, 168, 168, 348, 300, 192, 228, 264, 96, 180, 168, 228, 300, 204, 348, 432, 300, 324, 312, 324, 288, 312, 288, 108, 300, 420, 336, 228, 324, 228, 444, 312, 276, 348, 432, 384, 408, 408, 408, 228, 228, 348, 468, 540, 324, 360, 312, 192, 396, 276, 276, 156, 276, 264, 192, 240, 228, 228, 276, 192, 216, 240, 168, 180, 108, 96, 204, 168, 168, 192, 192, 180, 156, 84, 216, 96, 180, 120, 96, 60, 24, 72, 132, 84, 108, 72, 72, 60, 36, 144, 84, 60, 36, 48, 72, 48, 108, 60, 48, 60, 72, 60, 84, 72, 72, 60, 60, 72, 72, 60, 12]",44.5037792862723,11.3651320279143,10507,14937.0
3.42 3.47 4 1,"[192, 252, 180, 192, 132, 156, 96, 108, 120, 84, 120, 60, 132, 24, 132, 24, 24, 36, 60, 36, 24, 72, 0, 96, 48, 12, 24, 0, 36, 24, 0, 48, 48, 24, 12, 48, 36, 48, 36, 36, 24, 0, 36, 12, 60, 36, 0, 12, 36, 60, 36, 0, 0, 0, 12, 84, 24, 48, 24, 36, 60, 24, 60, 120, 84, 48, 84, 204, 84, 144, 120, 36, 144, 84, 180, 180, 96, 252, 108, 228, 180, 264, 132, 408, 588, 408, 564, 660, 744, 996, 1128, 1044, 816, 1368, 1560, 1272, 1188, 1200, 1380, 996, 1272, 1428, 1488, 1248, 1704, 1344, 1380, 972, 1068, 1212, 1032, 1200, 960, 804, 792, 768, 708, 888, 732, 444, 960, 588, 408, 936, 564, 1008, 600, 576, 708, 636, 636, 696, 732, 948, 768, 648, 720, 792, 792, 852, 900, 876, 780, 636, 804, 540, 984, 456, 528, 624, 768, 876, 684, 756, 768, 804, 648, 816, 516, 924, 600, 552, 684, 792, 636, 480, 732, 612, 780, 948, 780, 948, 852, 780, 636, 912, 900, 1020, 612, 924, 876, 876, 684, 744, 540, 648, 720, 732, 804, 876, 780, 708, 732, 684, 1020, 516, 816, 828, 804, 912, 876, 912, 924, 936, 936, 708, 792, 960, 960, 828, 936, 936, 1188, 1032, 756, 828, 1008, 912, 1032, 1152, 972, 828, 804, 732, 480, 816, 768, 624, 876, 540, 996, 792, 624, 804, 672, 864, 660, 660, 732, 828, 552, 720, 636, 612, 696, 384, 492, 408, 492, 600, 444, 420, 300, 300, 288, 348, 324, 252, 336, 288, 384, 312, 228, 408, 228, 204, 372, 168, 324, 336, 216, 252, 192, 240, 324, 252, 180, 228, 228, 168, 228, 528, 360, 324, 252, 228, 216, 84]",44.5036925948154,11.3640024731671,10473,14933.0
3.43 3.41 6 1,"[228, 240, 168, 192, 288, 228, 228, 240, 108, 108, 144, 96, 132, 84, 84, 144, 108, 36, 24, 108, 24, 60, 168, 156, 24, 12, 96, 72, 72, 168, 60, 72, 24, 60, 72, 12, 60, 0, 84, 24, 36, 48, 12, 0, 60, 72, 24, 12, 12, 84, 60, 24, 36, 60, 48, 48, 36, 36, 24, 24, 84, 84, 132, 72, 108, 84, 96, 36, 72, 60, 72, 132, 180, 96, 108, 120, 168, 240, 168, 192, 240, 288, 240, 396, 540, 324, 360, 504, 816, 612, 636, 720, 864, 1020, 1452, 1176, 1164, 1128, 960, 1020, 768, 996, 816, 852, 936, 1008, 876, 876, 1044, 636, 912, 768, 564, 612, 672, 780, 1056, 840, 780, 864, 636, 936, 768, 828, 900, 744, 840, 804, 588, 648, 708, 732, 780, 696, 828, 696, 828, 828, 696, 804, 516, 672, 840, 660, 792, 660, 756, 648, 780, 612, 540, 684, 804, 804, 780, 732, 888, 756, 912, 924, 648, 672, 792, 696, 696, 744, 696, 684, 720, 792, 900, 696, 804, 1044, 648, 828, 744, 636, 648, 648, 636, 636, 780, 612, 900, 828, 684, 648, 756, 708, 816, 780, 1104, 804, 924, 912, 732, 924, 732, 840, 840, 996, 948, 852, 1032, 1008, 816, 948, 1056, 888, 876, 888, 1044, 960, 756, 1020, 1020, 888, 996, 960, 1056, 912, 948, 756, 720, 840, 960, 768, 612, 732, 936, 708, 960, 828, 600, 648, 708, 816, 780, 768, 792, 636, 660, 816, 552, 660, 444, 540, 504, 660, 456, 348, 408, 336, 348, 360, 360, 372, 288, 336, 324, 432, 264, 420, 216, 384, 348, 288, 288, 432, 384, 360, 276, 420, 228, 348, 192, 252, 336, 240, 372, 552, 528, 348, 276, 420, 252, 204]",44.5029147024233,11.3666907259123,13590,10550.0
3.44 3.30 4 1,"[168, 168, 84, 96, 72, 96, 36, 36, 120, 48, 96, 48, 60, 72, 60, 24, 12, 0, 24, 12, 12, 36, 0, 48, 36, 12, 0, 12, 24, 12, 0, 12, 36, 12, 36, 36, 12, 12, 36, 12, 24, 24, 48, 24, 12, 36, 0, 0, 24, 48, 48, 0, 0, 0, 12, 36, 12, 24, 24, 36, 48, 12, 72, 36, 84, 60, 36, 180, 84, 108, 72, 24, 132, 72, 132, 120, 144, 120, 168, 120, 216, 276, 144, 408, 348, 396, 600, 588, 516, 1044, 672, 1032, 1032, 1236, 1104, 1104, 1044, 1020, 1212, 900, 1152, 888, 1296, 1500, 996, 1164, 1032, 1080, 732, 804, 840, 756, 552, 648, 552, 492, 540, 504, 564, 312, 420, 552, 336, 480, 312, 468, 372, 396, 468, 564, 480, 444, 444, 576, 576, 360, 540, 516, 468, 564, 492, 612, 564, 420, 372, 528, 648, 276, 480, 432, 336, 504, 624, 540, 504, 444, 516, 492, 552, 528, 684, 480, 456, 564, 492, 552, 408, 576, 576, 624, 780, 684, 564, 528, 480, 564, 384, 540, 648, 480, 516, 540, 696, 420, 612, 492, 576, 564, 300, 732, 600, 468, 552, 480, 576, 480, 528, 468, 552, 564, 672, 672, 732, 684, 756, 732, 588, 684, 564, 600, 516, 804, 792, 660, 672, 660, 492, 756, 852, 696, 828, 504, 552, 696, 576, 348, 756, 444, 480, 564, 528, 648, 528, 528, 444, 456, 660, 444, 528, 444, 444, 636, 408, 384, 540, 480, 300, 384, 192, 396, 324, 240, 204, 120, 228, 324, 252, 216, 180, 228, 324, 288, 228, 264, 144, 156, 168, 144, 180, 180, 204, 192, 144, 180, 192, 156, 168, 192, 204, 144, 192, 300, 336, 228, 300, 72, 156, 120]",44.5076158944822,11.3600058271619,10601,10595.0
3.44 3.47 8 1,"[72, 36, 12, 24, 72, 12, 36, 12, 36, 24, 12, 48, 12, 0, 0, 12, 24, 12, 12, 0, 12, 36, 12, 36, 0, 24, 36, 12, 12, 48, 12, 36, 0, 0, 0, 12, 0, 0, 0, 0, 0, 0, 12, 24, 0, 12, 0, 0, 0, 0, 0, 0, 24, 12, 0, 0, 0, 12, 0, 0, 12, 24, 12, 12, 36, 0, 0, 36, 48, 48, 72, 48, 12, 60, 36, 72, 60, 36, 48, 96, 96, 84, 60, 84, 192, 192, 204, 216, 84, 168, 240, 228, 312, 276, 372, 396, 468, 384, 324, 336, 420, 240, 348, 276, 240, 192, 348, 384, 168, 204, 288, 264, 288, 192, 240, 144, 240, 228, 192, 192, 216, 144, 264, 204, 120, 252, 180, 396, 252, 228, 108, 300, 180, 216, 228, 312, 228, 276, 276, 228, 240, 288, 252, 252, 240, 228, 240, 156, 204, 192, 240, 252, 252, 228, 324, 204, 336, 288, 336, 240, 180, 264, 168, 252, 360, 336, 312, 216, 168, 240, 288, 348, 192, 204, 360, 300, 180, 312, 204, 288, 360, 288, 264, 252, 168, 396, 324, 216, 240, 252, 336, 228, 372, 264, 240, 228, 360, 324, 372, 384, 396, 252, 420, 372, 372, 300, 504, 456, 504, 384, 420, 444, 408, 456, 396, 420, 396, 408, 444, 444, 540, 528, 312, 468, 432, 468, 372, 240, 276, 288, 264, 336, 132, 252, 204, 264, 360, 288, 372, 204, 252, 264, 228, 252, 216, 192, 144, 204, 240, 96, 60, 132, 240, 108, 96, 60, 84, 60, 96, 108, 132, 108, 120, 48, 96, 84, 36, 96, 36, 48, 144, 72, 60, 72, 24, 60, 60, 60, 120, 60, 96, 24, 96, 84, 72, 36, 24, 48]",44.5068376152542,11.360612084322,10601,10452.0
3.45 3.42 4 1,"[144, 228, 120, 168, 216, 120, 120, 156, 156, 108, 108, 72, 264, 48, 96, 36, 60, 48, 108, 12, 24, 60, 60, 96, 24, 0, 36, 36, 24, 36, 36, 72, 36, 24, 48, 36, 84, 0, 60, 48, 12, 0, 36, 12, 72, 36, 0, 36, 24, 48, 12, 0, 0, 24, 36, 36, 12, 36, 36, 48, 72, 108, 36, 84, 84, 108, 84, 168, 108, 156, 60, 132, 72, 120, 228, 144, 144, 324, 108, 348, 252, 312, 348, 456, 624, 444, 732, 744, 1080, 996, 1188, 1656, 1512, 1680, 1476, 1548, 1236, 1440, 1500, 1512, 1548, 1668, 1572, 1752, 1464, 1596, 1452, 1152, 1176, 1152, 1224, 1104, 864, 948, 720, 912, 1008, 888, 792, 600, 756, 636, 576, 720, 732, 816, 540, 696, 840, 684, 972, 732, 684, 1044, 840, 804, 1044, 792, 756, 768, 876, 720, 864, 612, 672, 696, 1056, 768, 516, 744, 852, 936, 888, 828, 636, 816, 684, 768, 984, 840, 852, 732, 792, 684, 1140, 792, 660, 900, 792, 864, 1116, 768, 960, 804, 792, 816, 1032, 864, 744, 840, 960, 756, 804, 972, 756, 912, 696, 816, 924, 816, 840, 696, 636, 708, 888, 756, 888, 972, 888, 948, 1128, 828, 1008, 1152, 1092, 996, 816, 1392, 1056, 1020, 1188, 1020, 1440, 1188, 948, 984, 876, 1116, 1200, 1212, 948, 1164, 780, 912, 792, 996, 780, 732, 900, 948, 888, 948, 924, 780, 708, 960, 816, 972, 804, 876, 840, 864, 636, 744, 852, 480, 576, 588, 420, 624, 588, 396, 432, 396, 264, 360, 336, 348, 240, 396, 420, 408, 252, 360, 264, 216, 180, 360, 228, 300, 276, 180, 288, 312, 156, 228, 252, 216, 204, 276, 216, 696, 312, 348, 228, 324, 180, 168]",44.5022374694553,11.364946592998,10474,10473.0
3.45 3.43 6 1,"[288, 264, 156, 288, 264, 156, 120, 288, 132, 192, 168, 156, 180, 60, 84, 144, 48, 72, 84, 144, 36, 72, 156, 96, 84, 36, 108, 108, 144, 192, 48, 96, 48, 36, 84, 36, 48, 12, 60, 72, 36, 36, 12, 24, 60, 48, 48, 12, 24, 72, 72, 12, 36, 24, 36, 36, 36, 24, 24, 24, 132, 36, 60, 72, 132, 72, 72, 48, 108, 96, 60, 144, 144, 96, 108, 60, 240, 180, 240, 288, 276, 228, 192, 396, 660, 324, 420, 588, 768, 612, 684, 900, 924, 1020, 1248, 1116, 1248, 1056, 1068, 1056, 936, 960, 960, 816, 1068, 1008, 852, 1068, 852, 864, 1056, 852, 684, 768, 756, 984, 924, 840, 696, 708, 792, 936, 804, 972, 888, 756, 984, 792, 744, 732, 852, 816, 1008, 684, 984, 888, 948, 804, 864, 948, 600, 912, 888, 792, 1068, 804, 816, 960, 804, 936, 528, 792, 744, 912, 828, 864, 840, 888, 984, 888, 828, 744, 780, 804, 732, 852, 1116, 780, 672, 840, 936, 912, 984, 1068, 888, 936, 840, 840, 780, 852, 828, 852, 900, 792, 840, 984, 864, 684, 864, 816, 888, 780, 1020, 852, 1032, 1068, 852, 972, 888, 924, 1020, 1044, 960, 900, 1260, 1044, 1032, 1020, 1164, 1020, 936, 984, 924, 1020, 852, 936, 888, 948, 1044, 984, 1068, 1032, 984, 756, 888, 936, 1128, 960, 804, 756, 888, 900, 1032, 912, 708, 684, 792, 996, 816, 1008, 684, 816, 768, 756, 624, 708, 528, 480, 576, 432, 492, 396, 336, 564, 372, 288, 408, 408, 300, 384, 348, 504, 312, 444, 204, 396, 360, 252, 396, 384, 336, 324, 252, 360, 228, 468, 252, 240, 348, 252, 396, 624, 552, 288, 324, 384, 288, 264]",44.5022594792447,11.3653720481785,10474,13590.0
3.45 4.7 8 1,"[180, 48, 36, 36, 60, 72, 108, 60, 24, 0, 36, 84, 96, 36, 60, 36, 24, 48, 72, 60, 48, 24, 48, 48, 60, 24, 36, 12, 12, 24, 60, 12, 0, 24, 0, 12, 72, 12, 0, 24, 0, 12, 0, 0, 12, 0, 12, 0, 24, 0, 36, 0, 24, 12, 0, 24, 24, 12, 12, 0, 48, 48, 12, 72, 96, 48, 36, 96, 48, 60, 36, 60, 60, 48, 108, 84, 120, 120, 36, 180, 120, 108, 132, 156, 180, 324, 228, 324, 276, 264, 420, 564, 432, 336, 588, 540, 540, 540, 540, 348, 468, 396, 396, 480, 540, 468, 312, 492, 348, 456, 480, 456, 456, 300, 348, 228, 264, 456, 324, 300, 420, 360, 300, 420, 240, 444, 288, 408, 408, 444, 240, 420, 300, 252, 432, 468, 492, 384, 360, 372, 240, 324, 252, 408, 432, 444, 252, 468, 420, 336, 456, 372, 300, 372, 384, 432, 468, 336, 456, 324, 408, 480, 468, 504, 576, 336, 276, 420, 348, 444, 252, 312, 372, 252, 324, 384, 264, 336, 432, 492, 360, 408, 312, 348, 300, 348, 456, 324, 384, 420, 444, 288, 396, 384, 336, 432, 396, 420, 480, 552, 552, 360, 468, 396, 600, 432, 492, 516, 696, 408, 504, 696, 540, 456, 576, 540, 516, 636, 696, 540, 528, 768, 612, 456, 660, 684, 504, 576, 504, 408, 432, 408, 480, 348, 384, 456, 384, 360, 384, 540, 492, 540, 300, 408, 432, 372, 264, 360, 228, 324, 132, 168, 240, 144, 132, 156, 216, 120, 168, 120, 156, 240, 276, 216, 120, 156, 132, 60, 132, 180, 168, 132, 168, 84, 60, 120, 216, 96, 120, 132, 180, 156, 132, 108, 120, 72, 120, 96]",44.5017697010974,11.3649515988678,10471,10482.0
3.46 3.42 6 1,"[12, 72, 36, 36, 0, 24, 36, 12, 12, 36, 0, 24, 0, 60, 12, 12, 0, 12, 12, 24, 24, 12, 0, 36, 12, 0, 12, 36, 12, 12, 0, 0, 12, 12, 0, 0, 0, 12, 24, 12, 0, 0, 0, 12, 0, 0, 0, 0, 12, 0, 24, 0, 12, 12, 12, 0, 0, 0, 0, 0, 0, 12, 0, 24, 12, 0, 12, 0, 0, 24, 0, 0, 12, 36, 36, 24, 0, 24, 36, 36, 0, 24, 24, 12, 0, 0, 60, 12, 48, 48, 0, 12, 60, 48, 48, 24, 12, 72, 84, 84, 48, 36, 60, 48, 12, 96, 60, 96, 108, 48, 84, 24, 24, 48, 120, 24, 72, 72, 36, 60, 36, 24, 96, 48, 24, 24, 60, 12, 48, 24, 60, 84, 72, 48, 48, 120, 72, 12, 36, 60, 36, 48, 12, 72, 36, 48, 60, 48, 72, 72, 48, 60, 36, 36, 48, 48, 72, 72, 48, 12, 84, 84, 96, 0, 36, 36, 48, 24, 60, 96, 36, 108, 84, 24, 36, 36, 48, 60, 84, 84, 72, 12, 48, 48, 12, 72, 48, 48, 48, 36, 12, 24, 24, 36, 48, 96, 36, 24, 72, 24, 24, 24, 72, 12, 36, 36, 108, 36, 72, 72, 72, 48, 96, 48, 24, 12, 48, 12, 48, 36, 96, 12, 48, 24, 24, 72, 48, 48, 36, 60, 84, 48, 24, 36, 60, 84, 60, 24, 48, 60, 60, 12, 36, 48, 12, 84, 84, 24, 36, 36, 24, 60, 36, 48, 12, 12, 12, 12, 72, 12, 24, 24, 12, 12, 12, 12, 24, 12, 12, 48, 24, 12, 12, 36, 36, 24, 12, 48, 12, 24, 12, 0, 36, 0, 0, 12, 24, 24]",44.5026727090588,11.3626270923076,10472,10473.0
3.46 3.45 8 1,"[480, 468, 168, 312, 384, 228, 300, 312, 120, 120, 144, 252, 324, 120, 216, 192, 108, 120, 228, 204, 108, 108, 180, 180, 144, 84, 156, 96, 108, 264, 96, 108, 60, 36, 60, 48, 168, 48, 72, 84, 72, 72, 24, 36, 84, 12, 72, 48, 72, 36, 120, 12, 24, 24, 24, 36, 60, 24, 24, 24, 192, 84, 96, 132, 240, 132, 108, 192, 168, 192, 120, 192, 180, 120, 312, 192, 312, 336, 288, 360, 384, 336, 252, 456, 600, 420, 648, 756, 912, 720, 924, 1224, 948, 1188, 1428, 1512, 1356, 1392, 1368, 1176, 1224, 1272, 1116, 1128, 1512, 1320, 1032, 1092, 1056, 1164, 1260, 1008, 984, 1044, 1032, 1164, 1080, 1032, 984, 936, 1056, 1248, 1032, 1260, 948, 1080, 936, 984, 1056, 1080, 1152, 1032, 936, 852, 1080, 1200, 1488, 1176, 1308, 1056, 912, 1104, 996, 1164, 1320, 1116, 984, 1116, 1080, 1104, 1128, 972, 1080, 1092, 1248, 960, 1260, 1032, 1284, 1128, 1044, 1200, 1068, 1176, 1152, 1056, 1224, 1188, 1008, 1248, 1152, 1008, 1344, 1104, 1032, 1152, 1008, 1020, 1188, 1164, 1104, 1068, 1116, 1272, 1068, 1200, 1380, 1128, 1128, 1200, 1356, 924, 612, 1152, 1428, 1308, 1272, 1416, 1116, 1416, 1596, 1152, 1416, 1272, 1536, 1476, 888, 1656, 1596, 1284, 1272, 1596, 1548, 1548, 1164, 1380, 1320, 1728, 1452, 1464, 1464, 1596, 1584, 1332, 1380, 1740, 1464, 1380, 1260, 1272, 1380, 1116, 1296, 1092, 924, 912, 888, 1212, 1200, 1104, 1272, 1092, 1044, 1176, 1056, 876, 1044, 792, 732, 804, 636, 600, 684, 576, 540, 420, 600, 396, 324, 672, 588, 708, 684, 504, 300, 528, 456, 312, 444, 624, 624, 372, 492, 396, 336, 516, 516, 300, 564, 456, 384, 552, 540, 432, 420, 564, 336, 348]",44.5022271945613,11.3628910381438,10472,10471.0
3.46 3.49 2 1,"[288, 204, 168, 120, 156, 144, 120, 60, 84, 84, 72, 72, 132, 72, 84, 36, 96, 72, 60, 36, 48, 72, 12, 24, 24, 108, 36, 24, 48, 48, 0, 48, 48, 24, 12, 48, 12, 36, 0, 12, 36, 12, 0, 24, 60, 12, 24, 24, 24, 12, 24, 24, 0, 36, 36, 36, 24, 36, 72, 60, 36, 108, 96, 48, 48, 84, 72, 108, 120, 72, 132, 156, 204, 156, 96, 144, 216, 144, 216, 192, 324, 252, 324, 240, 396, 456, 516, 600, 600, 528, 504, 960, 984, 840, 852, 816, 864, 912, 924, 792, 708, 792, 936, 864, 804, 840, 564, 768, 804, 516, 816, 636, 552, 660, 528, 552, 732, 480, 660, 444, 564, 348, 576, 732, 528, 636, 396, 480, 420, 516, 504, 444, 492, 576, 528, 564, 504, 516, 468, 384, 432, 492, 444, 324, 384, 348, 468, 624, 540, 516, 420, 708, 660, 384, 180, 384, 312, 408, 432, 612, 552, 612, 528, 252, 408, 480, 624, 576, 324, 432, 624, 408, 384, 396, 468, 732, 444, 564, 516, 456, 576, 528, 564, 420, 396, 456, 552, 672, 408, 492, 372, 516, 324, 372, 504, 648, 588, 492, 516, 468, 612, 624, 576, 492, 540, 504, 528, 552, 684, 756, 900, 840, 648, 756, 648, 708, 768, 492, 684, 816, 780, 864, 780, 816, 696, 588, 672, 624, 636, 600, 636, 636, 468, 636, 444, 420, 372, 456, 600, 612, 468, 624, 612, 480, 528, 384, 564, 384, 456, 324, 444, 288, 240, 264, 384, 336, 276, 288, 264, 312, 372, 168, 276, 312, 264, 288, 108, 240, 156, 228, 204, 228, 216, 288, 276, 216, 228, 216, 204, 168, 204, 228, 252, 264, 144, 204, 240, 144]",44.5023395686837,11.3619295394478,10472,15537.0
3.47 3.44 4 1,"[132, 144, 84, 120, 96, 96, 84, 36, 96, 72, 72, 48, 60, 72, 60, 12, 12, 0, 36, 24, 24, 36, 24, 60, 24, 12, 12, 24, 12, 24, 0, 24, 36, 24, 36, 24, 12, 24, 24, 24, 24, 0, 48, 36, 36, 12, 0, 12, 24, 72, 24, 0, 0, 0, 24, 36, 12, 24, 36, 36, 60, 12, 60, 84, 84, 36, 48, 156, 96, 96, 72, 48, 108, 132, 156, 144, 132, 120, 216, 192, 180, 264, 204, 348, 516, 420, 576, 504, 732, 840, 1020, 960, 1068, 1284, 1296, 1032, 1032, 1236, 1080, 1200, 1020, 1032, 1524, 1104, 1344, 1152, 1044, 864, 816, 936, 816, 804, 660, 624, 528, 600, 492, 600, 468, 372, 636, 468, 288, 636, 336, 660, 288, 384, 456, 564, 576, 408, 552, 708, 504, 324, 588, 576, 552, 588, 516, 672, 588, 360, 540, 396, 720, 252, 468, 492, 456, 624, 504, 552, 456, 564, 456, 480, 612, 732, 456, 480, 480, 576, 528, 576, 504, 480, 684, 768, 612, 732, 624, 420, 528, 564, 564, 672, 408, 624, 504, 696, 564, 588, 480, 588, 480, 600, 504, 696, 564, 504, 504, 492, 672, 432, 588, 480, 576, 636, 720, 552, 744, 708, 744, 708, 660, 744, 696, 648, 660, 672, 804, 912, 552, 528, 684, 876, 672, 948, 756, 588, 552, 732, 372, 552, 660, 480, 612, 480, 528, 708, 468, 636, 444, 492, 552, 552, 456, 432, 540, 588, 456, 420, 612, 396, 420, 288, 288, 372, 348, 252, 168, 216, 192, 324, 228, 252, 144, 300, 300, 264, 264, 312, 132, 180, 228, 108, 228, 192, 168, 180, 168, 192, 216, 192, 180, 204, 252, 108, 204, 384, 276, 264, 252, 108, 204, 108]",44.5057248328982,11.3618215715261,10452,10601.0
3.47 3.48 2 1,"[24, 84, 24, 12, 12, 36, 36, 36, 12, 24, 24, 12, 48, 12, 12, 24, 0, 0, 0, 24, 0, 24, 0, 36, 0, 0, 12, 0, 12, 36, 0, 12, 12, 0, 0, 12, 0, 12, 12, 0, 0, 0, 0, 0, 12, 0, 12, 0, 24, 12, 0, 0, 12, 0, 0, 12, 12, 12, 0, 12, 24, 0, 0, 12, 12, 0, 60, 48, 36, 36, 12, 12, 24, 24, 24, 60, 0, 48, 36, 48, 48, 96, 12, 48, 132, 72, 144, 108, 60, 72, 120, 240, 204, 276, 300, 264, 324, 216, 396, 288, 0, 36, 336, 276, 324, 216, 492, 372, 312, 264, 168, 300, 252, 252, 180, 120, 156, 264, 132, 144, 276, 144, 0, 0, 192, 156, 288, 228, 216, 132, 216, 288, 288, 204, 252, 216, 240, 0, 120, 300, 252, 228, 216, 252, 180, 300, 276, 192, 168, 240, 252, 312, 264, 252, 276, 240, 264, 216, 264, 240, 132, 180, 96, 216, 276, 228, 300, 228, 180, 216, 180, 264, 204, 228, 192, 156, 276, 276, 372, 312, 348, 240, 312, 192, 216, 216, 240, 96, 0, 108, 312, 336, 324, 336, 276, 216, 312, 408, 288, 480, 288, 444, 300, 372, 360, 312, 312, 312, 372, 288, 0, 0, 288, 384, 372, 420, 468, 300, 516, 480, 420, 360, 324, 264, 432, 336, 168, 216, 348, 312, 180, 204, 0, 0, 192, 240, 276, 240, 348, 192, 180, 252, 216, 204, 204, 144, 120, 144, 144, 180, 144, 48, 36, 0, 24, 48, 96, 24, 96, 120, 108, 216, 96, 48, 120, 72, 84, 24, 60, 48, 84, 84, 72, 36, 36, 72, 72, 0, 12, 84, 48, 108, 72, 84, 60, 60, 48, 0]",44.5053596507755,11.3616569340703,17406,10509.0
3.48 3.46 8 1,"[276, 132, 96, 108, 120, 84, 108, 144, 24, 48, 48, 84, 108, 132, 96, 48, 48, 132, 36, 48, 120, 24, 96, 48, 36, 12, 36, 48, 48, 84, 12, 0, 60, 0, 12, 12, 48, 60, 0, 96, 24, 12, 12, 36, 0, 0, 36, 36, 24, 48, 12, 0, 0, 0, 12, 0, 36, 12, 24, 36, 36, 24, 36, 48, 72, 36, 48, 108, 108, 60, 108, 48, 108, 120, 84, 144, 144, 60, 120, 84, 108, 216, 240, 168, 324, 180, 276, 324, 432, 324, 456, 588, 636, 456, 504, 540, 576, 672, 504, 432, 408, 516, 432, 480, 600, 480, 528, 672, 480, 552, 468, 384, 312, 420, 444, 372, 336, 408, 420, 336, 504, 408, 396, 564, 312, 468, 312, 468, 504, 444, 432, 516, 492, 480, 552, 528, 492, 468, 528, 492, 360, 408, 600, 576, 528, 600, 420, 516, 456, 444, 492, 552, 468, 564, 504, 324, 660, 564, 468, 444, 420, 480, 420, 624, 480, 504, 444, 540, 372, 528, 324, 636, 540, 396, 492, 504, 336, 552, 456, 576, 540, 588, 612, 492, 528, 612, 492, 516, 480, 504, 552, 516, 468, 504, 672, 624, 336, 264, 420, 780, 588, 648, 816, 684, 672, 828, 696, 816, 804, 696, 1068, 876, 828, 588, 792, 696, 924, 816, 852, 960, 828, 900, 732, 816, 804, 864, 612, 636, 612, 600, 696, 504, 480, 600, 552, 576, 564, 456, 360, 468, 528, 408, 576, 492, 384, 492, 276, 336, 372, 360, 240, 276, 240, 204, 252, 168, 264, 240, 228, 324, 312, 336, 312, 240, 276, 252, 216, 168, 120, 204, 252, 264, 168, 264, 156, 264, 252, 204, 204, 228, 156, 156, 132, 156, 192, 240, 156, 96]",44.5043796829685,11.3602473392686,10503,10501.0
3.48 3.47 6 1,"[48, 36, 12, 48, 12, 36, 12, 0, 0, 12, 0, 24, 24, 12, 12, 12, 0, 12, 12, 0, 12, 12, 36, 12, 12, 0, 12, 12, 0, 12, 0, 12, 0, 12, 12, 24, 0, 0, 12, 12, 0, 0, 12, 12, 0, 0, 0, 0, 0, 0, 0, 0, 12, 0, 12, 24, 12, 0, 0, 12, 12, 12, 0, 24, 0, 12, 0, 12, 0, 12, 0, 12, 12, 24, 12, 48, 12, 48, 36, 12, 48, 84, 72, 48, 120, 60, 48, 108, 84, 72, 120, 144, 192, 204, 252, 108, 276, 252, 240, 240, 288, 288, 228, 228, 288, 288, 168, 228, 108, 240, 120, 216, 192, 72, 84, 156, 96, 72, 108, 132, 48, 108, 96, 96, 108, 72, 108, 84, 96, 72, 156, 120, 144, 156, 96, 156, 120, 108, 132, 132, 108, 72, 168, 120, 108, 156, 156, 96, 120, 36, 72, 108, 120, 144, 144, 120, 84, 132, 96, 84, 156, 144, 108, 120, 60, 156, 180, 156, 144, 12, 84, 132, 72, 156, 96, 108, 48, 108, 156, 96, 108, 156, 132, 84, 108, 60, 120, 192, 156, 144, 276, 144, 168, 108, 120, 192, 132, 108, 192, 144, 216, 168, 192, 216, 264, 204, 216, 156, 168, 108, 216, 216, 168, 84, 144, 84, 144, 132, 144, 204, 144, 120, 84, 132, 168, 72, 72, 108, 120, 132, 60, 168, 156, 132, 84, 84, 72, 156, 60, 108, 96, 96, 108, 108, 72, 72, 60, 60, 60, 48, 60, 36, 48, 48, 48, 84, 48, 0, 24, 24, 60, 84, 72, 60, 60, 72, 84, 24, 36, 36, 72, 60, 72, 36, 24, 48, 24, 36, 84, 72, 72, 36, 24, 60, 48, 12, 36, 0]",44.5053455215704,11.3617986946849,10509,17406.0
3.49 3.46 6 1,"[132, 204, 132, 240, 180, 180, 168, 132, 84, 96, 108, 108, 144, 120, 48, 60, 48, 36, 120, 96, 60, 72, 72, 84, 24, 12, 108, 48, 60, 108, 72, 72, 0, 12, 36, 12, 48, 12, 48, 108, 36, 24, 12, 36, 24, 0, 12, 12, 0, 12, 36, 12, 24, 72, 24, 36, 48, 12, 12, 0, 36, 48, 72, 48, 84, 84, 24, 36, 48, 48, 24, 60, 84, 36, 108, 84, 60, 60, 108, 132, 84, 120, 36, 132, 228, 228, 348, 300, 348, 216, 348, 432, 468, 588, 744, 672, 540, 672, 468, 516, 492, 492, 396, 564, 504, 624, 528, 504, 540, 492, 588, 444, 336, 444, 456, 528, 432, 444, 408, 408, 480, 384, 456, 444, 372, 408, 420, 336, 384, 336, 372, 264, 456, 408, 348, 588, 396, 432, 432, 456, 408, 468, 348, 528, 408, 552, 372, 372, 480, 468, 408, 336, 456, 480, 408, 396, 372, 552, 528, 552, 348, 456, 456, 396, 540, 540, 576, 396, 516, 432, 720, 684, 588, 420, 468, 480, 468, 600, 456, 552, 396, 516, 540, 456, 672, 588, 612, 432, 420, 408, 420, 444, 480, 456, 576, 540, 408, 540, 540, 456, 348, 648, 540, 600, 432, 648, 624, 624, 480, 588, 492, 528, 612, 540, 444, 444, 396, 672, 516, 348, 576, 648, 480, 480, 720, 552, 516, 420, 480, 576, 588, 492, 540, 504, 432, 288, 492, 444, 432, 396, 492, 468, 336, 456, 408, 480, 372, 264, 300, 444, 192, 312, 240, 192, 264, 240, 276, 240, 216, 252, 336, 288, 228, 144, 144, 264, 132, 204, 276, 228, 324, 120, 192, 204, 204, 372, 216, 264, 252, 168, 252, 144, 360, 156, 192, 264, 204, 168]",44.5000481933269,11.3599108299271,10469,15537.0
3.49 3.50 5 1,"[12, 60, 60, 36, 12, 12, 12, 24, 12, 36, 12, 12, 12, 12, 36, 0, 12, 36, 0, 0, 12, 12, 0, 0, 0, 24, 0, 0, 0, 24, 12, 0, 12, 0, 0, 0, 12, 0, 12, 12, 12, 0, 12, 0, 0, 0, 0, 0, 0, 12, 12, 0, 0, 0, 24, 0, 0, 0, 0, 12, 12, 0, 0, 0, 0, 24, 0, 12, 0, 24, 0, 0, 24, 12, 0, 24, 12, 12, 24, 36, 12, 0, 0, 48, 12, 12, 24, 0, 0, 12, 0, 48, 48, 48, 36, 36, 60, 24, 48, 36, 36, 24, 0, 60, 0, 60, 24, 24, 12, 12, 36, 24, 48, 60, 48, 12, 12, 12, 48, 24, 36, 36, 12, 0, 0, 72, 12, 36, 12, 60, 36, 24, 12, 12, 60, 60, 48, 12, 0, 0, 24, 12, 0, 36, 12, 12, 24, 48, 24, 12, 48, 108, 72, 0, 36, 48, 0, 24, 0, 48, 72, 24, 48, 72, 24, 24, 0, 36, 12, 0, 0, 36, 0, 84, 72, 36, 84, 48, 48, 48, 0, 36, 84, 24, 12, 0, 36, 0, 12, 36, 12, 0, 12, 24, 36, 36, 12, 24, 48, 12, 48, 36, 36, 48, 36, 36, 36, 60, 12, 24, 48, 36, 36, 84, 0, 36, 24, 36, 96, 36, 84, 144, 72, 96, 96, 36, 132, 36, 36, 84, 60, 24, 36, 60, 120, 96, 24, 72, 0, 36, 48, 24, 96, 48, 48, 24, 36, 108, 84, 48, 84, 24, 60, 72, 72, 72, 84, 12, 72, 24, 60, 48, 60, 48, 24, 96, 24, 48, 12, 12, 36, 48, 36, 12, 36, 36, 48, 60, 36, 12, 36, 12, 24, 24, 24, 24, 12, 0]",,,,
3.49 3.51 4 1,"[180, 180, 108, 144, 108, 84, 144, 120, 60, 96, 60, 60, 120, 84, 84, 60, 96, 60, 12, 48, 36, 48, 24, 0, 36, 48, 72, 24, 48, 36, 48, 36, 36, 12, 36, 48, 12, 24, 0, 0, 12, 12, 0, 12, 36, 24, 36, 12, 24, 24, 36, 12, 0, 36, 24, 48, 12, 24, 72, 48, 36, 96, 72, 72, 60, 96, 60, 108, 108, 120, 156, 132, 168, 108, 108, 96, 216, 156, 180, 312, 336, 240, 312, 300, 300, 480, 444, 576, 624, 708, 588, 912, 1092, 816, 1068, 900, 1032, 840, 1068, 780, 852, 756, 876, 924, 864, 888, 756, 684, 828, 636, 792, 540, 756, 528, 420, 516, 624, 564, 540, 504, 516, 396, 492, 624, 444, 540, 612, 408, 456, 432, 468, 564, 540, 432, 492, 492, 684, 588, 480, 348, 396, 552, 396, 372, 336, 456, 564, 588, 528, 564, 492, 516, 648, 468, 492, 576, 552, 624, 504, 492, 624, 612, 624, 564, 540, 492, 588, 420, 492, 468, 636, 504, 396, 348, 588, 660, 636, 636, 528, 396, 576, 552, 588, 396, 432, 504, 660, 696, 456, 456, 348, 552, 396, 444, 396, 576, 576, 456, 372, 480, 516, 744, 540, 480, 528, 576, 480, 576, 696, 660, 696, 744, 660, 660, 720, 660, 696, 516, 660, 732, 696, 756, 804, 636, 792, 624, 576, 588, 552, 600, 492, 576, 528, 528, 432, 516, 564, 576, 708, 576, 480, 588, 696, 588, 540, 408, 552, 504, 456, 504, 468, 300, 300, 336, 408, 420, 240, 372, 312, 312, 348, 156, 288, 288, 276, 336, 168, 252, 144, 228, 276, 288, 228, 312, 252, 264, 264, 264, 204, 216, 252, 312, 228, 204, 144, 216, 264, 180]",44.4998888261893,11.3590617495815,17295,13928.0
3.50 1.1 2 2,"[120, 84, 72, 108, 120, 84, 132, 48, 48, 48, 60, 24, 36, 48, 60, 24, 24, 48, 84, 12, 12, 24, 24, 48, 36, 24, 36, 12, 36, 60, 0, 12, 12, 24, 12, 0, 12, 0, 0, 24, 0, 12, 24, 24, 36, 12, 12, 0, 12, 12, 12, 24, 24, 48, 12, 12, 0, 24, 12, 24, 12, 48, 48, 36, 36, 36, 36, 72, 72, 84, 108, 60, 24, 84, 84, 168, 96, 84, 156, 192, 108, 120, 228, 216, 96, 264, 240, 216, 264, 264, 312, 468, 360, 516, 456, 384, 480, 456, 552, 432, 420, 384, 384, 336, 432, 396, 408, 324, 468, 444, 408, 396, 360, 492, 468, 540, 228, 456, 444, 552, 336, 312, 432, 456, 360, 396, 396, 300, 312, 384, 204, 336, 168, 372, 456, 324, 360, 336, 288, 324, 288, 288, 168, 228, 144, 204, 180, 348, 384, 348, 192, 192, 312, 216, 264, 252, 168, 348, 324, 228, 396, 348, 240, 216, 324, 300, 204, 396, 276, 228, 324, 312, 240, 240, 372, 288, 288, 432, 288, 324, 348, 336, 276, 264, 396, 396, 228, 276, 432, 312, 252, 372, 240, 420, 228, 240, 288, 252, 300, 324, 240, 276, 312, 408, 216, 312, 192, 288, 348, 384, 468, 336, 432, 528, 384, 360, 264, 276, 372, 408, 420, 444, 408, 324, 492, 336, 216, 468, 192, 228, 336, 360, 396, 420, 408, 276, 420, 324, 396, 420, 360, 348, 276, 276, 408, 348, 336, 276, 168, 288, 300, 192, 228, 228, 228, 204, 144, 180, 204, 84, 192, 168, 204, 144, 96, 132, 120, 204, 108, 156, 180, 108, 228, 108, 132, 132, 144, 120, 72, 108, 168, 228, 144, 144, 72, 120, 108, 144]",44.4984932059706,11.3554272214055,10460,10461.0
3.50 3.49 6 1,"[144, 108, 84, 228, 96, 144, 120, 156, 84, 60, 84, 108, 48, 84, 36, 48, 72, 36, 84, 72, 12, 72, 72, 48, 36, 12, 24, 36, 36, 72, 24, 48, 48, 0, 36, 24, 12, 24, 36, 36, 36, 12, 12, 36, 36, 0, 12, 0, 0, 36, 24, 24, 12, 24, 24, 12, 12, 36, 24, 36, 12, 48, 72, 24, 48, 24, 12, 36, 72, 24, 60, 24, 36, 60, 72, 84, 84, 48, 72, 72, 72, 72, 180, 144, 120, 144, 324, 168, 228, 216, 228, 384, 336, 408, 468, 360, 300, 348, 468, 336, 432, 288, 396, 312, 528, 252, 288, 276, 372, 372, 336, 240, 384, 300, 372, 312, 180, 360, 324, 312, 312, 324, 288, 216, 300, 264, 276, 324, 156, 336, 252, 276, 144, 204, 276, 264, 312, 84, 0, 0, 204, 312, 276, 276, 420, 348, 300, 192, 360, 348, 312, 312, 396, 336, 264, 384, 240, 348, 312, 372, 264, 348, 264, 144, 432, 384, 240, 276, 420, 360, 336, 372, 468, 324, 252, 396, 372, 432, 288, 324, 288, 288, 156, 348, 192, 420, 348, 216, 396, 300, 204, 312, 420, 264, 300, 336, 396, 372, 384, 396, 264, 360, 384, 336, 408, 312, 372, 372, 300, 396, 456, 300, 300, 324, 324, 336, 348, 456, 324, 312, 324, 504, 420, 360, 360, 528, 336, 324, 312, 372, 372, 444, 240, 240, 468, 240, 288, 312, 348, 288, 396, 372, 300, 420, 348, 420, 372, 336, 276, 336, 240, 300, 204, 216, 264, 204, 96, 156, 168, 156, 228, 288, 120, 216, 108, 180, 156, 180, 144, 144, 324, 168, 228, 144, 120, 144, 108, 144, 192, 192, 108, 108, 216, 132, 120, 72, 156, 192]",44.498719485661,11.357045695142,10459,14569.0
3.50 3.51 4 1,"[216, 540, 960, 228, 528, 1308, 216, 264, 960, 348, 84, 960, 288, 168, 768, 636, 108, 540, 768, 156, 156, 876, 96, 132, 840, 216, 72, 840, 228, 84, 732, 204, 132, 384, 636, 60, 288, 684, 48, 192, 564, 192, 72, 780, 288, 12, 648, 456, 60, 324, 708, 120, 252, 1008, 108, 252, 852, 300, 108, 876, 576, 96, 492, 936, 120, 372, 1068, 204, 216, 780, 420, 144, 1032, 732, 168, 816, 840, 312, 432, 1020, 216, 684, 1248, 624, 360, 1440, 828, 1140, 924, 912, 948, 1452, 1896, 1308, 1416, 2352, 348, 1644, 1128, 984, 1188, 2364, 1392, 1644, 1308, 2184, 936, 1704, 1236, 636, 1056, 2040, 912, 1392, 984, 1284, 540, 936, 1236, 984, 900, 1536, 996, 720, 948, 708, 780, 1380, 972, 900, 1344, 1416, 876, 1236, 1788, 708, 528, 1656, 1116, 708, 1644, 1164, 876, 1140, 1584, 612, 1176, 1728, 624, 864, 1716, 1200, 924, 1824, 1152, 912, 1464, 1200, 1008, 1368, 1548, 1128, 1200, 1896, 780, 780, 1512, 960, 720, 1860, 1068, 672, 1704, 1164, 876, 1284, 1428, 864, 1128, 1632, 780, 1056, 1560, 840, 720, 1488, 1116, 1092, 1956, 1104, 948, 1404, 1020, 888, 1632, 1344, 756, 1020, 1620, 912, 1044, 1920, 672, 984, 2088, 1272, 588, 1584, 1260, 972, 1332, 924, 1200, 1776, 1104, 840, 1632, 1356, 360, 1536, 1680, 924, 1008, 1752, 636, 1104, 1224, 876, 1032, 1692, 756, 1104, 1848, 816, 804, 1740, 1104, 732, 1644, 780, 672, 1668, 912, 696, 1116, 1296, 600, 1128, 1296, 420, 864, 1308, 564, 468, 1236, 756, 456, 1104, 756, 288, 1296, 576, 372, 804, 960, 372, 636, 1128, 480, 660, 1224, 444, 588, 1032, 516, 372, 1164, 672, 276, 1212, 240, 468, 648, 1128, 408, 744, 1140, 348]",44.4990495654068,11.3566283063017,10459,14572.0
3.50 4.9 8 1,"[552, 360, 528, 312, 528, 324, 288, 264, 360, 384, 276, 264, 384, 144, 252, 264, 216, 156, 216, 264, 96, 156, 120, 216, 84, 252, 132, 180, 36, 72, 108, 132, 48, 12, 36, 144, 12, 24, 36, 60, 24, 60, 48, 24, 12, 36, 24, 48, 60, 36, 24, 36, 24, 84, 108, 72, 48, 48, 84, 120, 60, 24, 108, 120, 156, 72, 84, 144, 48, 180, 156, 240, 288, 300, 120, 204, 360, 216, 480, 312, 432, 444, 540, 372, 468, 660, 492, 768, 480, 564, 708, 1008, 552, 936, 1092, 840, 1296, 876, 1224, 1104, 936, 948, 984, 1032, 1200, 1080, 1320, 720, 420, 1116, 1044, 1176, 492, 984, 732, 1104, 1140, 768, 792, 1008, 912, 924, 792, 948, 960, 1104, 708, 576, 1020, 1176, 792, 828, 612, 444, 1104, 660, 720, 600, 948, 684, 708, 1248, 864, 456, 588, 900, 1176, 1080, 924, 1176, 792, 972, 864, 1092, 888, 1056, 828, 1056, 1104, 1080, 1176, 1044, 1116, 912, 876, 684, 1032, 984, 876, 984, 936, 984, 960, 924, 696, 804, 984, 1068, 1272, 924, 768, 900, 996, 912, 876, 1080, 1020, 1116, 984, 1080, 696, 708, 864, 756, 504, 912, 1044, 1044, 1020, 1116, 1200, 912, 996, 828, 1140, 1152, 1200, 792, 1344, 948, 1044, 1212, 1296, 1008, 1020, 1320, 1500, 1020, 864, 864, 1380, 1128, 1152, 1464, 1248, 876, 1068, 1356, 1092, 960, 768, 1140, 1080, 984, 840, 1236, 960, 948, 996, 852, 1128, 1104, 972, 984, 708, 1092, 960, 1140, 996, 804, 624, 660, 528, 672, 468, 720, 588, 612, 804, 564, 504, 564, 636, 732, 516, 480, 516, 528, 444, 924, 672, 516, 540, 408, 708, 540, 504, 552, 672, 600, 360, 636, 588, 540, 552, 588, 636, 528]",44.4977828910658,11.3565484646688,16753,6503.0
3.51 3.33 4 1,"[252, 360, 216, 204, 264, 360, 228, 168, 144, 240, 144, 120, 108, 216, 180, 156, 168, 96, 72, 156, 84, 132, 144, 48, 36, 60, 120, 60, 60, 108, 72, 72, 144, 48, 36, 60, 24, 84, 36, 36, 48, 36, 36, 60, 60, 24, 72, 84, 60, 24, 60, 72, 24, 48, 60, 180, 48, 60, 84, 120, 108, 120, 72, 180, 132, 180, 96, 204, 192, 180, 216, 240, 192, 192, 264, 240, 372, 420, 228, 396, 408, 588, 468, 780, 504, 804, 876, 984, 1176, 1368, 1320, 1380, 1440, 1572, 1848, 1644, 1380, 1716, 1704, 1776, 1476, 1812, 1308, 1980, 1344, 1872, 1476, 1428, 1128, 1440, 1116, 960, 1404, 1428, 984, 1008, 1224, 996, 876, 1056, 1140, 636, 948, 1080, 1032, 648, 1140, 756, 852, 984, 1056, 864, 1032, 996, 912, 852, 996, 1068, 1128, 828, 840, 1128, 828, 924, 924, 756, 1020, 840, 876, 996, 1104, 972, 1260, 1092, 804, 1224, 888, 936, 1044, 1212, 864, 1236, 936, 1032, 732, 1056, 1092, 732, 1020, 1284, 1224, 1008, 948, 1008, 960, 936, 1164, 1152, 936, 1020, 816, 1020, 1308, 1032, 960, 696, 1164, 1164, 1056, 1260, 852, 1104, 1008, 1020, 1068, 804, 948, 852, 1116, 1032, 852, 1032, 1104, 900, 1152, 1272, 936, 1248, 1296, 984, 828, 972, 1260, 972, 852, 1380, 1044, 1092, 756, 1068, 1296, 876, 1212, 1020, 1032, 864, 816, 1140, 732, 1080, 828, 1116, 960, 648, 1104, 816, 1116, 780, 1020, 972, 936, 1056, 792, 888, 948, 720, 792, 756, 588, 660, 552, 756, 516, 504, 588, 660, 576, 228, 528, 612, 456, 372, 456, 360, 408, 516, 360, 384, 348, 348, 384, 492, 492, 312, 444, 432, 288, 372, 420, 504, 396, 564, 360, 276, 384, 480, 432, 348]",44.501147821906,11.3560975779452,16749,16748.0
3.51 3.50 7 1,"[60, 72, 36, 72, 96, 96, 24, 48, 24, 36, 36, 36, 24, 36, 0, 0, 24, 12, 12, 24, 12, 36, 36, 0, 24, 0, 0, 12, 0, 12, 36, 0, 12, 0, 0, 0, 0, 0, 0, 24, 0, 0, 0, 0, 24, 0, 0, 0, 12, 0, 0, 0, 0, 0, 12, 12, 0, 0, 0, 0, 0, 12, 36, 12, 12, 0, 24, 24, 36, 48, 36, 12, 24, 24, 36, 36, 24, 12, 72, 60, 12, 84, 84, 36, 72, 132, 168, 228, 132, 84, 84, 216, 300, 216, 228, 300, 240, 300, 144, 228, 180, 300, 240, 276, 216, 156, 228, 144, 228, 168, 156, 168, 312, 156, 180, 168, 156, 252, 252, 216, 168, 192, 192, 132, 168, 216, 192, 144, 144, 216, 132, 96, 216, 84, 168, 192, 204, 180, 192, 84, 120, 180, 192, 180, 96, 192, 168, 132, 144, 180, 276, 156, 336, 156, 96, 168, 144, 168, 264, 132, 204, 108, 156, 204, 228, 192, 144, 240, 240, 192, 240, 228, 204, 192, 252, 216, 240, 276, 216, 312, 168, 216, 252, 312, 336, 180, 168, 204, 216, 180, 168, 252, 180, 168, 300, 180, 144, 252, 144, 192, 312, 252, 168, 336, 144, 240, 168, 288, 312, 288, 264, 228, 252, 264, 240, 252, 300, 108, 216, 240, 324, 240, 324, 288, 336, 240, 276, 144, 276, 252, 252, 204, 156, 156, 240, 120, 264, 216, 240, 192, 228, 276, 252, 180, 252, 264, 288, 324, 156, 168, 216, 192, 36, 132, 132, 120, 60, 132, 108, 96, 120, 192, 72, 72, 72, 84, 108, 72, 96, 84, 168, 48, 72, 84, 72, 36, 48, 120, 72, 120, 120, 72, 108, 96, 72, 60, 48, 72]",44.5006833594316,11.3562023758483,16750,16751.0
3.51 3.50 8 1,"[456, 444, 480, 324, 408, 336, 252, 276, 324, 324, 336, 252, 288, 228, 216, 276, 204, 156, 252, 144, 132, 180, 120, 216, 84, 216, 96, 108, 60, 132, 120, 60, 24, 12, 48, 84, 24, 24, 60, 72, 48, 36, 24, 48, 60, 36, 36, 60, 84, 36, 36, 48, 24, 132, 144, 120, 24, 48, 72, 120, 72, 156, 192, 132, 204, 84, 144, 120, 180, 168, 144, 252, 252, 204, 252, 216, 312, 324, 408, 396, 408, 492, 480, 540, 444, 660, 576, 828, 888, 708, 696, 1488, 1008, 1164, 1236, 1272, 1128, 1092, 1152, 1260, 936, 1020, 1224, 1284, 1176, 1176, 1020, 1140, 1188, 1212, 972, 996, 1032, 1068, 996, 888, 924, 972, 1008, 756, 816, 852, 924, 948, 900, 1044, 996, 828, 996, 912, 1056, 852, 1068, 888, 888, 900, 948, 948, 1128, 876, 888, 756, 744, 948, 684, 1092, 936, 948, 1176, 960, 1032, 756, 1224, 1032, 852, 924, 936, 996, 1200, 1284, 1068, 744, 1032, 1044, 828, 828, 1068, 936, 780, 840, 1212, 1032, 1116, 708, 1092, 876, 1176, 768, 984, 1188, 768, 1020, 948, 1116, 1116, 1020, 972, 1032, 1224, 840, 864, 1032, 924, 792, 852, 840, 1176, 1080, 1176, 960, 1344, 1080, 912, 1032, 1116, 1068, 1008, 1200, 936, 1236, 1296, 1200, 1224, 1188, 1404, 1200, 1104, 1044, 1008, 924, 1416, 1284, 1404, 1164, 1380, 996, 1164, 1296, 1068, 948, 1116, 1032, 1284, 876, 1128, 1080, 1116, 864, 1128, 948, 1080, 1008, 1176, 984, 1056, 912, 1044, 1248, 828, 696, 648, 708, 456, 708, 636, 672, 660, 816, 564, 540, 660, 540, 684, 636, 540, 660, 540, 504, 624, 672, 600, 408, 516, 612, 564, 552, 552, 516, 456, 444, 444, 492, 612, 312, 552, 408, 552, 564]",44.5006846033571,11.3561677172331,16750,16751.0
3.52 0.127 2 1,"[96, 192, 204, 84, 156, 96, 132, 60, 144, 96, 72, 72, 96, 84, 132, 48, 120, 24, 60, 48, 36, 72, 96, 24, 12, 24, 60, 24, 48, 24, 24, 36, 24, 24, 36, 0, 12, 24, 12, 0, 12, 0, 60, 48, 24, 36, 48, 12, 12, 36, 12, 48, 0, 24, 36, 36, 24, 24, 0, 12, 24, 24, 84, 36, 60, 48, 60, 60, 120, 24, 48, 108, 156, 72, 156, 60, 132, 108, 156, 120, 108, 156, 204, 96, 252, 276, 240, 252, 168, 432, 360, 336, 432, 468, 492, 36, 468, 420, 588, 600, 516, 612, 444, 444, 324, 540, 612, 492, 420, 336, 468, 600, 516, 396, 540, 504, 348, 696, 420, 420, 552, 276, 228, 360, 336, 312, 432, 456, 360, 372, 456, 324, 372, 336, 612, 396, 384, 492, 504, 456, 492, 420, 396, 324, 420, 336, 396, 396, 420, 312, 408, 384, 396, 408, 372, 336, 528, 336, 264, 384, 456, 384, 312, 408, 372, 444, 396, 360, 372, 276, 348, 492, 552, 360, 384, 372, 420, 456, 348, 396, 312, 360, 384, 384, 420, 396, 444, 348, 444, 348, 516, 492, 372, 240, 444, 348, 372, 360, 456, 240, 456, 0, 0, 348, 348, 408, 480, 324, 420, 324, 528, 336, 324, 444, 432, 240, 528, 360, 360, 324, 408, 384, 372, 276, 372, 420, 504, 144, 324, 276, 348, 384, 408, 348, 252, 288, 300, 264, 360, 276, 468, 396, 348, 288, 468, 468, 408, 24, 0, 180, 252, 240, 132, 96, 276, 204, 192, 120, 180, 168, 120, 144, 288, 168, 204, 96, 132, 156, 96, 132, 204, 168, 156, 96, 108, 156, 192, 132, 180, 168, 84, 120, 84, 168, 96, 144, 144, 72]",44.5043343608514,11.3408903322254,10229,10235.0
3.52 3.9 4 1,"[216, 312, 156, 180, 204, 180, 192, 300, 108, 132, 108, 156, 84, 144, 168, 180, 96, 180, 84, 132, 180, 120, 204, 120, 120, 120, 120, 72, 108, 84, 96, 36, 168, 48, 36, 60, 36, 60, 48, 60, 24, 48, 96, 36, 48, 48, 24, 48, 96, 48, 60, 36, 24, 48, 108, 72, 72, 120, 156, 96, 132, 108, 120, 240, 96, 120, 144, 144, 96, 156, 156, 144, 168, 144, 264, 252, 156, 192, 192, 288, 336, 348, 276, 444, 372, 504, 756, 648, 672, 792, 816, 948, 600, 1140, 888, 936, 948, 936, 588, 780, 768, 1068, 1068, 912, 1056, 888, 1056, 816, 600, 576, 600, 600, 432, 876, 840, 696, 648, 648, 660, 720, 552, 708, 480, 612, 480, 612, 684, 588, 696, 780, 720, 588, 672, 564, 624, 696, 420, 588, 528, 480, 528, 828, 528, 516, 456, 744, 540, 612, 672, 444, 984, 720, 672, 828, 840, 564, 660, 924, 636, 648, 336, 744, 708, 660, 852, 684, 756, 564, 480, 744, 600, 696, 612, 504, 936, 624, 876, 768, 720, 804, 696, 756, 684, 612, 516, 660, 552, 684, 540, 852, 660, 996, 912, 504, 744, 888, 780, 768, 672, 780, 684, 804, 804, 828, 888, 876, 888, 696, 768, 816, 804, 816, 792, 648, 696, 948, 804, 1044, 612, 792, 912, 852, 708, 492, 228, 780, 780, 912, 768, 720, 684, 696, 828, 528, 684, 732, 600, 612, 780, 672, 432, 420, 732, 696, 648, 504, 612, 480, 492, 384, 564, 564, 468, 372, 504, 660, 468, 432, 264, 468, 456, 468, 408, 540, 384, 300, 588, 420, 408, 252, 336, 492, 456, 372, 288, 264, 348, 492, 384, 348, 372, 276, 432, 288, 228, 360, 372, 264]",44.5055165386155,11.3411825676299,17477,16729.0
3.52 3.9 6 1,"[84, 60, 72, 48, 24, 96, 24, 36, 48, 48, 60, 48, 24, 12, 12, 12, 24, 48, 48, 24, 36, 48, 24, 48, 0, 0, 12, 0, 24, 12, 0, 0, 12, 12, 24, 12, 12, 0, 0, 12, 0, 36, 0, 0, 12, 0, 12, 0, 24, 12, 0, 24, 12, 12, 0, 0, 12, 0, 0, 12, 0, 0, 12, 36, 12, 12, 36, 36, 24, 12, 60, 36, 24, 24, 84, 12, 48, 72, 84, 24, 60, 60, 96, 24, 84, 144, 108, 108, 144, 84, 72, 168, 216, 144, 240, 132, 84, 300, 204, 204, 240, 180, 264, 288, 228, 180, 300, 264, 120, 180, 240, 156, 192, 84, 216, 144, 192, 192, 168, 132, 204, 180, 228, 84, 108, 120, 168, 204, 228, 228, 168, 84, 168, 228, 120, 264, 180, 204, 180, 216, 96, 204, 120, 144, 132, 192, 156, 252, 204, 252, 216, 168, 216, 192, 168, 120, 156, 156, 228, 132, 300, 228, 156, 96, 132, 144, 144, 180, 252, 228, 228, 144, 252, 192, 168, 156, 180, 252, 168, 156, 204, 228, 204, 168, 228, 228, 156, 144, 180, 144, 216, 228, 216, 252, 192, 228, 192, 252, 204, 264, 120, 228, 240, 240, 240, 192, 252, 240, 204, 228, 240, 264, 180, 132, 192, 120, 192, 180, 108, 204, 264, 180, 288, 180, 192, 144, 180, 168, 168, 168, 168, 168, 216, 144, 144, 144, 168, 108, 72, 108, 180, 72, 96, 60, 168, 144, 216, 96, 132, 132, 84, 156, 120, 60, 84, 120, 72, 36, 96, 96, 96, 48, 48, 108, 72, 108, 60, 60, 120, 84, 36, 156, 96, 48, 60, 24, 36, 72, 60, 60, 48, 96, 36, 36, 48, 48, 60, 72]",44.504894787135,11.3389815829378,10229,16717.0
3.52 3.25 8 1,"[252, 300, 372, 312, 180, 276, 180, 228, 312, 192, 192, 252, 168, 180, 168, 216, 144, 288, 144, 132, 84, 156, 72, 120, 60, 144, 120, 144, 144, 120, 72, 72, 72, 120, 144, 156, 36, 96, 60, 60, 60, 36, 48, 72, 48, 120, 108, 84, 84, 36, 12, 60, 36, 72, 108, 72, 60, 168, 120, 156, 36, 204, 120, 120, 120, 144, 144, 312, 192, 156, 180, 132, 144, 252, 264, 216, 252, 324, 348, 288, 216, 588, 384, 624, 492, 828, 564, 720, 1068, 900, 1128, 1260, 1236, 1104, 1128, 1440, 1272, 1116, 1068, 1104, 1188, 1332, 1236, 1200, 1044, 1224, 780, 1008, 1080, 696, 804, 1068, 684, 1092, 864, 804, 876, 804, 1128, 864, 840, 840, 864, 900, 960, 768, 672, 1032, 864, 828, 732, 852, 768, 864, 780, 948, 876, 756, 792, 780, 900, 768, 1044, 792, 660, 996, 576, 756, 1020, 672, 912, 996, 1020, 768, 600, 996, 852, 1152, 540, 348, 600, 888, 936, 684, 720, 948, 936, 1008, 816, 1128, 1044, 936, 828, 972, 1056, 1104, 876, 744, 840, 876, 936, 984, 708, 1236, 720, 912, 1008, 888, 876, 924, 828, 720, 888, 1008, 1092, 948, 864, 1092, 1176, 888, 1104, 864, 1080, 1068, 1032, 912, 912, 1212, 1128, 900, 996, 1260, 852, 1128, 912, 1188, 864, 1068, 1224, 1092, 1212, 1128, 1044, 1056, 876, 864, 1116, 948, 936, 1176, 972, 816, 708, 1128, 840, 972, 948, 948, 900, 1020, 852, 744, 912, 888, 936, 780, 1044, 780, 672, 960, 684, 708, 660, 552, 396, 540, 708, 384, 468, 540, 444, 636, 384, 420, 540, 504, 384, 516, 516, 708, 552, 708, 504, 444, 528, 480, 252, 552, 408, 420, 432, 348, 384, 432, 288, 432, 384, 456]",44.5053500470034,11.3417436594088,10230,17479.0
3.54 3.25 4 1,"[48, 60, 96, 12, 36, 48, 36, 24, 48, 24, 36, 48, 72, 24, 24, 60, 36, 0, 48, 36, 12, 72, 36, 24, 36, 0, 0, 0, 0, 36, 0, 0, 0, 12, 0, 24, 0, 0, 0, 24, 0, 0, 12, 0, 24, 0, 12, 24, 0, 0, 0, 12, 0, 36, 24, 12, 0, 0, 24, 12, 0, 24, 48, 12, 24, 12, 0, 36, 24, 36, 24, 132, 84, 36, 96, 72, 96, 84, 96, 72, 72, 72, 252, 132, 204, 216, 204, 264, 312, 420, 432, 396, 552, 588, 540, 468, 516, 420, 528, 492, 492, 396, 456, 372, 300, 432, 372, 456, 348, 348, 456, 276, 228, 384, 216, 276, 228, 312, 204, 204, 180, 168, 168, 168, 228, 276, 252, 204, 276, 252, 240, 240, 144, 288, 288, 144, 324, 288, 216, 204, 192, 276, 204, 240, 252, 204, 204, 192, 240, 264, 276, 336, 276, 240, 288, 252, 288, 228, 228, 288, 180, 216, 288, 324, 156, 168, 156, 420, 324, 288, 168, 312, 264, 204, 228, 216, 324, 300, 240, 300, 192, 240, 264, 264, 180, 192, 240, 204, 396, 264, 276, 252, 240, 252, 192, 264, 348, 240, 144, 144, 240, 264, 396, 180, 312, 300, 348, 288, 336, 252, 300, 276, 348, 192, 324, 264, 240, 240, 264, 336, 312, 336, 228, 204, 180, 252, 276, 372, 180, 204, 312, 372, 264, 216, 264, 288, 216, 216, 252, 264, 288, 252, 276, 192, 300, 264, 168, 132, 180, 156, 240, 216, 156, 180, 180, 168, 120, 60, 144, 72, 120, 168, 96, 156, 108, 144, 108, 60, 120, 48, 96, 132, 168, 108, 60, 96, 48, 48, 60, 48, 120, 84, 60, 24, 72, 72, 96, 96]",44.5038321864309,11.3491339958475,16743,16744.0
3.54 3.33 7 1,"[96, 72, 132, 108, 132, 96, 108, 84, 96, 72, 12, 48, 60, 24, 36, 24, 36, 12, 84, 84, 84, 48, 48, 60, 24, 36, 84, 0, 48, 36, 12, 0, 0, 12, 24, 24, 36, 0, 0, 12, 24, 24, 12, 24, 12, 0, 12, 0, 12, 0, 0, 36, 24, 0, 36, 0, 36, 12, 24, 12, 0, 24, 84, 36, 36, 0, 12, 24, 84, 36, 24, 48, 24, 60, 84, 36, 84, 84, 156, 132, 96, 216, 192, 192, 216, 204, 312, 288, 444, 276, 456, 396, 468, 432, 540, 492, 396, 408, 420, 336, 264, 432, 360, 348, 216, 348, 336, 336, 396, 300, 360, 348, 384, 168, 300, 324, 252, 300, 348, 348, 324, 336, 408, 240, 360, 372, 192, 312, 384, 372, 264, 276, 324, 300, 348, 360, 348, 300, 264, 288, 276, 360, 276, 264, 324, 408, 264, 360, 288, 312, 276, 360, 264, 324, 336, 264, 336, 360, 456, 408, 360, 384, 264, 300, 396, 456, 300, 300, 372, 336, 348, 384, 384, 204, 384, 372, 300, 456, 348, 276, 312, 300, 384, 360, 396, 408, 360, 384, 396, 300, 348, 408, 240, 300, 324, 408, 552, 384, 336, 444, 396, 444, 360, 456, 396, 444, 396, 360, 468, 384, 468, 444, 408, 348, 420, 360, 408, 312, 324, 552, 528, 456, 480, 372, 264, 384, 324, 348, 276, 456, 336, 252, 348, 420, 396, 240, 276, 396, 252, 336, 276, 348, 228, 252, 312, 348, 216, 300, 204, 252, 240, 228, 216, 168, 264, 132, 264, 132, 96, 108, 192, 84, 84, 180, 204, 168, 204, 216, 180, 180, 144, 180, 168, 192, 168, 72, 108, 168, 180, 84, 180, 36, 96, 144, 168, 60, 132, 168]",44.502954297571,11.3509310151717,15198,10330.0
3.54 3.33 8 1,"[228, 240, 408, 264, 384, 228, 288, 192, 240, 204, 276, 144, 264, 84, 180, 156, 108, 156, 228, 168, 168, 120, 144, 132, 108, 156, 120, 72, 96, 108, 84, 108, 24, 48, 72, 72, 24, 84, 120, 120, 48, 48, 48, 60, 96, 48, 36, 96, 60, 36, 48, 60, 84, 72, 120, 144, 48, 108, 96, 108, 120, 144, 252, 168, 168, 120, 108, 108, 156, 144, 132, 120, 168, 156, 168, 120, 264, 192, 420, 204, 204, 288, 264, 360, 360, 264, 540, 552, 588, 540, 612, 792, 900, 984, 768, 996, 648, 816, 780, 768, 876, 912, 1008, 1092, 876, 852, 900, 780, 1032, 756, 660, 624, 864, 564, 588, 696, 780, 816, 720, 660, 852, 624, 756, 600, 828, 792, 612, 492, 732, 600, 732, 696, 492, 672, 780, 600, 756, 864, 612, 492, 780, 744, 588, 756, 708, 840, 624, 876, 708, 636, 780, 804, 744, 648, 744, 564, 612, 756, 948, 720, 840, 672, 528, 828, 768, 612, 636, 684, 720, 912, 828, 756, 912, 744, 684, 840, 924, 720, 636, 636, 720, 768, 828, 720, 1080, 684, 636, 624, 984, 780, 744, 624, 540, 744, 684, 756, 972, 1068, 864, 936, 768, 708, 684, 936, 756, 984, 948, 936, 744, 792, 756, 828, 936, 636, 972, 792, 792, 744, 792, 792, 948, 996, 756, 840, 1044, 828, 888, 936, 708, 912, 672, 924, 780, 720, 636, 780, 660, 924, 600, 804, 924, 816, 720, 732, 756, 972, 816, 708, 528, 624, 684, 540, 468, 672, 420, 348, 504, 444, 528, 372, 468, 420, 492, 396, 528, 372, 432, 540, 456, 588, 468, 420, 648, 408, 396, 324, 384, 492, 336, 468, 444, 408, 528, 216, 420, 444, 336, 348]",44.5029340213656,11.3509146910634,15198,10330.0
3.59 0.127 2 1,"[0, 0, 48, 0, 36, 0, 60, 36, 0, 0, 12, 12, 0, 0, 0, 24, 48, 0, 0, 12, 0, 12, 12, 12, 0, 0, 0, 0, 0, 0, 0, 0, 0, 0, 0, 0, 0, 0, 0, 0, 0, 0, 0, 0, 0, 0, 0, 0, 0, 0, 0, 0, 0, 0, 0, 0, 12, 12, 0, 12, 0, 0, 0, 0, 0, 0, 0, 12, 12, 12, 0, 12, 24, 12, 24, 12, 48, 24, 0, 48, 24, 36, 72, 36, 36, 168, 72, 120, 120, 96, 156, 240, 144, 240, 216, 252, 240, 204, 204, 168, 216, 156, 144, 180, 276, 156, 216, 96, 180, 144, 120, 60, 84, 36, 84, 96, 72, 48, 60, 120, 156, 48, 60, 48, 96, 48, 48, 36, 72, 60, 72, 96, 24, 24, 96, 60, 120, 132, 60, 36, 96, 84, 24, 96, 60, 72, 96, 48, 60, 84, 96, 108, 132, 84, 96, 120, 84, 108, 132, 60, 96, 168, 72, 96, 120, 84, 168, 96, 132, 60, 84, 120, 60, 132, 48, 72, 60, 156, 72, 120, 120, 60, 96, 108, 132, 120, 96, 24, 72, 24, 72, 48, 84, 96, 108, 156, 108, 120, 108, 72, 60, 96, 120, 84, 48, 168, 96, 120, 120, 168, 168, 204, 144, 192, 156, 240, 72, 156, 132, 180, 144, 24, 60, 132, 72, 84, 84, 120, 72, 132, 168, 120, 60, 96, 72, 84, 120, 120, 144, 108, 96, 108, 96, 48, 72, 96, 96, 72, 24, 72, 36, 48, 36, 24, 48, 24, 48, 36, 12, 60, 36, 24, 48, 60, 36, 48, 24, 24, 12, 12, 24, 24, 12, 12, 12, 12, 0, 12, 0, 12, 0, 12, 0, 60, 36, 12, 36, 12]",44.508214040658,11.3376907889743,17680,17770.0
3.59 0.127 8 1,"[48, 60, 72, 60, 120, 84, 48, 48, 48, 36, 48, 84, 24, 48, 12, 24, 12, 60, 24, 24, 12, 12, 60, 36, 48, 36, 24, 12, 24, 0, 12, 0, 24, 0, 24, 0, 24, 36, 24, 12, 0, 0, 24, 12, 24, 12, 24, 12, 0, 24, 24, 60, 24, 36, 12, 60, 72, 48, 48, 12, 48, 36, 84, 48, 48, 24, 72, 120, 108, 72, 36, 72, 108, 84, 108, 72, 180, 120, 120, 288, 168, 276, 168, 336, 204, 324, 468, 408, 540, 456, 552, 456, 648, 600, 564, 444, 528, 564, 504, 432, 384, 552, 552, 504, 576, 552, 516, 492, 480, 468, 372, 492, 468, 396, 444, 432, 432, 480, 360, 480, 396, 432, 420, 444, 564, 372, 444, 384, 384, 576, 456, 432, 432, 516, 312, 252, 324, 360, 312, 420, 372, 324, 324, 288, 396, 372, 492, 504, 492, 396, 492, 396, 480, 408, 384, 432, 516, 372, 360, 600, 456, 492, 408, 492, 312, 456, 360, 432, 408, 408, 552, 528, 360, 408, 576, 408, 480, 480, 420, 456, 492, 456, 492, 312, 312, 336, 480, 396, 492, 528, 504, 552, 456, 492, 624, 612, 468, 600, 612, 528, 492, 516, 540, 432, 504, 612, 396, 372, 744, 540, 480, 576, 480, 684, 600, 564, 588, 516, 636, 504, 576, 480, 504, 540, 492, 468, 480, 648, 528, 420, 528, 480, 528, 492, 540, 420, 492, 432, 480, 528, 576, 468, 360, 432, 372, 456, 444, 360, 348, 336, 264, 276, 288, 360, 324, 348, 252, 336, 156, 264, 288, 192, 252, 264, 228, 192, 252, 216, 120, 204, 180, 156, 192, 72, 144, 228, 132, 96, 264, 216, 108, 132, 264, 156, 144, 84, 168, 132]",44.5080073889109,11.3377493153562,14531,17891.0
3.59 3.4 4 1,"[12, 12, 12, 48, 0, 12, 0, 0, 48, 24, 12, 12, 0, 12, 0, 36, 12, 0, 12, 0, 24, 0, 12, 0, 12, 0, 0, 0, 0, 0, 12, 0, 0, 0, 0, 0, 0, 12, 12, 0, 0, 12, 24, 0, 12, 0, 0, 0, 24, 12, 0, 0, 12, 0, 12, 24, 0, 0, 0, 12, 12, 12, 0, 0, 12, 12, 0, 24, 12, 12, 0, 0, 24, 12, 0, 48, 60, 48, 72, 24, 72, 72, 72, 48, 132, 108, 132, 108, 168, 204, 120, 156, 240, 240, 252, 180, 360, 216, 180, 192, 108, 156, 156, 156, 168, 216, 108, 144, 120, 204, 168, 156, 96, 156, 204, 108, 132, 84, 108, 180, 156, 216, 228, 72, 180, 192, 132, 120, 252, 168, 132, 144, 132, 180, 132, 216, 192, 144, 180, 168, 216, 204, 192, 120, 144, 48, 144, 132, 156, 168, 228, 204, 204, 216, 156, 108, 180, 120, 288, 228, 144, 180, 108, 204, 216, 180, 180, 108, 84, 192, 228, 240, 132, 120, 156, 96, 204, 204, 192, 228, 204, 120, 108, 228, 216, 144, 228, 84, 168, 168, 204, 216, 192, 204, 252, 216, 216, 180, 228, 264, 264, 300, 144, 168, 168, 228, 228, 192, 228, 192, 240, 264, 240, 156, 216, 228, 156, 192, 192, 156, 228, 204, 240, 156, 120, 168, 156, 192, 192, 216, 156, 156, 192, 204, 168, 132, 144, 84, 180, 156, 108, 108, 132, 204, 72, 48, 168, 180, 60, 72, 60, 120, 12, 36, 96, 72, 60, 168, 72, 96, 36, 60, 36, 60, 24, 24, 24, 48, 48, 48, 24, 48, 36, 24, 12, 60, 24, 24, 48, 36, 0, 0, 60, 48, 60, 0, 0, 12]",44.5091496517365,11.3297499459114,14532,10156.0
3.59 3.4 4 2,"[96, 96, 132, 60, 72, 24, 72, 24, 72, 36, 60, 60, 36, 48, 12, 96, 60, 36, 36, 24, 24, 24, 48, 72, 36, 48, 24, 0, 0, 12, 24, 12, 12, 24, 48, 24, 24, 12, 0, 24, 0, 24, 24, 12, 12, 12, 12, 0, 12, 0, 0, 12, 24, 24, 24, 36, 0, 12, 24, 36, 24, 24, 12, 24, 72, 12, 36, 36, 60, 72, 60, 36, 72, 84, 108, 72, 120, 72, 144, 156, 120, 156, 168, 60, 264, 192, 252, 168, 360, 372, 420, 432, 408, 540, 588, 612, 588, 492, 480, 576, 480, 396, 360, 408, 576, 480, 468, 456, 420, 468, 348, 288, 348, 408, 348, 336, 252, 372, 288, 528, 336, 360, 276, 312, 396, 348, 372, 504, 372, 456, 372, 360, 336, 396, 300, 456, 396, 300, 396, 360, 336, 384, 312, 432, 384, 240, 408, 276, 372, 360, 444, 408, 396, 384, 396, 372, 300, 348, 504, 420, 264, 348, 240, 456, 480, 456, 396, 372, 348, 468, 432, 360, 300, 336, 324, 252, 360, 456, 372, 372, 384, 216, 408, 564, 348, 420, 384, 312, 300, 336, 444, 288, 312, 504, 384, 456, 336, 528, 384, 348, 396, 504, 360, 360, 288, 468, 492, 444, 384, 516, 432, 588, 384, 468, 360, 324, 420, 456, 276, 396, 456, 444, 444, 276, 360, 516, 420, 432, 552, 420, 300, 336, 420, 396, 396, 288, 336, 384, 300, 360, 216, 252, 288, 312, 288, 228, 396, 264, 144, 216, 216, 276, 108, 144, 180, 252, 120, 252, 228, 180, 132, 180, 144, 156, 144, 264, 132, 180, 144, 132, 204, 144, 216, 96, 60, 192, 108, 192, 240, 84, 84, 144, 144, 84, 156, 72, 60, 48]",44.5081188491682,11.337470059811,14531,17891.0
3.59 3.4 7 1,"[36, 84, 108, 96, 48, 36, 84, 24, 84, 36, 60, 36, 60, 24, 36, 84, 48, 36, 24, 24, 24, 12, 36, 72, 60, 36, 36, 0, 0, 12, 12, 0, 12, 36, 24, 24, 0, 24, 12, 12, 0, 36, 24, 24, 12, 0, 36, 0, 12, 12, 0, 12, 24, 12, 24, 12, 0, 12, 48, 24, 12, 36, 12, 24, 60, 48, 24, 36, 48, 36, 60, 12, 36, 72, 60, 84, 96, 120, 156, 108, 120, 108, 156, 84, 264, 180, 180, 156, 312, 288, 240, 384, 336, 336, 300, 336, 372, 360, 336, 372, 276, 348, 348, 276, 360, 276, 312, 300, 372, 336, 264, 360, 264, 336, 288, 276, 264, 312, 216, 360, 252, 372, 300, 228, 360, 348, 324, 264, 324, 336, 372, 288, 264, 384, 348, 264, 252, 288, 300, 336, 252, 360, 276, 384, 456, 252, 324, 264, 312, 372, 384, 372, 384, 312, 264, 336, 324, 240, 456, 180, 276, 348, 192, 276, 432, 360, 348, 324, 336, 288, 288, 240, 264, 228, 336, 276, 264, 300, 288, 360, 288, 192, 324, 456, 408, 192, 384, 276, 360, 336, 396, 336, 348, 336, 372, 420, 288, 348, 240, 324, 264, 396, 312, 324, 300, 288, 360, 324, 348, 360, 324, 384, 324, 456, 288, 324, 408, 360, 252, 276, 228, 288, 408, 252, 300, 384, 396, 372, 360, 408, 192, 360, 348, 396, 312, 324, 228, 336, 192, 300, 264, 288, 228, 288, 324, 192, 384, 324, 156, 216, 192, 288, 108, 156, 180, 240, 108, 240, 216, 216, 156, 180, 168, 192, 144, 228, 132, 156, 204, 168, 192, 132, 216, 108, 108, 216, 108, 180, 168, 96, 120, 156, 132, 132, 168, 84, 60, 60]",44.5091291375504,11.3297407233953,10156,14532.0
3.68 0.127 4 1,"[0, 0, 0, 0, 0, 12, 0, 0, 0, 0, 12, 0, 0, 0, 0, 0, 0, 0, 0, 0, 0, 0, 0, 0, 0, 0, 12, 0, 0, 0, 0, 0, 0, 0, 0, 0, 0, 0, 0, 0, 0, 0, 0, 0, 0, 12, 0, 0, 0, 12, 0, 0, 0, 0, 0, 0, 0, 12, 0, 0, 0, 0, 0, 0, 0, 12, 24, 0, 48, 12, 0, 0, 24, 0, 24, 0, 12, 24, 12, 36, 48, 36, 24, 12, 72, 96, 24, 144, 120, 204, 132, 180, 264, 228, 144, 180, 240, 192, 204, 264, 252, 132, 144, 228, 276, 180, 288, 96, 84, 84, 60, 60, 24, 120, 72, 36, 60, 60, 72, 24, 24, 36, 36, 48, 48, 48, 36, 36, 36, 72, 12, 24, 48, 36, 36, 48, 48, 12, 24, 12, 36, 96, 36, 36, 48, 60, 24, 36, 12, 48, 60, 12, 48, 84, 12, 72, 60, 48, 60, 72, 36, 24, 12, 48, 72, 72, 60, 48, 72, 60, 96, 12, 12, 24, 96, 36, 24, 36, 36, 72, 24, 36, 24, 36, 12, 24, 24, 36, 96, 24, 72, 84, 24, 48, 60, 72, 84, 24, 72, 36, 48, 48, 72, 72, 72, 48, 36, 60, 84, 84, 24, 48, 84, 24, 96, 84, 48, 48, 84, 60, 48, 48, 48, 48, 60, 60, 36, 36, 84, 72, 36, 48, 12, 60, 0, 60, 24, 36, 72, 12, 24, 24, 24, 12, 36, 12, 24, 12, 24, 24, 12, 24, 12, 12, 0, 12, 12, 48, 36, 12, 0, 0, 12, 12, 0, 0, 36, 24, 12, 12, 0, 12, 24, 12, 0, 12, 0, 0, 0, 12, 12, 12, 12, 0, 0, 0, 0, 0]",44.5115521573534,11.3843865026421,15789,10614.0
3.68 3.36 6 1,"[144, 72, 60, 96, 60, 120, 96, 84, 60, 12, 84, 84, 24, 24, 84, 60, 24, 108, 48, 72, 72, 60, 36, 36, 24, 24, 84, 84, 36, 24, 60, 12, 12, 0, 0, 12, 12, 24, 36, 36, 12, 12, 24, 12, 12, 36, 48, 0, 12, 24, 48, 36, 12, 24, 48, 0, 72, 36, 84, 24, 60, 12, 48, 24, 84, 108, 12, 120, 60, 96, 84, 60, 84, 72, 60, 144, 96, 108, 180, 156, 108, 264, 216, 168, 312, 228, 264, 216, 312, 264, 360, 396, 312, 504, 372, 744, 696, 600, 660, 480, 576, 468, 504, 576, 504, 468, 696, 768, 348, 648, 552, 492, 588, 348, 396, 600, 600, 624, 660, 504, 552, 612, 552, 612, 720, 708, 564, 552, 492, 360, 600, 432, 600, 540, 624, 600, 636, 552, 528, 504, 480, 564, 468, 576, 348, 528, 576, 420, 492, 540, 432, 672, 552, 408, 516, 780, 384, 576, 564, 684, 516, 648, 384, 540, 468, 624, 468, 456, 480, 516, 564, 552, 612, 516, 600, 588, 420, 708, 672, 576, 540, 720, 408, 528, 648, 588, 516, 516, 492, 552, 660, 552, 624, 648, 696, 648, 600, 660, 744, 636, 612, 780, 612, 756, 756, 648, 480, 648, 600, 708, 600, 720, 624, 684, 660, 588, 660, 672, 612, 636, 708, 672, 600, 600, 552, 492, 504, 648, 504, 492, 612, 576, 384, 444, 552, 504, 372, 396, 468, 504, 348, 492, 360, 288, 396, 348, 372, 384, 276, 288, 312, 216, 240, 276, 216, 168, 108, 192, 156, 180, 120, 228, 120, 132, 204, 108, 168, 204, 180, 216, 168, 276, 144, 156, 156, 108, 180, 108, 144, 132, 108, 120, 168, 252, 84, 120, 48, 180]",44.5115119632077,11.3844966594673,10614,10878.0
3.68 3.37 2 1,"[144, 48, 120, 24, 60, 24, 24, 120, 36, 72, 24, 36, 72, 96, 36, 36, 48, 24, 12, 12, 60, 0, 48, 48, 60, 36, 24, 0, 36, 12, 0, 24, 0, 12, 48, 0, 24, 0, 12, 24, 12, 12, 12, 24, 0, 24, 36, 36, 36, 48, 60, 24, 12, 12, 24, 72, 24, 72, 24, 24, 60, 60, 84, 96, 72, 84, 144, 132, 132, 132, 168, 132, 144, 132, 96, 204, 216, 204, 228, 240, 288, 264, 144, 444, 228, 324, 468, 360, 516, 468, 612, 528, 612, 528, 516, 576, 708, 540, 576, 420, 576, 744, 660, 588, 564, 408, 696, 612, 396, 708, 492, 576, 444, 684, 540, 624, 564, 480, 636, 732, 372, 564, 468, 576, 564, 564, 312, 480, 492, 396, 516, 504, 360, 696, 612, 540, 564, 456, 504, 552, 516, 528, 492, 384, 456, 600, 492, 708, 516, 312, 708, 696, 540, 564, 588, 636, 492, 372, 492, 408, 552, 372, 540, 384, 408, 312, 480, 372, 492, 492, 396, 480, 108, 216, 444, 516, 444, 708, 432, 444, 708, 588, 588, 588, 408, 540, 588, 444, 468, 636, 480, 624, 444, 780, 576, 552, 660, 576, 612, 576, 816, 636, 576, 768, 576, 708, 672, 888, 624, 744, 672, 780, 960, 864, 720, 816, 672, 768, 720, 684, 756, 840, 720, 648, 576, 660, 780, 600, 540, 600, 492, 348, 516, 576, 408, 444, 528, 444, 552, 456, 384, 480, 504, 432, 312, 300, 216, 300, 264, 288, 312, 252, 240, 168, 300, 168, 216, 144, 228, 192, 192, 240, 144, 144, 156, 108, 132, 180, 144, 144, 132, 144, 204, 144, 180, 84, 108, 144, 84, 180, 216, 120, 120, 84, 180, 120, 108, 120]",44.5113885078349,11.3842592039465,10614,10878.0
3.81 0.127 6 1,"[336, 372, 432, 300, 192, 276, 324, 300, 144, 324, 396, 264, 300, 120, 156, 120, 108, 168, 216, 168, 180, 120, 204, 144, 180, 240, 144, 132, 96, 168, 72, 84, 108, 60, 60, 240, 12, 24, 96, 108, 180, 120, 108, 36, 60, 108, 48, 96, 72, 60, 36, 72, 180, 96, 204, 216, 96, 132, 144, 84, 144, 276, 300, 192, 288, 264, 408, 408, 336, 540, 300, 372, 288, 396, 312, 348, 600, 576, 516, 636, 540, 636, 648, 792, 660, 876, 1032, 1068, 1044, 1152, 1356, 1404, 1068, 1344, 1296, 1212, 1344, 1248, 1212, 1356, 1140, 1272, 1044, 876, 1620, 1224, 1404, 1356, 1200, 1320, 1236, 1248, 1008, 1044, 1140, 1296, 1140, 1284, 1188, 1104, 1008, 936, 1404, 1164, 1008, 1524, 1032, 1188, 1164, 1236, 1068, 1128, 1188, 1440, 1200, 1224, 1248, 1116, 1380, 1380, 1572, 1296, 1284, 1392, 1200, 1584, 1416, 1380, 1404, 1200, 1128, 1560, 1260, 1344, 1692, 1104, 1176, 1368, 1536, 1500, 1428, 1380, 1308, 1500, 1236, 1284, 1344, 1464, 1212, 1392, 1320, 1452, 1476, 1548, 1488, 1080, 1212, 1260, 1356, 1044, 1524, 1068, 1632, 1200, 1488, 1272, 1368, 1404, 1608, 1476, 1032, 1500, 1392, 1308, 1380, 1368, 1596, 1308, 1128, 1212, 1488, 1332, 1320, 840, 1080, 1188, 1260, 1284, 1128, 1320, 1236, 1440, 1152, 1284, 1044, 1140, 1068, 1008, 1272, 1416, 1332, 1152, 1008, 1404, 1440, 996, 1080, 1308, 1104, 1212, 1212, 1440, 1212, 1128, 1464, 1056, 1284, 936, 900, 984, 1176, 1056, 996, 1104, 984, 996, 1104, 876, 588, 840, 756, 708, 780, 732, 480, -1, -1, 660, 660, 648, 648, 492, 516, 528, 852, 552, 576, 540, 516, 648, 624, 384, 360, 360, -1, -1, -1, -1, 480, 864, 468, 660, 648, 792, 444, 432, 564, 456]",44.5246248014692,11.3304868658938,17230,8939.0
3.81 3.64 2 1,"[72, 204, 228, 120, 228, 180, 192, 192, 168, 120, 168, 60, 120, 96, 96, 132, 144, 84, 144, 84, 144, 132, 84, 12, 24, 72, 24, 60, 48, 36, 12, 12, 36, 12, 24, 36, 24, 0, 12, 48, 24, 48, 48, 48, 12, 48, 0, 48, 48, 24, 48, 60, 48, 24, 24, 36, 96, 84, 120, 108, 36, 84, 156, 120, 108, 156, 168, 132, 132, 180, 180, 144, 144, 180, 180, 168, 240, 180, 324, 312, 540, 504, 504, 564, 360, 312, 468, 684, 576, 684, 672, 672, 744, 756, 540, 708, 840, 732, 624, 840, 852, 888, 672, 624, 900, 912, 804, 636, 864, 768, 744, 768, 744, 684, 600, 636, 816, 612, 624, 468, 804, 660, 792, 744, 600, 528, 612, 624, 696, 600, 684, 564, 732, 732, 648, 576, 732, 540, 648, 516, 600, 708, 600, 504, 504, 432, 408, 600, 636, 636, 732, 636, 768, 600, 684, 588, 468, 552, 492, 540, 828, 624, 552, 696, 756, 768, 732, 468, 480, 588, 852, 636, 612, 600, 672, 600, 696, 840, 720, 444, 672, 636, 756, 708, 480, 612, 624, 732, 540, 744, 660, 624, 468, 756, 648, 720, 816, 684, 636, 780, 804, 660, 792, 600, 816, 696, 840, 648, 780, 552, 912, 888, 780, 900, 852, 636, 816, 672, 684, 804, 756, 732, 816, 792, 660, 660, 468, 552, 804, 828, 744, 636, 648, 540, 600, 624, 528, 576, 468, 720, 612, 528, 588, 528, 360, 480, 504, 576, 564, 504, 408, 324, 252, 336, 372, 528, 336, 204, 324, 360, 312, 288, 276, 264, 204, 204, 288, 192, 336, 348, 144, 264, 144, 252, 240, 420, 288, 276, 216, 240, 276, 264, 240, 168, 216, 168, 204, 276]",,,,
3.84 0.127 2 1,"[60, 96, 48, 60, 48, 60, 72, 60, 36, 48, 36, 48, 36, 12, 0, 24, 48, 0, 36, 48, 72, 72, 36, 24, 36, 48, 24, 24, 0, 0, 24, 0, 36, 36, 12, 0, 12, 24, 0, 36, 0, 12, 12, 12, 12, 12, 24, 12, 12, 0, 24, 36, 12, 36, 0, 0, 12, 12, 24, 12, 84, 24, 12, 24, 24, 84, 36, 36, 72, 36, 24, 60, 36, 72, 84, 96, 108, 72, 156, 204, 72, 132, 156, 108, 240, 276, 240, 408, 408, 396, 492, 576, 468, 456, 456, 468, 444, 396, 480, 516, 492, 576, 552, 576, 528, 492, 672, 564, 540, 492, 504, 516, 444, 384, 408, 408, 432, 564, 624, 312, 348, 348, 420, 540, 324, 384, 384, 312, 276, 516, 408, 372, 408, 408, 456, 408, 564, 516, 336, 504, 408, 408, 504, 492, 360, 432, 480, 468, 456, 360, 468, 384, 492, 504, 636, 516, 468, 444, 528, 384, 444, 408, 336, 432, 600, 468, 348, 480, 540, 540, 420, 624, 456, 432, 432, 492, 504, 456, 348, 348, 456, 432, 492, 444, 408, 360, 456, 384, 480, 408, 408, 300, 372, 408, 480, 408, 324, 552, 408, 576, 492, 648, 612, 708, 564, 720, 648, 540, 588, 480, 576, 636, 828, 684, 588, 516, 564, 588, 576, 600, 540, 552, 720, 480, 564, 468, 516, 504, 456, 456, 468, 480, 480, 528, 516, 456, 540, 480, 408, 348, 240, 396, 432, 372, 324, 372, 312, 300, 276, 312, 264, 204, 252, 300, 216, 204, 156, 180, 180, 240, 144, 168, 144, 180, 72, 156, 216, 216, 144, 168, 168, 156, 168, 156, 168, 120, 84, 240, 60, 144, 144, 168, 96, 96, 216, 120, 60, 84]",44.5165841969636,11.3422539680973,10673,10419.0
3.84 0.127 4 1,"[60, 36, 60, 60, 84, 72, 12, 48, 36, 12, 24, 24, 36, 48, 12, 0, 12, 36, 12, 24, 36, 12, 24, 60, 36, 0, 12, 24, 12, 24, 12, 24, 12, 0, 0, 0, 24, 24, 0, 0, 0, 24, 0, 0, 0, 0, 36, 12, 12, 12, 12, 0, 24, 24, 0, 0, 0, 24, 48, 24, 12, 36, 12, 84, 60, 12, 48, 60, 24, 36, 48, 84, 24, 48, 60, 120, 24, 36, 144, 144, 156, 72, 132, 144, 132, 204, 144, 192, 192, 288, 324, 348, 444, 300, 444, 384, 276, 336, 408, 444, 336, 432, 396, 360, 420, 324, 432, 408, 372, 276, 312, 324, 276, 432, 288, 336, 216, 324, 288, 228, 312, 324, 276, 252, 252, 228, 348, 336, 144, 312, 228, 384, 252, 216, 324, 264, 348, 264, 300, 372, 312, 312, 300, 168, 276, 312, 252, 264, 276, 312, 252, 252, 432, 300, 348, 468, 348, 312, 480, 312, 264, 348, 324, 444, 372, 300, 288, 312, 156, 420, 408, 252, 300, 216, 348, 240, 348, 336, 288, 276, 312, 252, 228, 252, 288, 312, 372, 348, 276, 384, 228, 288, 264, 276, 336, 384, 396, 168, 348, 336, 312, 372, 480, 504, 396, 336, 432, 420, 384, 396, 372, 288, 288, 444, 372, 264, 276, 468, 456, 408, 312, 192, 324, 384, 348, 144, 360, 384, 348, 300, 348, 300, 240, 336, 204, 240, 312, 252, 300, 288, 156, 192, 192, 240, 192, 180, 180, 192, 240, 192, 192, 156, 204, 132, 96, 108, 168, 132, 96, 156, 144, 132, 120, 84, 108, 36, 108, 96, 36, 108, 132, 60, 96, 60, 84, 36, 60, 60, 132, 108, 144, 132, 120, 132, 84, 96, 96, 144]",44.5168387757699,11.3419300258894,10673,13771.0
3.84 0.127 6 1,"[48, 48, 108, 120, 72, 120, 60, 48, 48, 60, 72, 12, 24, 24, 24, 48, 36, 48, 72, 36, 84, 48, 36, 24, 12, 36, 60, 12, 24, 24, 0, 36, 0, 12, 0, 36, 24, 36, 12, 24, 12, 36, 24, 0, 24, 24, 0, 24, 0, 24, 36, 24, 24, 12, 12, 24, 24, 24, 36, 24, 36, 60, 108, 36, 72, 48, 96, 72, 96, 72, 144, 132, 84, 96, 96, 132, 180, 144, 252, 180, 264, 240, 216, 408, 300, 420, 372, 456, 696, 768, 612, 672, 660, 888, 696, 660, 924, 912, 588, 624, 768, 636, 732, 720, 576, 768, 696, 648, 552, 684, 684, 552, 516, 492, 600, 420, 684, 732, 564, 444, 600, 636, 696, 624, 528, 792, 684, 624, 624, 516, 648, 516, 684, 600, 636, 468, 504, 444, 456, 648, 492, 792, 624, 576, 552, 780, 540, 672, 792, 768, 780, 720, 744, 744, 684, 444, 600, 672, 564, 636, 768, 480, 516, 600, 540, 696, 480, 828, 492, 504, 696, 684, 552, 612, 684, 492, 456, 672, 600, 504, 564, 588, 588, 456, 588, 540, 708, 720, 684, 528, 708, 504, 696, 696, 696, 576, 588, 672, 576, 636, 684, 804, 720, 696, 708, 564, 492, 600, 876, 756, 420, 780, 756, 648, 696, 648, 504, 612, 684, 732, 708, 912, 648, 492, 708, 636, 516, 624, 504, 468, 720, 516, 540, 588, 552, 444, 576, 552, 492, 552, 468, 468, 576, 540, 420, 492, 324, 408, 384, 324, 312, 372, 192, 300, 288, 300, 276, 324, 300, 228, 156, 240, 300, 180, 180, 216, 156, 144, 156, 228, 216, 168, 156, 168, 204, 132, 132, 144, 108, 168, 156, 156, 180, 168, 144, 156, 120, 120]",44.5169638843635,11.3421980259275,10673,10675.0
3.85 3.28 2 1,"[456, 552, 360, 456, 360, 372, 300, 300, 348, 348, 408, 408, 300, 300, 276, 312, 348, 348, 312, 204, 216, 300, 252, 132, 108, 96, 60, 96, 120, 72, 60, 36, 12, 48, 24, 48, 24, 36, 120, 36, 60, 72, 60, 60, 24, 84, 60, 144, 72, 72, 84, 36, 132, 156, 108, 48, 120, 120, 156, 108, 180, 108, 204, 216, 216, 216, 252, 204, 324, 336, 396, 384, 300, 360, 480, 408, 492, 636, 600, 684, 684, 732, 612, 840, 816, 960, 840, 1248, 1056, 1584, 1428, 1620, 1848, 1608, 1356, 2040, 1464, 1464, 1524, 1416, 1488, 1536, 1920, 1776, 2268, 1548, 1416, 1884, 1524, 1596, 1308, 1524, 1320, 1260, 1296, 1296, 1140, 1152, 1008, 1140, 1248, 1296, 1200, 1032, 1332, 1272, 1116, 1392, 1452, 1284, 1248, 1032, 1104, 1104, 1260, 1296, 1116, 1368, 1080, 1128, 1116, 1260, 1200, 1056, 1248, 948, 1188, 1356, 1452, 1368, 1188, 1488, 1332, 1272, 1188, 1152, 1404, 1380, 1416, 1320, 1308, 1452, 1260, 1188, 1272, 1212, 1224, 1320, 1368, 1140, 1164, 996, 1308, 1608, 1356, 1320, 1488, 1404, 1536, 1188, 1392, 1416, 1236, 1260, 1212, 1572, 1080, 1440, 1308, 1116, 1272, 1248, 1416, 1284, 1368, 1488, 1440, 1668, 1440, 1464, 1344, 1356, 1692, 1644, 1740, 1584, 1524, 2052, 1764, 1812, 1632, 1488, 1620, 1752, 1812, 1896, 1788, 1296, 1488, 1620, 1572, 1560, 1536, 1620, 1464, 1524, 1368, 1200, 1188, 1356, 1236, 1344, 1116, 1164, 1152, 1104, 1212, 972, 1044, 1416, 1332, 972, 1200, 1128, 1188, 1068, 948, 960, 948, 708, 816, 708, 588, 876, 768, 852, 828, 636, 840, 696, 816, 852, 840, 492, 696, 600, 528, 672, 744, 828, 480, 612, 480, 624, 516, 528, 468, 612, 588, 468, 552, 468, 444, 348, 456, 396, 384, 432]",,,,
3.86 3.28 8 1,"[0, 0, 0, 0, 0, 0, 0, 0, 0, 0, 0, 0, 0, 0, 0, 0, 0, 0, 0, 0, 0, 0, 0, 0, 0, 0, 0, 0, 0, 0, 0, 0, 0, 0, 0, 0, 0, 0, 0, 0, 0, 0, 0, 0, 0, 0, 0, 0, 0, 0, 0, 0, 0, 0, 0, 0, 0, 0, 0, 0, 0, 0, 0, 0, 0, 0, 0, 0, 0, 0, 0, 0, 0, 0, 0, 0, 0, 0, 0, 0, 0, 0, 0, 0, 0, 0, 0, 0, 0, 0, 0, 0, 0, 0, 0, 0, 0, 0, 0, 0, 0, 0, 0, 0, 0, 0, 0, 0, 0, 0, 0, 0, 0, 0, 0, 0, 0, 0, 0, 0, 0, 0, 0, 0, 0, 0, 0, 0, 0, 0, 0, 0, 0, 0, 0, 0, 0, 0, 0, 0, 0, 0, 0, 0, 0, 0, 0, 0, 0, 0, 0, 0, 0, 0, 0, 0, 0, 0, 0, 0, 0, 0, 0, 0, 0, 0, 0, 0, 0, 0, 0, 0, 0, 0, 0, 0, 0, 0, 0, 0, 0, 0, 0, 0, 0, 0, 0, 0, 0, 0, 0, 0, 0, 0, 0, 0, 0, 0, 0, 0, 0, 0, 0, 0, 0, 0, 0, 0, 0, 0, 0, 0, 0, 0, 0, 0, 0, 0, 0, 0, 0, 0, 0, 0, 0, 0, 0, 0, 0, 0, 0, 0, 0, 0, 0, 0, 0, 0, 0, 0, 0, 0, 0, 0, 0, 0, 0, 0, 0, 0, 0, 0, 0, 0, 0, 0, 0, 0, 0, 0, 0, 0, 0, 0, 0, 0, 0, 0, 0, 0, 0, 0, 0, 0, 0, 0, 0, 0, 0, 0, 0, 0, 0, 0, 0, 0, 0, 0]",,,,
3.86 3.28 8 2,"[12, 0, 24, 12, 36, 24, 0, 24, 12, 12, 24, 24, 12, 0, 24, 24, 24, 0, 0, 0, 12, 36, 12, 12, 24, 0, 24, 24, 0, 0, 0, 0, 0, 12, 0, 0, 0, 12, 0, 0, 12, 0, 0, 0, 12, 0, 12, 12, 0, 0, 0, 0, 0, 0, 24, 0, 0, 0, 24, 24, 12, 12, 48, 36, 36, 24, 24, 84, 48, 36, 24, 96, 36, 24, 24, 48, 108, 60, 36, 120, 84, 72, 132, 144, 108, 132, 84, 120, 156, 204, 132, 240, 252, 240, 240, 276, 288, 240, 168, 216, 108, 144, 276, 240, 252, 300, 240, 192, 192, 120, 228, 144, 156, 192, 120, 156, 168, 168, 132, 192, 108, 156, 276, 96, 168, 132, 144, 204, 180, 144, 120, 144, 120, 96, 132, 216, 144, 180, 144, 132, 72, 156, 216, 132, 132, 252, 132, 192, 108, 120, 216, 180, 120, 204, 168, 144, 228, 216, 132, 168, 168, 180, 108, 204, 216, 180, 144, 132, 216, 156, 168, 180, 156, 144, 168, 96, 168, 192, 156, 180, 108, 156, 204, 132, 240, 180, 84, 204, 180, 180, 120, 192, 264, 120, 144, 228, 156, 192, 144, 204, 252, 204, 192, 168, 228, 156, 168, 144, 204, 132, 228, 252, 156, 192, 192, 180, 192, 156, 204, 228, 276, 264, 252, 156, 204, 204, 144, 180, 192, 144, 108, 264, 228, 168, 192, 120, 204, 96, 84, 84, 216, 156, 180, 156, 72, 144, 156, 108, 156, 120, 132, 96, 144, 84, 84, 84, 96, 132, 96, 108, 84, 36, 84, 96, 24, 0, 96, 60, 48, 60, 36, 72, 72, 60, 96, 24, 36, 60, 48, 24, 24, 60, 24, 84, 48, 48, 24, 24]",44.5184871281721,11.3564467678008,10776,10767.0
3.87 3.32 8 1,"[120, 60, 84, 96, 12, 48, 72, 60, 144, 72, 12, 24, 0, 24, 36, 12, 0, 60, 24, 12, 36, 12, 24, 36, 36, 12, 12, 60, 0, 12, 12, 12, 0, 0, 0, 12, 12, 24, 12, 12, 0, 12, 0, 24, 0, 0, 0, 0, 12, 0, 0, 0, 0, 0, 12, 36, 12, 12, 0, 24, 24, 12, 24, 24, 48, 24, 48, 108, 36, 48, 24, 0, 12, 84, 24, 12, 60, 36, 60, 48, 72, 144, 132, 96, 72, 72, 120, 216, 108, 240, 432, 528, 324, 480, 540, 516, 420, 444, 240, 300, 252, 324, 360, 336, 432, 372, 384, 312, 348, 420, 312, 348, 420, 336, 324, 312, 324, 336, 240, 264, 336, 372, 384, 240, 324, 204, 180, 300, 240, 360, 336, 288, 336, 276, 336, 264, 240, 336, 240, 276, 312, 288, 300, 396, 336, 336, 252, 348, 264, 312, 300, 264, 252, 324, 216, 240, 324, 468, 468, 264, 276, 408, 252, 384, 372, 264, 300, 348, 360, 348, 372, 324, 336, 336, 300, 348, 384, 288, 348, 348, 384, 420, 432, 468, 288, 384, 444, 468, 348, 348, 396, 444, 252, 408, 444, 444, 660, 432, 408, 492, 360, 384, 588, 288, 396, 492, 516, 420, 456, 432, 552, 420, 432, 324, 516, 372, 396, 600, 624, 528, 480, 480, 468, 480, 492, 420, 444, 408, 492, 456, 480, 528, 396, 312, 372, 324, 348, 252, 396, 468, 288, 456, 276, 288, 384, 420, 396, 384, 312, 312, 312, 132, 264, 360, 240, 288, 240, 264, 264, 36, 132, 108, 156, 144, 120, 108, 96, 216, 180, 108, 168, 240, 84, 132, 168, 132, 132, 144, 144, 60, 108, 12, 60, 96, 24, 108, 156, 120]",,,,
3.88 0.127 2 1,"[240, 132, 276, 132, 156, 192, 108, 60, 24, 60, 144, 72, 72, 144, 132, 72, 96, 60, 132, 48, 0, 24, 108, 48, 12, 72, 60, 96, 0, 24, 24, 0, 36, 24, 48, 24, 24, 36, 24, 0, 12, 12, 0, 24, 24, 12, 36, 36, 12, 24, 12, 0, 12, 12, 24, 48, 48, 36, 60, 48, 108, 12, 84, 108, 84, 180, 108, 132, 132, 132, 144, 132, 168, 300, 204, 204, 276, 240, 180, 312, 240, 420, 420, 444, 684, 588, 864, 756, 840, 1380, 1224, 1224, 1440, 1860, 2040, 1500, 1224, 1212, 1248, 1008, 1368, 588, 552, 1236, 1308, 1200, 1320, 1296, 984, 1056, 996, 1128, 984, 672, 732, 720, 756, 660, 660, 552, 564, 672, 576, 792, 792, 420, 732, 744, 588, 708, 456, 648, 744, 768, 516, 564, 672, 648, 480, 732, 636, 672, 528, 516, 504, 600, 552, 576, 684, 480, 708, 780, 816, 840, 936, 996, 816, 732, 696, 624, 576, 588, 540, 696, 876, 756, 684, 888, 744, 648, 756, 708, 648, 660, 624, 708, 744, 648, 720, 612, 732, 588, 720, 732, 588, 648, 588, 756, 564, 960, 816, 708, 840, 600, 768, 828, 660, 600, 600, 780, 660, 840, 804, 612, 624, 792, 960, 1020, 948, 984, 828, 840, 888, 912, 984, 864, 804, 744, 924, 936, 528, 324, 564, 864, 804, 960, 792, 708, 864, 492, 600, 720, 684, 600, 648, 612, 588, 588, 732, 660, 528, 492, 504, 432, 420, 528, 432, 456, 504, 420, 456, 324, 444, 312, 384, 300, 324, 480, 240, 324, 228, 276, 264, 312, 336, 156, 288, 180, 240, 228, 216, 180, 204, 300, 180, 216, 240, 192, 180, 168, 108, 216, 264, 96, 204, 192, 180, 192]",44.5093721506423,11.3698251607554,15108,17048.0
3.88 0.127 6 1,"[132, 228, 144, 168, 192, 132, 132, 72, 108, 96, 156, 132, 108, 48, 144, 96, 120, 24, 0, 36, 84, 60, 120, 72, 24, 72, 48, 12, 288, 0, 0, 0, 0, 0, 0, 0, 0, 0, 0, 60, 132, 36, 12, 36, 12, 60, 0, 0, 0, 0, 0, 0, 0, 0, 0, 0, 120, 60, 48, 144, 36, 120, 48, 132, 144, 228, 60, 84, 132, 168, 108, 0, 0, 0, 0, 0, 0, 228, 336, 276, 204, 348, 324, 396, 564, 552, 552, 600, 708, 756, 924, 840, 804, 816, 648, 828, 900, 840, 1008, 756, 876, 636, 660, 984, 732, 588, 828, 636, 720, 504, 588, 492, 600, 456, 564, 348, 624, 624, 504, 540, 684, 528, 540, 528, 492, 372, 384, 516, 600, 552, 540, 360, 468, 540, 420, 468, 492, 552, 444, 588, 444, 624, 288, 516, 516, 636, 432, 624, 336, 456, 420, 540, 528, 600, 432, 552, 564, 792, 816, 876, 588, 588, 600, 636, 648, 624, 612, 480, 564, 792, 732, 660, 540, 696, 672, 540, 768, 696, 612, 528, 720, 516, 516, 444, 612, 516, 576, 420, 552, 516, 432, 552, 468, 696, 468, 744, 684, 696, 660, 744, 552, 744, 852, 516, 624, 672, 696, 528, 312, 528, 672, 672, 888, 528, 732, 684, 552, 300, 0, 0, 0, 672, 696, 624, 780, 816, 864, 732, 588, 720, 420, 852, 624, 588, 756, 660, 636, 720, 504, 528, 636, 0, 0, 0, 0, 0, 0, 0, 0, 0, 348, 648, 384, 444, 408, 432, 444, 216, 324, 528, 312, 492, 480, 456, 468, 588, 420, 456, 492, 456, 264, 300, 348, 408, 300, 336, 384, 324, 252, 300, 348, 372, 324, 336, 552, 204, 288, 144]",44.5099736480314,11.3705385747359,15108,13181.0
3.88 3.96 6 1,"[156, 240, 144, 156, 132, 120, 96, 156, 204, 72, 144, 96, 96, 48, 132, 96, 96, 72, 96, 72, 72, 60, 84, 72, 24, 36, 48, 0, 24, 36, 36, 24, 96, 36, 24, 60, 36, 12, 12, 48, 84, 36, 12, 24, 12, 36, 36, 0, 48, 24, 36, 12, 36, 84, 108, 84, 96, 48, 36, 96, 36, 108, 36, 96, 108, 216, 60, 96, 120, 156, 132, 132, 204, 168, 180, 192, 240, 324, 348, 312, 312, 336, 408, 444, 624, 600, 612, 672, 912, 828, 1032, 1008, 948, 1044, 1308, 1236, 1272, 1164, 1452, 1056, 936, 900, 900, 1164, 876, 768, 948, 876, 864, 612, 768, 648, 696, 624, 648, 408, 708, 744, 528, 708, 660, 660, 684, 564, 552, 516, 612, 696, 696, 696, 588, 528, 564, 696, 588, 612, 564, 612, 504, 600, 504, 648, 324, 552, 624, 780, 564, 780, 396, 600, 504, 684, 684, 924, 660, 624, 720, 1104, 1176, 1140, 792, 756, 792, 756, 864, 912, 660, 672, 888, 1020, 1068, 912, 828, 1020, 1008, 696, 888, 984, 828, 576, 1056, 744, 624, 792, 828, 756, 804, 648, 828, 708, 708, 792, 852, 936, 888, 1152, 900, 960, 1008, 1008, 936, 1008, 1140, 948, 900, 876, 1044, 816, 1200, 996, 792, 792, 1116, 756, 900, 900, 672, 864, 1188, 900, 972, 1116, 936, 804, 888, 900, 1044, 984, 672, 744, 504, 888, 720, 672, 924, 816, 792, 888, 636, 708, 696, 684, 696, 780, 552, 504, 636, 648, 468, 504, 528, 648, 396, 444, 360, 492, 504, 192, 300, 528, 360, 516, 576, 444, 468, 504, 396, 384, 504, 456, 252, 264, 324, 324, 240, 312, 384, 240, 240, 252, 276, 324, 252, 276, 372, 180, 264, 144]",44.5117433897768,11.3720758677697,15108,13181.0
3.91 3.31 4 1,"[168, 204, 156, 84, 108, 156, 96, 96, 24, 24, 60, 48, 48, 108, 72, 72, 72, 48, 120, 36, 12, 24, 60, 60, 24, 36, 60, 96, 12, 24, 24, 0, 24, 12, 24, 24, 36, 36, 0, 0, 12, 12, 0, 24, 12, 12, 24, 24, 12, 12, 12, 0, 12, 12, 24, 36, 60, 36, 60, 48, 72, 24, 84, 60, 48, 132, 60, 108, 84, 96, 84, 96, 96, 216, 204, 180, 192, 240, 168, 180, 204, 264, 288, 348, 444, 396, 564, 552, 600, 1032, 900, 864, 1080, 960, 1128, 1212, 1332, 1140, 876, 780, 948, 612, 456, 864, 984, 1020, 888, 840, 720, 624, 636, 840, 612, 588, 588, 612, 636, 540, 444, 420, 420, 588, 480, 504, 588, 384, 588, 468, 552, 564, 396, 336, 648, 540, 384, 420, 528, 540, 408, 504, 588, 444, 504, 300, 396, 516, 480, 468, 480, 240, 384, 492, 576, 480, 576, 432, 540, 876, 552, 444, 432, 480, 540, 504, 552, 576, 432, 528, 444, 696, 612, 612, 504, 276, 216, 564, 636, 504, 552, 408, 540, 492, 588, 648, 492, 552, 456, 480, 468, 780, 720, 492, 696, 528, 708, 588, 624, 576, 516, 600, 624, 636, 636, 456, 456, 660, 732, 648, 684, 648, 792, 600, 612, 780, 624, 648, 624, 696, 624, 636, 768, 612, 672, 684, 696, 660, 444, 648, 600, 324, 420, 456, 480, 528, 432, 528, 396, 504, 456, 444, 444, 312, 372, 408, 348, 420, 312, 264, 408, 336, 312, 228, 288, 252, 324, 216, 252, 348, 132, 264, 168, 180, 180, 192, 144, 132, 228, 156, 192, 180, 204, 156, 204, 228, 96, 192, 156, 156, 180, 120, 96, 156, 156, 120, 144, 156, 180, 132]",44.5074405486193,11.364133058346,17518,16625.0
3.92 0.127 6 1,"[276, 228, 180, 180, 216, 156, 204, 120, 168, 252, 120, 300, 204, 132, 180, 216, 132, 108, 120, 144, 156, 156, 132, 144, 168, 132, 144, 96, 108, 96, 60, 96, 132, 108, 120, 84, 144, 72, 108, 60, 132, 60, 48, 72, 24, 96, 60, 132, 96, 84, 36, 60, 48, 72, 84, 144, 144, 84, 96, 156, 84, 84, 132, 180, 192, 132, 228, 276, 156, 216, 216, 216, 132, 120, 156, 132, 180, 144, 168, 276, 204, 348, 396, 420, 480, 420, 336, 432, 492, 492, 480, 468, 588, 432, 852, 852, 636, 768, 960, 732, 552, 708, 732, 660, 720, 636, 528, 684, 408, 552, 504, 540, 420, 576, 492, 528, 396, 564, 528, 612, 480, 528, 576, 492, 420, 528, 540, 408, 756, 456, 468, 576, 588, 444, 624, 540, 528, 408, 504, 564, 732, 504, 612, 528, 396, 492, 516, 564, 516, 468, 696, 648, 588, 576, 792, 588, 540, 780, 648, 660, 576, 528, 696, 612, 444, 528, 504, 516, 516, 516, 564, 732, 588, 696, 636, 768, 840, 540, 588, 456, 516, 696, 588, 624, 720, 684, 552, 576, 636, 624, 528, 684, 804, 684, 528, 768, 768, 684, 864, 648, 756, 828, 732, 588, 804, 780, 900, 864, 984, 696, 792, 756, 744, 756, 672, 924, 576, 708, 804, 972, 612, 780, 828, 708, 684, 732, 732, 756, 564, 588, 420, 504, 564, 492, 660, 504, 588, 612, 420, 240, 528, 348, 420, 372, 516, 312, 288, 300, 204, 264, 276, 216, 192, 252, 216, 204, 216, 144, 204, 228, 168, 252, 228, 252, 264, 144, 192, 132, 180, 228, 192, 216, 144, 132, 144, 180, 168, 168, 216, 84, 276, 240, 156, 216, 216, 168, 180, 276]",44.5178710176016,11.3897182625634,15791,16904.0
3.92 3.93 2 1,"[168, 96, 84, 132, 120, 96, 96, 72, 60, 72, 24, 72, 96, 120, 120, 36, 84, 48, 72, 120, 60, 72, 132, 24, 60, 12, 48, 72, 36, 72, 84, 60, 108, 36, 72, 96, 84, 60, 12, 60, 120, 24, 72, 84, 60, 108, 108, 132, 96, 60, 96, 108, 72, 96, 48, 48, 156, 108, 168, 96, 72, 132, 204, 156, 252, 192, 156, 324, 288, 216, 264, 216, 240, 396, 360, 240, 408, 360, 324, 456, 396, 480, 588, 636, 744, 888, 636, 744, 888, 1092, 996, 1104, 1380, 1056, 1236, 1260, 1020, 1044, 1212, 1260, 1200, 1008, 1356, 1008, 1164, 1080, 1116, 900, 552, 948, 756, 780, 720, 516, 504, 768, 708, 576, 660, 528, 600, 624, 492, 708, 696, 732, 564, 636, 648, 612, 420, 684, 528, 528, 600, 720, 684, 648, 492, 672, 684, 420, 576, 516, 540, 636, 516, 528, 528, 708, 636, 588, 864, 840, 672, 828, 552, 768, 480, 516, 540, 684, 684, 564, 840, 648, 588, 552, 660, 780, 732, 540, 576, 528, 876, 852, 732, 504, 612, 564, 552, 732, 612, 672, 684, 708, 468, 648, 840, 708, 492, 780, 636, 660, 708, 864, 660, 600, 864, 684, 948, 828, 876, 732, 816, 1044, 1176, 1056, 864, 948, 828, 972, 936, 876, 864, 900, 804, 780, 1080, 852, 828, 756, 888, 672, 828, 720, 552, 768, 648, 660, 516, 732, 564, 768, 624, 480, 552, 504, 516, 444, 408, 360, 516, 384, 552, 276, 336, 456, 360, 360, 252, 312, 372, 456, 276, 372, 288, 156, 264, 204, 336, 96, 336, 108, 204, 204, 264, 192, 348, 228, 204, 204, 156, 96, 204, 192, 264, 156, 108, 156, 252, 264, 264, 84, 144, 180, 228, 108]",44.5181881428068,11.3889916308214,15791,15789.0
3.93 3.92 6 1,"[228, 276, 180, 192, 192, 132, 216, 156, 180, 204, 156, 276, 192, 144, 168, 204, 132, 108, 132, 120, 168, 156, 132, 144, 180, 120, 132, 108, 108, 120, 60, 132, 108, 96, 144, 120, 108, 36, 108, 48, 132, 36, 48, 60, 36, 72, 108, 120, 120, 48, 60, 48, 72, 60, 120, 120, 108, 96, 108, 144, 84, 84, 132, 144, 180, 132, 228, 228, 132, 276, 288, 228, 120, 96, 240, 96, 192, 180, 204, 324, 288, 348, 420, 384, 564, 372, 420, 528, 516, 444, 552, 492, 648, 456, 996, 696, 708, 816, 816, 744, 684, 648, 672, 672, 684, 576, 552, 612, 504, 480, 492, 576, 444, 504, 348, 492, 420, 540, 552, 636, 444, 384, 540, 432, 444, 456, 468, 372, 744, 444, 564, 384, 492, 480, 576, 492, 384, 588, 516, 468, 588, 660, 396, 456, 420, 552, 456, 552, 408, 516, 672, 684, 480, 768, 564, 480, 672, 696, 660, 780, 528, 564, 684, 564, 468, 576, 540, 444, 516, 504, 636, 756, 660, 684, 588, 768, 792, 612, 480, 564, 552, 696, 528, 528, 684, 660, 540, 528, 684, 636, 564, 660, 840, 636, 552, 804, 768, 768, 732, 576, 852, 660, 696, 636, 684, 756, 852, 792, 660, 816, 672, 744, 480, 792, 648, 696, 600, 564, 768, 780, 576, 708, 696, 708, 756, 612, 720, 696, 540, 540, 312, 528, 540, 504, 624, 552, 528, 552, 372, 300, 468, 336, 504, 336, 492, 252, 324, 264, 264, 228, 336, 168, 252, 228, 252, 180, 264, 72, 228, 180, 204, 264, 228, 312, 192, 180, 168, 216, 228, 216, 192, 168, 216, 156, 192, 168, 180, 228, 144, 120, 288, 216, 144, 192, 264, 204, 156, 288]",44.5181795793784,11.3823269343402,15789,15791.0
3.94 3.34 8 2,"[48, 36, 24, 96, 48, 48, 24, 12, 72, 0, 12, 0, 0, 0, 12, 12, 48, 12, 12, 24, 0, 0, 12, 12, 12, 36, 12, 0, 0, 0, 12, 12, 12, 0, 12, 24, 0, 0, 12, 12, 12, 12, 12, 12, 12, 12, 12, 36, 0, 0, 0, 12, 12, 12, 0, 12, 36, 0, 12, 0, 12, 48, 0, 24, 0, 12, 48, 24, 36, 0, 12, 12, 48, 24, 36, 12, 48, 48, 96, 84, 36, 36, 48, 60, 156, 108, 48, 216, 144, 216, 228, 288, 180, 120, 300, 276, 312, 276, 396, 324, 216, 372, 312, 300, 228, 204, 252, 312, 276, 240, 300, 324, 216, 204, 264, 216, 312, 228, 192, 264, 216, 252, 252, 204, 252, 216, 264, 168, 192, 192, 180, 204, 120, 276, 312, 348, 240, 168, 252, 324, 228, 252, 276, 216, 312, 348, 288, 240, 324, 276, 156, 360, 264, 264, 252, 360, 288, 372, 384, 312, 276, 252, 180, 360, 444, 456, 288, 240, 252, 336, 264, 312, 228, 228, 180, 396, 324, 360, 192, 288, 252, 324, 276, 300, 276, 360, 276, 252, 288, 396, 204, 336, 288, 264, 240, 396, 360, 276, 360, 432, 336, 384, 300, 456, 384, 408, 420, 444, 300, 372, 360, 396, 576, 576, 552, 432, 348, 324, 504, 276, 480, 384, 288, 444, 324, 324, 252, 396, 216, 288, 300, 204, 144, 192, 288, 144, 288, 204, 264, 204, 252, 192, 252, 192, 132, 132, 180, 96, 240, 120, 120, 96, 84, 60, 96, 84, 72, 108, 72, 48, 108, 60, 84, 144, 84, 84, 84, 60, 84, 36, 48, 84, 36, 72, 60, 72, 72, 48, 84, 108, 36, 72, 60, 156, 36, 48, 84, 72]",44.5369587875597,11.3510748153169,11056,11057.0
3.96 3.88 2 1,"[288, 300, 252, 216, 240, 192, 204, 84, 24, 96, 192, 168, 96, 144, 180, 96, 168, 96, 120, 84, 12, 132, 108, 48, 24, 96, 48, 120, 0, 48, 24, 24, 84, 24, 48, 24, 36, 48, 24, 36, 36, 12, 12, 24, 12, 36, 12, 36, 36, 36, 36, 72, 48, 24, 24, 36, 60, 60, 72, 72, 72, 48, 72, 132, 144, 144, 132, 156, 132, 132, 144, 168, 288, 252, 204, 216, 252, 288, 336, 348, 288, 444, 408, 684, 744, 732, 936, 804, 1140, 1152, 1680, 1440, 1740, 2160, 1956, 1596, 1512, 1380, 1308, 1164, 1368, 1296, 1512, 1380, 1416, 1236, 1512, 1260, 1104, 1116, 1056, 1272, 864, 912, 672, 852, 948, 828, 648, 720, 684, 792, 624, 756, 864, 540, 756, 816, 768, 588, 504, 708, 876, 780, 696, 624, 840, 792, 504, 792, 840, 612, 828, 684, 660, 732, 732, 744, 780, 684, 864, 1008, 1044, 972, 972, 1152, 852, 888, 792, 732, 816, 732, 636, 852, 1116, 888, 840, 876, 900, 852, 888, 936, 804, 840, 864, 936, 960, 828, 816, 612, 756, 720, 840, 768, 768, 924, 792, 936, 720, 1176, 1020, 828, 852, 708, 756, 1032, 768, 696, 744, 816, 840, 936, 1128, 804, 852, 1164, 1356, 1140, 1248, 1200, 1056, 1152, 1104, 1068, 1320, 1164, 1032, 1044, 1224, 1332, 1164, 912, 1068, 1140, 1128, 1164, 972, 996, 1116, 696, 864, 804, 792, 1020, 888, 840, 660, 696, 792, 780, 804, 600, 612, 648, 648, 684, 636, 612, 552, 540, 564, 588, 480, 564, 600, 564, 468, 552, 384, 528, 432, 480, 480, 336, 408, 384, 396, 336, 396, 408, 312, 216, 300, 336, 312, 348, 372, 288, 276, 192, 168, 372, 300, 156, 288, 312, 276, 348]",44.5116456284622,11.3718400059909,13181,15108.0
4.1 4.1 2 1,"[156, 96, 144, 144, 84, 60, 96, 108, 12, 24, 48, 24, 36, 36, 60, 24, 48, 24, 96, 24, 0, 36, 12, 48, 0, 48, 84, 12, 72, 24, 36, 12, 48, 12, 12, 0, 36, 12, 0, 24, 36, 60, 12, 0, 60, 24, 48, 48, 48, 72, 48, 24, 12, 24, 24, 72, 36, 48, 72, 60, 84, 36, 120, 72, 108, 180, 192, 192, 156, 144, 132, 132, 204, 360, 300, 168, 264, 240, 360, 336, 396, 468, 252, 408, 468, 540, 600, 576, 612, 552, 588, 768, 768, 744, 720, 756, 636, 708, 708, 780, 636, 612, 696, 804, 552, 744, 660, 672, 600, 468, 528, 552, 576, 408, 672, 528, 348, 600, 576, 612, 504, 480, 564, 444, 384, 516, 516, 540, 456, 612, 540, 684, 588, 588, 468, 624, 576, 588, 576, 648, 432, 708, 552, 576, 492, 600, 636, 588, 624, 564, 576, 576, 636, 588, 588, 444, 432, 624, 648, 408, 360, 564, 504, 444, 504, 432, 600, 492, 432, 480, 456, 636, 684, 516, 612, 708, 636, 564, 600, 660, 516, 492, 552, 552, 636, 696, 348, 504, 648, 564, 624, 600, 528, 504, 588, 732, 696, 612, 588, 756, 768, 792, 756, 600, 492, 732, 768, 816, 636, 780, 816, 708, 756, 744, 864, 744, 552, 876, 912, 780, 648, 804, 648, 660, 540, 468, 624, 648, 564, 636, 732, 540, 588, 516, 528, 588, 444, 348, 408, 384, 420, 432, 408, 456, 396, 336, 480, 360, 336, 288, 360, 264, 372, 216, 276, 372, 276, 168, 204, 204, 300, 132, 192, 252, 156, 288, 252, 168, 192, 96, 192, 168, 192, 216, 120, 156, 120, 216, 144, 168, 132, 252, 192, 108, 144, 120, 132, 132]",44.4948946981123,11.4012531284328,7014,7020.0
4.1 4.1 6 1,"[132, 108, 156, 96, 120, 60, 132, 72, 60, 84, 84, 84, 48, 24, 72, 48, 24, 48, 84, 24, 36, 36, 48, 12, 24, 48, 0, 24, 60, 60, 12, 36, 48, 12, 48, 0, 24, 48, 12, 24, 24, 36, 96, 24, 36, 24, 24, 36, 36, 96, 96, 48, 84, 36, 36, 48, 36, 96, 36, 36, 24, 48, 60, 96, 60, 108, 108, 84, 84, 204, 180, 168, 132, 96, 96, 216, 132, 144, 336, 360, 252, 312, 408, 324, 396, 288, 468, 408, 492, 540, 456, 492, 768, 552, 672, 708, 588, 612, 696, 768, 720, 648, 732, 720, 648, 600, 732, 720, 768, 624, 516, 564, 684, 516, 492, 624, 660, 576, 540, 468, 588, 612, 516, 648, 504, 504, 528, 456, 636, 456, 624, 552, 552, 624, 720, 684, 624, 576, 660, 552, 744, 528, 516, 468, 492, 744, 636, 552, 612, 672, 444, 612, 420, 660, 624, 756, 528, 492, 552, 696, 612, 600, 576, 552, 612, 516, 720, 684, 552, 684, 612, 696, 552, 636, 588, 612, 636, 672, 588, 564, 648, 552, 732, 600, 564, 660, 540, 624, 492, 684, 552, 552, 540, 732, 636, 528, 576, 516, 624, 528, 672, 744, 708, 696, 852, 516, 696, 660, 636, 528, 648, 624, 636, 564, 588, 480, 564, 480, 516, 720, 576, 528, 708, 444, 504, 396, 624, 468, 564, 552, 600, 372, 648, 720, 432, 660, 612, 540, 456, 636, 516, 600, 576, 408, 324, 516, 564, 456, 420, 372, 360, 360, 384, 360, 336, 264, 252, 396, 168, 252, 168, 216, 156, 252, 228, 228, 216, 216, 168, 96, 132, 216, 276, 132, 192, 84, 168, 204, 96, 168, 192, 180, 192, 144, 108, 204, 180, 156]",44.4945042257202,11.397791697604,7013,17473.0
4.1 4.81 8 1,"[96, 36, 120, 36, 36, 48, 48, 36, 60, 36, 36, 24, 48, 12, 60, 24, 12, 48, 48, 12, 24, 24, 36, 12, 24, 24, 24, 0, 0, 48, 24, 36, 0, 12, 24, 0, 12, 24, 12, 12, 12, 24, 24, 12, 24, 24, 12, 0, 0, 24, 12, 12, 36, 0, 48, 24, 36, 60, 48, 48, 72, 48, 48, 24, 36, 36, 48, 12, 48, 120, 48, 60, 48, 108, 84, 60, 12, 108, 120, 180, 120, 108, 192, 144, 192, 156, 348, 216, 108, 288, 240, 312, 264, 336, 312, 408, 456, 300, 372, 384, 324, 492, 348, 420, 348, 612, 444, 408, 384, 348, 324, 360, 336, 324, 240, 264, 324, 300, 276, 336, 312, 276, 288, 288, 396, 300, 372, 348, 384, 348, 480, 300, 456, 360, 492, 360, 420, 312, 396, 480, 396, 276, 396, 312, 348, 576, 456, 384, 456, 396, 384, 564, 456, 444, 396, 408, 444, 384, 600, 324, 492, 432, 396, 216, 276, 324, 372, 240, 276, 456, 336, 396, 504, 384, 324, 288, 360, 300, 264, 444, 312, 324, 408, 312, 420, 396, 288, 300, 408, 384, 324, 384, 300, 540, 456, 468, 612, 492, 492, 492, 660, 504, 588, 456, 612, 732, 684, 588, 708, 588, 672, 696, 636, 720, 648, 696, 588, 528, 648, 672, 840, 540, 672, 660, 528, 468, 660, 312, 564, 600, 588, 612, 576, 408, 444, 492, 504, 504, 360, 420, 288, 324, 216, 420, 336, 288, 372, 204, 228, 288, 264, 168, 156, 156, 168, 156, 108, 108, 108, 120, 120, 132, 84, 120, 36, 72, 108, 108, 84, 60, 48, 120, 108, 144, 84, 48, 36, 96, 60, 84, 96, 144, 132, 108, 48, 60, 48, 108]",,,,
4.2 4.3 6 1,"[192, 192, 228, 144, 180, 168, 60, 96, 84, 60, 72, 60, 132, 48, 144, 36, 84, 168, 48, 12, 24, 48, 72, 72, 48, 60, 12, 24, 36, 24, 36, 48, 24, 12, 36, 12, 36, 36, 24, 12, 36, 36, 12, 0, 12, 24, 12, 36, 12, 84, 60, 60, 36, 12, 48, 72, 48, 36, 48, 12, 72, 48, 60, 60, 120, 108, 156, 120, 108, 84, 60, 168, 132, 144, 180, 132, 204, 192, 120, 312, 180, 276, 240, 300, 420, 408, 384, 432, 420, 636, 324, 648, 684, 624, 540, 672, 720, 720, 864, 468, 672, 876, 624, 600, 636, 552, 648, 576, 564, 540, 528, 708, 528, 528, 480, 372, 696, 516, 612, 720, 480, 444, 672, 564, 672, 516, 648, 312, 600, 420, 600, 516, 456, 600, 552, 576, 564, 492, 492, 672, 576, 564, 576, 588, 444, 552, 600, 456, 600, 492, 576, 468, 600, 444, 492, 372, 708, 396, 624, 672, 456, 540, 636, 588, 576, 588, 792, 420, 720, 396, 804, 528, 756, 732, 528, 624, 612, 660, 612, 588, 576, 732, 540, 564, 636, 480, 612, 636, 516, 576, 624, 588, 492, 696, 540, 672, 504, 540, 672, 660, 696, 732, 624, 708, 780, 696, 708, 612, 588, 780, 684, 720, 612, 576, 612, 720, 564, 504, 660, 600, 660, 516, 588, 624, 660, 516, 576, 588, 576, 732, 624, 540, 636, 408, 540, 528, 396, 504, 648, 444, 384, 492, 576, 360, 624, 456, 420, 348, 384, 360, 288, 228, 228, 228, 300, 432, 180, 252, 240, 228, 228, 252, 300, 168, 312, 252, 132, 156, 240, 132, 240, 228, 120, 204, 180, 216, 264, 180, 252, 240, 192, 276, 276, 216, 192, 180, 192, 168]",44.4933448926398,11.3841681759424,6952,6977.0
4.2 4.48 2 1,"[228, 252, 216, 372, 180, 312, 144, 168, 120, 132, 204, 48, 108, 72, 120, 156, 48, 48, 108, 108, 24, 96, 72, 24, 0, 12, 48, 36, 0, 12, 48, 12, 12, 36, 36, 36, 24, 36, 12, 24, 48, 24, 12, 12, 36, 24, 60, 36, 24, 24, 60, 36, 12, 12, 48, 0, 60, 96, 36, 72, 48, 60, 120, 96, 144, 144, 192, 192, 180, 132, 108, 180, 216, 396, 432, 300, 444, 468, 360, 456, 420, 420, 492, 480, 768, 612, 612, 696, 636, 744, 660, 708, 720, 708, 516, 600, 612, 480, 732, 696, 684, 516, 600, 672, 732, 636, 672, 792, 564, 696, 648, 552, 564, 564, 720, 672, 528, 768, 516, 588, 660, 540, 600, 540, 576, 564, 648, 444, 636, 588, 612, 564, 624, 564, 660, 564, 588, 756, 600, 720, 468, 672, 504, 744, 708, 636, 720, 804, 624, 672, 672, 792, 672, 864, 804, 756, 636, 492, 588, 720, 552, 672, 720, 660, 840, 540, 672, 696, 444, 540, 696, 588, 504, 672, 624, 756, 540, 636, 564, 708, 576, 564, 672, 624, 516, 576, 708, 552, 540, 576, 504, 516, 540, 528, 612, 576, 768, 720, 636, 660, 636, 672, 756, 852, 672, 648, 708, 756, 864, 744, 708, 576, 852, 708, 708, 648, 804, 696, 624, 828, 828, 732, 696, 660, 744, 876, 744, 948, 768, 708, 840, 888, 672, 588, 852, 744, 672, 804, 612, 648, 720, 696, 756, 768, 720, 780, 624, 624, 600, 540, 624, 516, 504, 432, 312, 492, 480, 528, 396, 336, 360, 252, 300, 324, 300, 192, 420, 288, 348, 396, 288, 192, 240, 228, 228, 336, 276, 312, 240, 276, 336, 276, 276, 288, 204, 180, 228, 144]",44.493397393192,11.3839612377107,6977,16190.0
4.2 4.48 3 1,"[84, 36, 36, 48, 12, 12, 24, 60, 36, 36, 12, 0, 0, 0, 12, 0, 0, 12, 0, 12, 0, 12, 12, 12, 12, 0, 36, 0, 0, 0, 12, 0, 0, 0, 0, 0, 0, 0, 0, 0, 0, 12, 12, 0, 12, 12, 12, 0, 12, 12, 0, 0, 0, 0, 0, 0, 12, 0, 0, 0, 36, 12, 24, 0, 36, 60, 24, 36, 48, 12, 0, 12, 60, 48, 24, 12, 12, 12, 48, 36, 36, 48, 36, 36, 48, 84, 144, 48, 96, 108, 36, 132, 204, 84, 132, 60, 120, 60, 168, 84, 240, 228, 84, 84, 132, 168, 156, 180, 216, 156, 156, 96, 24, 144, 108, 84, 48, 120, 132, 204, 72, 96, 36, 132, 132, 72, 108, 96, 84, 84, 48, 120, 84, 108, 108, 48, 60, 72, 36, 156, 96, 108, 228, 120, 120, 72, 60, 108, 84, 144, 84, 108, 132, 132, 168, 84, 72, 96, 36, 48, 36, 72, 72, 60, 132, 84, 72, 48, 36, 60, 84, 168, 72, 72, 84, 144, 120, 72, 48, 72, 108, 48, 108, 96, 132, 48, 108, 84, 48, 24, 12, 60, 120, 144, 84, 60, 108, 108, 84, 204, 60, 108, 156, 108, 72, 132, 108, 72, 132, 156, 72, 108, 72, 84, 48, 96, 168, 84, 84, 120, 72, 276, 108, 72, 144, 156, 132, 156, 180, 120, 180, 168, 96, 24, 132, 108, 108, 36, 84, 144, 48, 48, 36, 96, 96, 36, 36, 36, 108, 84, 72, 72, 24, 24, 24, 24, 48, 96, 48, 36, 60, 60, 0, 48, 24, 60, 12, 24, 24, 60, 24, 36, 36, 24, 72, 24, 84, 48, 108, 48, 84, 48, 48, 12, 24, 36, 24, 0]",44.4934333365948,11.3839684330797,6977,16190.0
4.3 4.2 2 1,"[348, 336, 348, 408, 324, 288, 216, 264, 192, 180, 192, 72, 156, 120, 240, 168, 108, 72, 156, 132, 36, 108, 108, 120, 12, 36, 96, 48, 36, 36, 12, 24, 108, 60, 36, 36, 72, 12, 0, 48, 84, 48, 12, 12, 48, 24, 60, 36, 108, 36, 84, 36, 36, 36, 60, 48, 60, 156, 48, 156, 120, 96, 228, 168, 168, 252, 240, 324, 216, 156, 192, 324, 336, 576, 504, 480, 696, 564, 444, 624, 492, 636, 612, 816, 936, 852, 780, 792, 1092, 960, 936, 1272, 1224, 1008, 912, 912, 1020, 1032, 1500, 1368, 1236, 840, 1452, 852, 1440, 1308, 1152, 1236, 912, 996, 924, 876, 816, 1032, 948, 1056, 924, 936, 636, 1044, 900, 816, 912, 828, 720, 960, 816, 756, 924, 816, 864, 984, 912, 780, 924, 804, 852, 888, 1152, 780, 768, 1116, 936, 1092, 1008, 900, 1032, 1116, 960, 1092, 1224, 1020, 1020, 1212, 1212, 936, 912, 900, 1020, 1068, 948, 1308, 960, 1080, 996, 900, 888, 1080, 732, 876, 924, 1224, 1032, 1140, 1044, 1164, 1080, 816, 960, 828, 984, 744, 1044, 852, 852, 936, 1068, 840, 780, 900, 912, 912, 948, 840, 936, 1188, 1056, 1188, 960, 1260, 1140, 1104, 1512, 1260, 852, 1140, 1104, 1200, 1380, 1068, 1140, 1116, 1296, 1128, 1308, 1188, 1224, 1152, 1104, 1224, 1188, 1224, 1368, 1320, 1200, 1020, 912, 1176, 1056, 1008, 1416, 1212, 780, 1008, 1068, 1080, 1008, 1128, 936, 1008, 936, 1080, 1080, 972, 1176, 1044, 732, 1044, 936, 1572, 1380, 972, 636, 432, 588, 684, 876, 540, 612, 468, 540, 480, 420, 432, 444, 420, 528, 384, 528, 456, 348, 372, 348, 396, 516, 540, 324, 420, 336, 348, 504, 300, 528, 336, 336, 264, 312, 324]",44.4932769357731,11.3885822096084,6983,6989.0
4.4 4.5 2 1,"[288, 264, 312, 420, 240, 348, 264, 216, 192, 132, 204, 96, 120, 60, 108, 108, 24, 48, 168, 120, 48, 72, 132, 24, 24, 12, 84, 72, 24, 12, 48, 12, 72, 36, 36, 12, 12, 48, 24, 48, 60, 72, 24, 24, 24, 24, 48, 48, 36, 36, 60, 36, 12, 60, 36, 0, 60, 84, 48, 144, 24, 96, 96, 96, 108, 204, 192, 216, 252, 144, 84, 240, 288, 420, 456, 348, 420, 600, 444, 552, 456, 564, 492, 480, 960, 804, 756, 684, 804, 1068, 948, 840, 972, 1068, 912, 924, 1044, 804, 888, 984, 1176, 1032, 1044, 876, 984, 948, 900, 900, 888, 804, 924, 996, 888, 804, 720, 912, 732, 804, 876, 576, 1044, 636, 588, 900, 780, 792, 696, 756, 636, 780, 696, 720, 720, 780, 888, 732, 708, 828, 660, 864, 768, 876, 660, 636, 804, 708, 828, 864, 1080, 852, 684, 1152, 720, 960, 984, 1176, 708, 696, 780, 756, 528, 888, 912, 888, 996, 660, 672, 756, 780, 648, 588, 1020, 612, 792, 756, 840, 888, 804, 852, 624, 876, 696, 804, 780, 876, 804, 708, 780, 648, 660, 624, 576, 624, 804, 780, 948, 792, 912, 888, 792, 912, 924, 792, 1068, 900, 660, 1020, 828, 1020, 588, 1044, 780, 864, 768, 900, 792, 816, 900, 900, 996, 948, 768, 972, 744, 900, 792, 1056, 912, 828, 900, 864, 960, 972, 768, 816, 1020, 720, 828, 816, 888, 588, 912, 840, 888, 828, 960, 792, 648, 708, 660, 624, 732, 600, 492, 396, 420, 564, 528, 564, 300, 528, 300, 360, 408, 396, 228, 432, 372, 360, 504, 552, 324, 336, 276, 324, 384, 360, 420, 264, 396, 468, 408, 276, 300, 240, 168, 312, 192]",44.4932039036254,11.3768098356695,6603,6618.0
4.4 4.48 6 1,"[156, 180, 120, 60, 216, 96, 60, 108, 72, 60, 24, 48, 96, 72, 60, 60, 120, 120, 12, 24, 48, 72, 24, 60, 48, 48, 24, 0, 48, 24, 48, 60, 36, 24, 0, 24, 36, 48, 12, 0, 72, 12, 12, 0, 12, 24, 12, 24, 24, 96, 36, 48, 12, 12, 48, 60, 48, 36, 36, 24, 36, 24, 48, 72, 96, 132, 96, 132, 84, 84, 72, 108, 96, 108, 120, 108, 156, 132, 96, 60, 0, 168, 252, 252, 372, 372, 324, 384, 444, 504, 264, 564, 444, 600, 468, 636, 624, 624, 648, 600, 600, 684, 540, 480, 540, 504, 552, 540, 408, 648, 396, 540, 516, 420, 384, 552, 516, 480, 528, 588, 372, 576, 444, 612, 540, 468, 384, 432, 420, 468, 396, 444, 516, 480, 504, 420, 600, 420, 468, 456, 624, 444, 432, 504, 444, 492, 480, 420, 456, 480, 528, 540, 552, 396, 480, 420, 468, 396, 672, 504, 420, 612, 456, 636, 468, 708, 444, 516, 564, 612, 528, 612, 768, 480, 588, 636, 588, 420, 696, 600, 624, 708, 492, 396, 648, 456, 468, 576, 468, 624, 516, 588, 564, 564, 660, 624, 540, 444, 612, 636, 684, 708, 696, 888, 624, 480, 624, 504, 672, 444, 828, 480, 696, 408, 660, 516, 504, 456, 444, 648, 480, 408, 576, 504, 420, 540, 576, 588, 552, 552, 468, 516, 396, 552, 420, 588, 444, 540, 492, 456, 240, 444, 516, 480, 432, 468, 444, 360, 348, 288, 324, 180, 204, 216, 252, 300, 180, 252, 252, 132, 168, 240, 240, 216, 204, 204, 156, 180, 216, 168, 192, 204, 84, 192, 204, 192, 156, 180, 216, 216, 192, 300, 252, 204, 144, 276, 120, 180]",44.4931719236153,11.3779981308761,6622,16174.0
4.5 4.4 6 1,"[228, 240, 144, 84, 240, 168, 120, 204, 72, 84, 60, 48, 108, 72, 120, 36, 144, 108, 48, 36, 84, 60, 24, 96, 60, 60, 24, 24, 48, 36, 72, 72, 36, 24, 12, 12, 36, 60, 24, 0, 84, 12, 36, 12, 0, 12, 12, 24, 36, 96, 36, 48, 12, 0, 36, 48, 48, 36, 36, 24, 36, 24, 60, 84, 132, 84, 84, 84, 108, 96, 72, 96, 72, 108, 132, 120, 168, 156, 132, 216, 96, 228, 288, 216, 348, 360, 312, 360, 480, 408, 312, 516, 612, 576, 432, 624, 528, 624, 528, 624, 552, 576, 528, 504, 552, 576, 648, 528, 528, 612, 480, 480, 564, 504, 108, 384, 480, 480, 540, 576, 336, 336, 480, 600, 456, 588, 456, 420, 492, 504, 468, 672, 504, 480, 516, 540, 612, 408, 600, 588, 564, 492, 492, 480, 480, 468, 564, 468, 492, 600, 552, 456, 672, 516, 420, 456, 540, 528, 732, 516, 696, 588, 552, 648, 444, 504, 516, 624, 588, 624, 612, 684, 708, 588, 684, 720, 636, 552, 636, 660, 648, 684, 624, 600, 492, 540, 624, 516, 528, 696, 540, 660, 636, 744, 540, 624, 504, 576, 708, 624, 732, 876, 792, 852, 684, 612, 504, 552, 588, 768, 720, 576, 624, 528, 756, 576, 492, 600, 672, 720, 348, 564, 648, 612, 504, 576, 684, 564, 612, 564, 588, 684, 600, 636, 468, 720, 600, 540, 588, 528, 456, 564, 732, 456, 624, 672, 600, 408, 456, 384, 108, 132, 276, 156, 228, 336, 276, 264, 288, 240, 276, 288, 276, 228, 252, 276, 168, 288, 192, 216, 204, 228, 180, 264, 204, 228, 144, 228, 288, 192, 228, 300, 288, 240, 204, 240, 168, 204]",44.4933371712401,11.3744805394914,6555,6619.0
4.5 4.5 3 1,"[216, 228, 228, 372, 204, 180, 180, 192, 48, 120, 108, 84, 72, 72, 84, 84, 36, 12, 132, 84, 60, 60, 36, 36, 60, 12, 60, 36, 36, 36, 36, 24, 72, 12, 48, 12, 24, 48, 12, 12, 48, 48, 60, 24, 24, 0, 48, 36, 84, 24, 24, 36, 24, 12, 36, 12, 24, 96, 36, 24, 48, 36, 96, 96, 108, 84, 168, 204, 216, 120, 108, 156, 156, 408, 348, 360, 288, 516, 408, 276, 384, 396, 480, 408, 504, 636, 552, 540, 660, 600, 660, 660, 696, 576, 648, 684, 672, 648, 516, 636, 684, 624, 672, 756, 480, 660, 696, 612, 648, 684, 660, 756, 816, 528, 492, 660, 744, 516, 660, 612, 576, 552, 552, 468, 576, 540, 480, 660, 348, 444, 552, 612, 492, 588, 552, 660, 696, 552, 636, 720, 468, 600, 684, 468, 624, 588, 588, 576, 708, 612, 612, 648, 588, 552, 636, 708, 588, 444, 564, 660, 540, 648, 504, 636, 564, 588, 420, 444, 516, 420, 552, 504, 588, 528, 612, 624, 564, 612, 480, 624, 468, 564, 624, 492, 444, 684, 492, 516, 528, 432, 468, 480, 372, 576, 324, 528, 588, 492, 444, 444, 636, 564, 504, 672, 660, 588, 576, 756, 612, 636, 492, 564, 528, 612, 660, 528, 468, 480, 528, 552, 804, 648, 660, 720, 504, 720, 552, 720, 576, 624, 612, 612, 768, 684, 480, 660, 492, 468, 780, 576, 480, 552, 756, 684, 672, 504, 636, 600, 444, 528, 360, 516, 516, 384, 276, 468, 360, 432, 600, 360, 360, 336, 300, 300, 300, 228, 384, 384, 216, 252, 408, 360, 192, 300, 264, 216, 276, 252, 216, 252, 192, 384, 132, 192, 228, 156, 204, 132]",44.4933357045931,11.3726579323592,6601,6560.0
4.5 4.5 7 1,"[156, 108, 60, 48, 72, 96, 108, 144, 60, 96, 0, 72, 72, 96, 36, 36, 72, 60, 36, 24, 36, 36, 24, 48, 36, 36, 12, 12, 36, 48, 48, 48, 24, 24, 0, 0, 36, 24, 24, 0, 60, 12, 12, 0, 12, 0, 12, 36, 24, 84, 36, 24, 24, 12, 0, 48, 24, 12, 24, 36, 24, 12, 36, 72, 60, 96, 12, 36, 48, 84, 24, 60, 12, 48, 48, 48, 96, 48, 84, 108, 132, 96, 96, 192, 132, 156, 168, 180, 288, 180, 228, 216, 360, 276, 204, 240, 348, 324, 168, 288, 240, 372, 228, 300, 312, 336, 288, 348, 336, 240, 276, 240, 324, 252, 312, 324, 264, 276, 360, 240, 240, 300, 276, 336, 324, 276, 240, 192, 300, 252, 276, 324, 240, 324, 348, 360, 324, 324, 300, 456, 312, 312, 264, 300, 288, 360, 396, 324, 216, 396, 276, 408, 384, 300, 240, 336, 288, 384, 348, 300, 420, 396, 312, 348, 312, 276, 480, 348, 300, 528, 360, 480, 336, 408, 288, 444, 288, 516, 384, 240, 420, 348, 324, 336, 252, 288, 336, 312, 372, 408, 396, 312, 408, 468, 312, 300, 360, 336, 492, 396, 456, 408, 348, 468, 264, 348, 324, 348, 384, 504, 396, 348, 384, 372, 360, 324, 288, 348, 420, 396, 264, 324, 468, 324, 348, 384, 348, 264, 432, 408, 348, 372, 444, 408, 396, 348, 336, 372, 324, 288, 336, 300, 300, 300, 432, 312, 348, 252, 300, 216, 264, 144, 180, 180, 288, 204, 120, 120, 108, 96, 108, 108, 96, 120, 144, 96, 108, 204, 132, 96, 168, 168, 72, 192, 144, 132, 60, 180, 144, 72, 132, 180, 156, 144, 96, 96, 180, 72]",44.492551360397,11.3663460561285,6575,6572.0
4.5 4.6 2 1,"[96, 240, 276, 360, 216, 132, 204, 96, 84, 108, 84, 84, 72, 48, 60, 132, 36, 24, 108, 84, 72, 60, 36, 36, 48, 12, 60, 36, 24, 12, 48, 36, 60, 12, 36, 12, 24, 48, 0, 12, 48, 60, 24, 36, 24, 0, 60, 24, 72, 24, 24, 24, 12, 36, 36, 12, 36, 72, 48, 36, 48, 48, 96, 96, 96, 96, 132, 192, 228, 108, 108, 144, 168, 384, 324, 360, 216, 516, 312, 276, 372, 372, 396, 384, 516, 624, 516, 456, 684, 600, 672, 636, 708, 588, 636, 552, 684, 648, 480, 504, 672, 600, 684, 684, 504, 612, 600, 540, 588, 624, 576, 720, 648, 516, 468, 612, 696, 516, 576, 564, 516, 444, 504, 420, 504, 492, 396, 588, 372, 372, 540, 528, 540, 564, 468, 480, 564, 588, 672, 564, 444, 600, 612, 456, 528, 612, 516, 576, 588, 600, 576, 600, 528, 384, 672, 576, 540, 468, 492, 576, 528, 588, 420, 660, 528, 576, 324, 384, 528, 432, 432, 420, 516, 468, 492, 588, 672, 612, 504, 528, 492, 552, 456, 540, 420, 528, 504, 468, 492, 444, 372, 528, 348, 468, 432, 420, 492, 504, 468, 324, 564, 540, 420, 588, 588, 504, 540, 576, 552, 564, 528, 504, 492, 456, 576, 492, 420, 444, 420, 552, 636, 516, 600, 684, 588, 660, 468, 540, 492, 576, 504, 636, 564, 588, 420, 552, 612, 384, 684, 564, 324, 528, 648, 636, 516, 480, 552, 528, 504, 396, 372, 444, 468, 288, 312, 360, 324, 336, 504, 324, 324, 276, 348, 288, 300, 192, 420, 348, 216, 252, 360, 372, 228, 252, 276, 252, 276, 204, 216, 276, 156, 396, 132, 204, 192, 168, 120, 144]",44.4928973187092,11.3701308522705,16172,6580.0
4.5 4.6 2 2,"[108, 228, 216, 348, 192, 168, 180, 84, 84, 108, 84, 108, 72, 72, 96, 132, 36, 12, 120, 96, 48, 60, 36, 36, 48, 12, 60, 36, 24, 24, 48, 24, 48, 12, 36, 12, 24, 48, 12, 12, 36, 48, 36, 36, 36, 0, 60, 36, 72, 24, 24, 60, 0, 12, 24, 12, 36, 84, 24, 24, 36, 48, 108, 96, 96, 96, 180, 168, 228, 132, 120, 144, 144, 420, 372, 348, 288, 480, 348, 300, 564, 432, 408, 420, 540, 636, 564, 540, 708, 612, 684, 588, 744, 636, 672, 696, 648, 612, 660, 552, 720, 516, 624, 708, 588, 552, 588, 504, 552, 672, 660, 660, 648, 588, 564, 564, 576, 720, 612, 528, 576, 492, 492, 372, 588, 528, 384, 504, 540, 360, 552, 480, 612, 516, 528, 480, 600, 624, 564, 576, 480, 588, 564, 432, 528, 552, 600, 564, 648, 684, 588, 528, 576, 420, 696, 564, 588, 468, 492, 504, 564, 516, 432, 672, 504, 588, 372, 444, 420, 528, 420, 336, 564, 528, 540, 540, 552, 744, 492, 528, 516, 552, 408, 564, 504, 528, 456, 456, 468, 444, 456, 480, 360, 540, 468, 372, 504, 588, 576, 360, 576, 480, 456, 504, 660, 480, 504, 504, 612, 612, 540, 492, 480, 480, 612, 480, 504, 420, 504, 480, 612, 588, 552, 636, 576, 600, 528, 480, 444, 552, 480, 576, 468, 636, 456, 528, 588, 396, 696, 552, 312, 516, 612, 612, 516, 552, 528, 420, 552, 432, 420, 444, 360, 312, 360, 408, 348, 324, 516, 348, 252, 372, 288, 276, 276, 192, 384, 336, 240, 240, 360, 372, 216, 288, 264, 216, 288, 192, 240, 276, 156, 384, 240, 228, 180, 168, 96, 204]",44.4926304041541,11.3664465460934,6572,6575.0
4.6 0.127 8 1,"[108, 132, 84, 108, 96, 84, 96, 48, 36, 36, 48, 36, 36, 12, 24, 24, 12, 12, 36, 24, 36, 24, 36, 0, 24, 24, 0, 0, 0, 12, 12, 12, 24, 36, 0, 0, 12, 0, 12, 0, 24, 12, 0, 12, 24, 0, 12, 0, 12, 0, 12, 24, 12, 0, 36, 24, 48, 24, 24, 12, 24, 24, 60, 132, 132, 48, 24, 192, 132, 96, 168, 96, 132, 144, 84, 120, 132, 216, 192, 204, 240, 156, 204, 372, 252, 432, 312, 372, 528, 480, 336, 624, 552, 408, 552, 648, 636, 504, 720, 672, 624, 504, 528, 576, 660, 528, 600, 384, 576, 456, 516, 576, 492, 576, 516, 492, 540, 636, 432, 600, 432, 396, 456, 528, 576, 552, 504, 444, 492, 456, 600, 552, 456, 468, 588, 408, 444, 552, 528, 444, 636, 408, 648, 516, 468, 540, 636, 552, 480, 600, 396, 456, 636, 540, 432, 492, 420, 504, 468, 408, 492, 456, 456, 516, 540, 336, 408, 360, 240, 348, 504, 468, 336, 276, 348, 360, 360, 204, 396, 468, 384, 360, 324, 384, 420, 420, 228, 324, 252, 324, 336, 420, 288, 252, 288, 288, 252, 480, 360, 252, 420, 540, 312, 300, 360, 348, 300, 384, 336, 408, 372, 276, 504, 336, 468, 480, 348, 396, 360, 468, 576, 372, 420, 300, 540, 468, 504, 456, 348, 492, 360, 396, 408, 456, 456, 216, 372, 204, 324, 348, 324, 288, 252, 216, 252, 168, 180, 168, 228, 132, 240, 180, 168, 168, 192, 84, 72, 156, 120, 132, 132, 84, 120, 96, 96, 96, 72, 84, 96, 120, 96, 84, 48, 96, 108, 36, 108, 24, 96, 96, 96, 156, 168, 72, 72, 72, 36, 132]",44.4918173619442,11.364663308063,6493,6296.0
4.6 4.5 6 1,"[132, 156, 72, 96, 96, 108, 192, 108, 96, 48, 24, 72, 120, 108, 24, 24, 60, 60, 60, 72, 84, 72, 24, 36, 36, 12, 24, 36, 24, 48, 48, 48, 12, 24, 12, 12, 36, 36, 24, 12, 72, 0, 36, 0, 12, 12, 12, 24, 48, 84, 48, 24, 12, 24, 36, 36, 12, 12, 48, 24, 12, 36, 36, 84, 36, 120, 60, 36, 72, 120, 72, 24, 36, 48, 48, 120, 72, 84, 120, 132, 180, 132, 156, 252, 240, 264, 264, 420, 348, 228, 300, 420, 480, 384, 432, 432, 600, 432, 408, 420, 348, 552, 336, 432, 384, 0, 120, 504, 504, 312, 408, 312, 444, 408, 576, 516, 396, 528, 432, 468, 480, 132, 0, 516, 468, 408, 408, 348, 408, 144, 0, 276, 372, 420, 372, 636, 372, 336, 612, 516, 528, 348, 444, 444, 456, 456, 600, 372, 384, 468, 420, 696, 444, 576, 348, 600, 468, 672, 468, 588, 540, 468, 492, 624, 552, 528, 684, 468, 516, 624, 600, 588, 468, 660, 456, 672, 444, 696, 516, 384, 696, 336, 444, 600, 348, 480, 420, 468, 600, 552, 564, 600, 624, 504, 576, 504, 456, 468, 600, 648, 768, 576, 516, 672, 432, 540, 660, 576, 744, 588, 660, 588, 636, 576, 684, 552, 432, 588, 636, 720, 396, 528, 612, 540, 732, 552, 612, 468, 588, 504, 480, 612, 600, 564, 624, 552, 432, 432, 528, 492, 468, 504, 480, 324, 540, 420, 372, 408, 336, 384, 276, 324, 300, 312, 312, 252, 204, 204, 180, 144, 240, 192, 168, 228, 324, 192, 168, 288, 120, 84, 240, 216, 120, 264, 240, 144, 156, 204, 180, 144, 276, 300, 288, 216, 120, 216, 132, 156]",44.492551360397,11.3663460561285,6575,6572.0
4.6 4.7 4 1,"[12, 84, 132, 132, 108, 36, 120, 72, 36, 96, 12, 60, 24, 48, 12, 24, 12, 36, 36, 12, 96, 24, 96, 24, 12, 24, 24, 12, 12, 0, 24, 48, 0, 12, 0, 48, 0, 12, 0, 0, 0, 12, 0, 12, 48, 0, 0, 36, 12, 36, 0, 0, 0, 0, 24, 0, 24, 12, 48, 12, 12, 48, 12, 24, 48, 12, 12, 48, 72, 120, 24, 12, 72, 108, 84, 48, 120, 180, 108, 156, 96, 120, 228, 444, 276, 432, 396, 492, 480, 708, 852, 780, 1152, 996, 1308, 960, 1008, 756, 984, 1140, 1056, 1152, 972, 684, 948, 780, 924, 576, 804, 1008, 612, 600, 456, 636, 720, 492, 564, 612, 396, 576, 588, 408, 768, 336, 480, 396, 444, 408, 396, 492, 468, 612, 576, 444, 660, 372, 420, 552, 564, 672, 600, 516, 576, 396, 480, 480, 588, 396, 564, 624, 660, 612, 648, 480, 492, 588, 384, 576, 564, 756, 564, 492, 552, 696, 540, 564, 552, 516, 576, 612, 648, 516, 768, 492, 516, 648, 708, 444, 636, 456, 576, 612, 456, 384, 540, 528, 480, 516, 588, 456, 516, 432, 492, 780, 588, 432, 672, 804, 576, 792, 684, 660, 816, 684, 432, 720, 828, 516, 804, 528, 624, 756, 624, 876, 480, 492, 744, 552, 564, 684, 744, 600, 504, 480, 732, 444, 480, 372, 348, 576, 396, 408, 600, 384, 528, 624, 492, 540, 636, 672, 456, 564, 432, 360, 672, 420, 420, 336, 312, 336, 372, 276, 180, 228, 276, 156, 192, 144, 228, 240, 108, 168, 240, 156, 204, 216, 144, 120, 192, 228, 168, 144, 216, 180, 192, 120, 192, 144, 60, 192, 132, 156, 36, 144, 180, 120, 108, 204]",44.4928140792653,11.3659863782663,6575,14955.0
4.6 4.8 2 1,"[96, 240, 336, 324, 288, 240, 288, 72, 156, 156, 156, 144, 180, 24, 48, 168, 48, 72, 120, 108, 84, 72, 48, 48, 84, 60, 48, 96, 84, 72, 48, 48, 96, 24, 24, 48, 24, 48, 24, 36, 48, 36, 36, 36, 60, 60, 48, 48, 72, 60, 36, 48, 0, 36, 84, 36, 36, 96, 108, 84, 120, 36, 96, 96, 108, 144, 192, 264, 252, 204, 168, 264, 264, 504, 588, 432, 480, 456, 576, 396, 624, 456, 528, 528, 708, 780, 804, 816, 1080, 1092, 1224, 1152, 1488, 1152, 1368, 1104, 1284, 1092, 1056, 1308, 1236, 1080, 1320, 1008, 1140, 1044, 1212, 1128, 1140, 1212, 1224, 1128, 1104, 1056, 1092, 948, 1032, 1080, 1128, 996, 972, 1068, 720, 828, 888, 744, 972, 720, 996, 888, 1020, 768, 600, 984, 948, 888, 900, 1020, 864, 600, 1236, 780, 876, 768, 684, 900, 900, 1044, 864, 900, 960, 696, 900, 732, 972, 828, 1080, 900, 804, 912, 996, 1104, 744, 840, 960, 732, 708, 600, 708, 936, 792, 600, 876, 948, 852, 852, 900, 948, 840, 792, 816, 948, 756, 660, 756, 672, 984, 780, 804, 828, 708, 768, 732, 768, 720, 732, 744, 948, 492, 816, 756, 768, 924, 552, 864, 912, 888, 852, 804, 1020, 768, 912, 780, 1164, 1008, 792, 900, 696, 972, 924, 948, 996, 876, 960, 768, 768, 1068, 768, 852, 780, 732, 912, 756, 912, 792, 912, 984, 672, 960, 1140, 864, 792, 768, 888, 792, 816, 900, 552, 732, 804, 624, 468, 492, 456, 624, 588, 552, 456, 528, 504, 492, 444, 336, 372, 420, 288, 468, 444, 348, 336, 492, 576, 480, 300, 396, 312, 456, 372, 336, 360, 468, 588, 444, 324, 360, 228, 180, 228]",44.4922478994202,11.3644681870776,6493,6497.0
4.7 3.45 4 1,"[84, 84, 156, 84, 144, 60, 72, 72, 84, 60, 60, 36, 72, 12, 24, 60, 12, 60, 12, 12, 12, 48, 48, 12, 24, 0, 12, 24, 12, 24, 12, 12, 12, 12, 12, 36, 0, 12, 0, 12, 12, 12, 24, 12, 36, 24, 0, 0, 24, 60, 0, 0, 0, 0, 0, 0, 12, 24, 12, 36, 24, 36, 24, 48, 48, 36, 48, 60, 108, 84, 24, 48, 48, 48, 96, 60, 84, 120, 96, 180, 144, 144, 168, 420, 396, 264, 396, 396, 516, 768, 672, 828, 960, 1020, 960, 912, 936, 852, 900, 804, 936, 948, 1008, 888, 828, 912, 672, 588, 684, 756, 780, 492, 504, 600, 468, 480, 504, 468, 420, 468, 408, 516, 492, 456, 480, 396, 348, 492, 480, 360, 456, 468, 552, 540, 492, 456, 408, 492, 564, 528, 336, 408, 468, 324, 456, 420, 528, 336, 492, 492, 516, 588, 504, 420, 444, 516, 492, 564, 600, 696, 432, 468, 588, 480, 552, 576, 504, 360, 624, 804, 600, 588, 576, 552, 540, 660, 576, 516, 468, 492, 516, 468, 468, 420, 456, 588, 432, 516, 552, 516, 408, 468, 396, 540, 468, 444, 456, 636, 516, 504, 684, 540, 624, 744, 756, 576, 540, 624, 612, 612, 660, 696, 684, 540, 444, 516, 492, 564, 528, 636, 612, 636, 384, 384, 588, 552, 504, 336, 288, 468, 480, 480, 564, 468, 432, 624, 360, 624, 456, 504, 480, 504, 564, 396, 456, 360, 288, 288, 240, 264, 324, 252, 144, 228, 240, 204, 156, 132, 192, 144, 192, 204, 96, 204, 168, 132, 108, 168, 192, 132, 144, 96, 156, 204, 120, 132, 144, 180, 36, 216, 372, 624, 348, 144, 228, 180, 96, 120]",44.4975747924864,11.3656485526299,6550,15539.0
4.7 4.6 8 1,"[108, 108, 12, 60, 48, 48, 84, 24, 12, 12, 48, 48, 48, 24, 36, 24, 24, 24, 36, 48, 84, 24, 12, 0, 48, 0, 12, 0, 24, 0, 36, 24, 0, 12, 0, 12, 12, 12, 0, 0, 12, 24, 0, 0, 12, 0, 24, 0, 24, 0, 12, 0, 0, 24, 0, 12, 24, 12, 12, 0, 36, 24, 36, 24, 72, 60, 48, 108, 36, 84, 36, 72, 48, 60, 108, 120, 180, 72, 72, 168, 120, 96, 132, 120, 144, 216, 312, 324, 264, 276, 468, 432, 348, 504, 432, 468, 576, 576, 612, 300, 480, 336, 384, 444, 468, 432, 432, 312, 432, 432, 360, 516, 480, 408, 372, 288, 324, 360, 360, 348, 384, 276, 252, 408, 324, 276, 288, 300, 384, 360, 372, 444, 324, 312, 300, 312, 444, 336, 276, 348, 336, 300, 300, 276, 396, 276, 384, 336, 360, 264, 336, 372, 432, 336, 324, 324, 408, 504, 384, 384, 324, 384, 348, 384, 360, 276, 276, 336, 456, 384, 360, 276, 216, 276, 264, 408, 360, 276, 276, 384, 252, 276, 252, 276, 312, 360, 336, 216, 300, 324, 372, 300, 288, 336, 360, 204, 456, 444, 276, 504, 468, 468, 300, 444, 432, 432, 408, 408, 468, 468, 444, 540, 552, 528, 432, 480, 480, 504, 588, 432, 552, 432, 564, 468, 348, 612, 552, 360, 372, 408, 396, 372, 432, 384, 240, 348, 264, 396, 240, 336, 360, 408, 312, 264, 228, 168, 180, 228, 252, 216, 156, 132, 228, 204, 96, 168, 168, 108, 108, 156, 144, 48, 252, 216, 108, 84, 60, 108, 144, 108, 108, 84, 120, 144, 36, 36, 120, 96, 84, 60, 216, 324, 72, 132, 120, 36, 36, 84]",44.4959845335512,11.3656500588209,16002,6534.0
4.8 0.127 4 1,"[108, 72, 60, 72, 84, 120, 168, 24, 12, 48, 12, 60, 36, 36, 12, 12, 48, 36, 48, 36, 24, 24, 12, 12, 24, 0, 12, 24, 60, 36, 24, 0, 12, 36, 12, 0, 0, 0, 24, 36, 0, 12, 12, 0, 12, 12, 12, 0, 12, 12, 0, 12, 0, 12, 0, 0, 12, 24, 24, 12, 24, 0, 24, 60, 0, 60, 84, 84, 48, 144, 60, 132, 48, 204, 216, 276, 192, 240, 336, 252, 264, 204, 348, 324, 348, 312, 384, 468, 480, 432, 408, 576, 600, 636, 564, 720, 564, 588, 576, 600, 576, 588, 600, 708, 516, 672, 384, 636, 480, 576, 480, 540, 636, 444, 456, 456, 384, 420, 600, 420, 300, 444, 444, 348, 348, 348, 444, 300, 456, 408, 276, 336, 360, 336, 408, 348, 336, 420, 516, 300, 408, 372, 228, 240, 264, 336, 360, 384, 336, 384, 432, 360, 264, 324, 360, 336, 276, 360, 372, 324, 372, 348, 444, 408, 420, 276, 288, 228, 264, 408, 384, 276, 324, 360, 444, 300, 336, 420, 360, 204, 444, 384, 288, 276, 372, 312, 396, 276, 348, 408, 300, 348, 312, 288, 372, 228, 264, 420, 264, 312, 252, 396, 348, 324, 312, 420, 384, 372, 396, 372, 336, 348, 432, 228, 420, 408, 372, 264, 372, 408, 384, 564, 540, 456, 324, 420, 300, 444, 252, 240, 228, 360, 348, 228, 480, 360, 264, 300, 396, 564, 408, 324, 312, 288, 504, 372, 300, 348, 336, 420, 240, 216, 228, 264, 264, 288, 228, 216, 240, 108, 276, 144, 216, 72, 168, 192, 60, 168, 96, 156, 192, 264, 216, 120, 156, 72, 192, 60, 144, 132, 120, 144, 108, 120, 156, 108, 84, 84]",44.4932095746169,11.3605470479019,6476,6474.0
4.8 4.9 2 1,"[72, 204, 192, 276, 192, 144, 192, 132, 120, 84, 156, 108, 48, 120, 24, 120, 36, 12, 84, 72, 60, 48, 48, 24, 36, 24, 48, 36, 24, 48, 60, 24, 60, 36, 36, 12, 60, 12, 24, 12, 36, 24, 48, 36, 36, 36, 60, 12, 72, 36, 48, 48, 0, 12, 24, 24, 48, 72, 108, 48, 72, 48, 60, 72, 48, 72, 120, 108, 96, 96, 96, 168, 120, 240, 336, 324, 252, 228, 192, 192, 348, 132, 336, 288, 264, 372, 468, 432, 624, 564, 684, 564, 696, 780, 684, 552, 708, 468, 648, 672, 492, 672, 456, 744, 468, 660, 756, 396, 708, 492, 756, 420, 564, 708, 468, 672, 504, 468, 684, 648, 492, 432, 492, 540, 528, 516, 528, 396, 648, 396, 588, 648, 384, 540, 396, 516, 648, 492, 576, 468, 528, 456, 564, 516, 336, 708, 420, 552, 588, 564, 516, 516, 708, 396, 588, 528, 564, 588, 612, 540, 504, 588, 408, 444, 552, 504, 456, 504, 528, 552, 552, 372, 552, 480, 528, 432, 456, 528, 576, 468, 612, 396, 708, 516, 504, 396, 468, 372, 516, 516, 564, 456, 420, 312, 480, 588, 528, 360, 504, 528, 480, 492, 624, 324, 348, 648, 432, 384, 612, 588, 456, 492, 528, 480, 468, 528, 492, 516, 504, 612, 444, 528, 516, 480, 468, 636, 600, 528, 540, 480, 420, 516, 468, 540, 408, 372, 732, 432, 372, 588, 564, 540, 420, 516, 564, 408, 516, 360, 372, 432, 408, 276, 276, 300, 312, 396, 276, 336, 288, 360, 204, 240, 300, 288, 252, 288, 288, 408, 252, 192, 288, 348, 276, 228, 372, 204, 252, 168, 360, 300, 372, 516, 372, 252, 276, 168, 132, 144]",44.493202720922,11.3602888451438,6476,16169.0
4.9 1.16 2 1,"[0, 0, 0, 0, 0, 0, 0, 0, 0, 0, 0, 0, 0, 0, 0, 0, 0, 0, 0, 0, 0, 0, 0, 0, 0, 0, 0, 0, 0, 0, 0, 0, 0, 0, 0, 0, 0, 0, 0, 0, 0, 0, 0, 0, 0, 0, 0, 0, 0, 0, 0, 0, 0, 0, 0, 0, 0, 0, 0, 0, 0, 0, 0, 0, 0, 0, 0, 0, 0, 0, 0, 0, 0, 0, 0, 0, 0, 0, 0, 0, 0, 0, 0, 0, 0, 0, 0, 0, 0, 0, 0, 0, 0, 0, 0, 0, 0, 0, 0, 0, 0, 0, 0, 0, 0, 0, 0, 0, 0, 0, 0, 0, 0, 0, 0, 0, 0, 0, 0, 0, 0, 0, 0, 0, 0, 0, 0, 0, 0, 0, 0, 0, 0, 0, 0, 0, 0, 0, 0, 0, 0, 0, 0, 0, 0, 0, 0, 0, 0, 0, 0, 0, 0, 0, 0, 0, 0, 0, 0, 0, 0, 0, 0, 0, 0, 0, 0, 0, 0, 0, 0, 0, 0, 0, 0, 0, 0, 0, 0, 0, 0, 0, 0, 0, 0, 0, 0, 0, 0, 0, 0, 0, 0, 0, 0, 0, 0, 0, 0, 0, 0, 0, 0, 0, 0, 0, 0, 0, 0, 0, 0, 0, 0, 0, 0, 0, 0, 0, 0, 0, 0, 0, 0, 0, 0, 0, 0, 0, 0, 0, 0, 0, 0, 0, 0, 0, 0, 0, 0, 0, 0, 0, 0, 0, 0, 0, 0, 0, 0, 0, 0, 0, 0, 0, 0, 0, 0, 0, 0, 0, 0, 0, 0, 0, 0, 0, 0, 0, 0, 0, 0, 0, 0, 0, 0, 0, 0, 0, 0, 0, 0, 0, 0, 0, 0, 0, 0, 0]",44.4940607872931,11.3564263275319,6514,6471.0
4.9 3.50 4 1,"[252, 444, 240, 432, 360, 372, 192, 168, 180, 180, 156, 216, 180, 240, 276, 96, 156, 144, 108, 168, 72, 168, 60, 156, 48, 108, 96, 72, 48, 120, 132, 48, 72, 48, 60, 48, 84, 24, 132, 24, 36, 24, 36, 132, 60, 12, 48, 60, 48, 36, 84, 120, 72, 96, 108, 144, 84, 132, 84, 96, 96, 72, 108, 132, 132, 120, 120, 216, 156, 120, 216, 132, 96, 228, 384, 216, 420, 180, 396, 300, 348, 384, 420, 600, 456, 720, 840, 912, 1116, 888, 1440, 1068, 1452, 1800, 1500, 1812, 1284, 1728, 1584, 1440, 1848, 1560, 1512, 1812, 1704, 1596, 1788, 1812, 1368, 1860, 1428, 1260, 1356, 1452, 1608, 972, 1332, 1176, 1116, 1176, 1056, 1164, 1188, 1044, 996, 1032, 1380, 900, 924, 1200, 1068, 1164, 888, 1152, 1164, 924, 1044, 1200, 1224, 1176, 1320, 828, 1272, 1056, 1188, 768, 1188, 900, 1392, 1140, 1092, 1116, 1368, 960, 1200, 1428, 876, 1356, 1104, 1368, 1308, 1080, 1128, 792, 1152, 960, 1320, 852, 1164, 1236, 1368, 1032, 1056, 1128, 804, 1224, 1116, 1128, 1200, 1020, 1140, 1020, 1044, 1308, 924, 1128, 984, 1260, 1236, 984, 1128, 1104, 960, 1236, 960, 912, 1092, 996, 1272, 1152, 1008, 1344, 1020, 1116, 1188, 1128, 1248, 1452, 1356, 1164, 1152, 972, 1020, 1032, 1080, 1116, 1104, 1140, 1296, 1008, 1056, 1464, 984, 936, 1044, 960, 1056, 1152, 1056, 1152, 1080, 1188, 1212, 828, 1116, 888, 1332, 996, 984, 1200, 1032, 1308, 732, 1308, 720, 1188, 996, 744, 768, 732, 792, 552, 660, 492, 888, 600, 504, 696, 528, 540, 576, 468, 396, 492, 552, 348, 372, 492, 420, 504, 480, 552, 660, 324, 540, 432, 576, 360, 540, 636, 528, 564, 528, 360, 552, 408, 468, 372]",44.4941315096865,11.3572051758316,6475,16757.0
4.9 4.8 6 1,"[36, 48, 24, 0, 24, 24, 12, 0, 12, 36, 12, 12, 12, 12, 12, 0, 24, 12, 12, 0, 12, 0, 24, 12, 0, 24, 0, 0, 12, 0, 12, 36, 12, 24, 0, 0, 0, 12, 0, 12, 0, 12, 24, 0, 24, 0, 0, 12, 0, 0, 0, 12, 0, 0, 12, 0, 0, 0, 12, 12, 0, 36, 0, 0, 12, 24, 0, 12, 12, 0, 24, 24, 24, 0, 0, 0, 24, 12, 0, 12, 12, 12, 36, 12, 12, 24, 12, 60, 24, 60, 72, 24, 24, 72, 84, 24, 48, 60, 48, 48, 96, 12, 48, 60, 72, 72, 72, 72, 36, 48, 12, 48, 12, 24, 72, 60, 60, 72, 60, 36, 72, 48, 48, 48, 72, 24, 72, 60, 60, 48, 36, 60, 0, 12, 12, 48, 36, 60, 24, 48, 72, 72, 84, 48, 24, 24, 60, 72, 108, 108, 72, 48, 96, 84, 60, 60, 84, 84, 72, 72, 48, 72, 48, 36, 96, 96, 72, 12, 60, 72, 108, 12, 48, 48, 60, 48, 48, 36, 24, 60, 96, 36, 72, 12, 12, 72, 24, 60, 72, 48, 72, 12, 48, 60, 48, 60, 24, 48, 24, 48, 60, 24, 36, 24, 48, 36, 72, 36, 24, 84, 36, 48, 24, 36, 36, 48, 36, 84, 60, 48, 72, 48, 72, 36, 24, 84, 12, 60, 12, 84, 36, 36, 36, 36, 36, 60, 48, 36, 24, 12, 60, 72, 60, 48, 36, 36, 24, 24, 0, 24, 24, 48, 48, 0, 36, 36, 48, 48, 0, 36, 48, 36, 24, 48, 12, 24, 36, 12, 0, 36, 36, 12, 12, 24, 24, 12, 24, 0, 12, 12, 24, 24, 12, 24, 36, 24, 0, 36]",44.4939334882945,11.3576701747149,6475,16169.0
4.9 4.19 8 1,"[336, 576, 384, 552, 576, 228, 348, 312, 324, 300, 396, 372, 276, 216, 288, 276, 132, 168, 252, 156, 192, 84, 120, 108, 216, 264, 156, 144, 84, 84, 132, 24, 60, 36, 60, 72, 60, 24, 48, 36, 24, 36, 24, 24, 36, 36, 36, 72, 60, 84, 12, 12, 24, 108, 132, 96, 12, 156, 96, 120, 84, 36, 48, 132, 120, 84, 108, 144, 120, 132, 156, 156, 240, 420, 384, 408, 504, 432, 564, 432, 504, 480, 372, 660, 588, 876, 576, 900, 888, 984, 1104, 744, 1476, 1152, 1176, 1308, 1308, 1248, 1104, 1272, 1116, 804, 900, 1212, 1320, 1044, 1260, 1032, 1092, 1068, 1356, 960, 924, 828, 1236, 1140, 1104, 1080, 996, 780, 1068, 924, 1044, 1008, 888, 1092, 1056, 804, 1092, 1320, 936, 1296, 1032, 1200, 1032, 1104, 960, 1032, 1248, 1224, 1152, 1152, 1452, 960, 1236, 1008, 1332, 1332, 1152, 1308, 1296, 1032, 1476, 1128, 1332, 1092, 1140, 1272, 1152, 1512, 1500, 1044, 1416, 1032, 1392, 1104, 996, 1308, 1128, 1080, 1236, 1128, 1044, 1224, 792, 1032, 1032, 1104, 1404, 1140, 1008, 1032, 840, 960, 1152, 1476, 1200, 828, 1200, 1104, 1104, 1140, 972, 996, 684, 1188, 1188, 1248, 888, 1332, 1200, 1092, 1428, 1224, 816, 1200, 1284, 1452, 1512, 912, 1128, 1440, 1332, 1392, 1068, 1248, 1548, 1644, 1296, 1176, 1236, 1548, 1296, 1320, 1392, 1272, 1404, 1164, 1416, 1080, 1344, 1044, 1200, 1248, 1500, 828, 1248, 1368, 1020, 1188, 1044, 1032, 984, 1344, 948, 1068, 1224, 1020, 1164, 900, 588, 744, 864, 552, 684, 672, 768, 576, 636, 588, 552, 480, 540, 600, 636, 432, 648, 492, 492, 696, 648, 600, 552, 348, 576, 528, 636, 504, 516, 552, 516, 612, 720, 564, 312, 552, 720, 456]",44.4936020201609,11.3570501201105,16759,16760.0
4.9 4.19 8 2,"[96, 180, 108, 168, 144, 96, 108, 96, 108, 72, 12, 108, 72, 60, 84, 120, 60, 48, 96, 60, 60, 48, 48, 96, 48, 84, 48, 60, 24, 12, 60, 24, 12, 12, 24, 36, 24, 12, 36, 24, 24, 24, 0, 24, 12, 24, 24, 36, 24, 24, 0, 12, 0, 48, 24, 36, 0, 24, 24, 24, 12, 0, 24, 36, 48, 48, 24, 36, 36, 48, 36, 48, 72, 144, 156, 156, 168, 132, 120, 132, 156, 108, 168, 156, 192, 180, 144, 336, 156, 264, 228, 204, 408, 252, 288, 384, 288, 360, 204, 348, 168, 180, 336, 228, 204, 276, 492, 300, 240, 396, 348, 384, 216, 324, 300, 252, 336, 252, 288, 252, 240, 252, 420, 276, 300, 420, 216, 348, 252, 444, 336, 348, 336, 336, 264, 420, 240, 348, 312, 372, 276, 240, 396, 312, 432, 312, 480, 312, 360, 288, 264, 300, 312, 396, 264, 348, 264, 348, 324, 288, 204, 492, 228, 408, 240, 360, 204, 312, 360, 288, 288, 372, 480, 348, 180, 336, 252, 432, 360, 288, 348, 216, 312, 204, 360, 492, 324, 420, 264, 480, 204, 456, 252, 240, 264, 360, 228, 384, 336, 312, 384, 288, 396, 276, 360, 324, 468, 444, 312, 288, 312, 336, 384, 300, 360, 228, 396, 444, 372, 420, 300, 552, 360, 252, 516, 288, 312, 456, 372, 420, 276, 420, 300, 444, 312, 324, 372, 240, 372, 204, 288, 300, 228, 300, 288, 324, 288, 336, 336, 288, 168, 204, 228, 204, 132, 192, 144, 180, 240, 204, 72, 156, 168, 180, 108, 180, 96, 216, 144, 204, 204, 204, 180, 72, 204, 168, 228, 108, 204, 96, 132, 132, 144, 168, 120, 156, 204, 144]",44.4902647888337,11.3574155925657,16759,16760.0
4.10 0.127 3 1,"[96, 216, 156, 120, 180, 204, 108, 120, 84, 96, 96, 48, 72, 60, 48, 48, 72, 84, 48, 96, 12, 12, 48, 24, 24, 48, 0, 12, 12, 0, 24, 12, 12, 24, 24, 0, 12, 0, 0, 0, 0, 0, 12, 12, 12, 0, 0, 24, 24, 0, 24, 24, 36, 24, 60, 36, 132, 36, 72, 60, 48, 36, 72, 72, 60, 84, 216, 96, 108, 96, 216, 240, 132, 156, 288, 348, 180, 216, 408, 324, 336, 372, 372, 420, 516, 612, 720, 552, 792, 768, 756, 732, 948, 888, 1092, 912, 1140, 1068, 996, 972, 924, 744, 876, 912, 924, 936, 816, 864, 792, 696, 900, 780, 648, 672, 888, 816, 636, 840, 612, 780, 672, 780, 960, 696, 720, 732, 768, 768, 732, 660, 576, 936, 936, 744, 816, 732, 660, 948, 732, 516, 732, 636, 780, 792, 720, 852, 888, 708, 780, 756, 792, 864, 924, 936, 1056, 744, 792, 876, 1080, 1020, 840, 660, 636, 588, 816, 648, 600, 732, 576, 948, 828, 840, 720, 696, 816, 828, 636, 564, 888, 696, 720, 588, 708, 876, 672, 900, 816, 876, 780, 912, 876, 864, 852, 816, 720, 936, 804, 816, 948, 972, 1140, 924, 828, 996, 960, 1032, 1140, 1056, 1068, 1032, 1032, 1056, 1008, 948, 996, 960, 1104, 1056, 1008, 924, 1044, 1092, 972, 984, 876, 960, 708, 720, 876, 1008, 912, 924, 840, 768, 864, 744, 708, 984, 912, 564, 648, 684, 720, 732, 684, 540, 708, 600, 576, 708, 540, 432, 444, 480, 384, 468, 456, 456, 324, 444, 396, 492, 576, 372, 468, 372, 384, 372, 432, 360, 432, 384, 264, 360, 252, 288, 384, 252, 432, 252, 252, 288, 324, 288, 216, 252, 276, 216]",44.4738951351576,11.399867470168,6825,6817.0
4.10 0.127 5 1,"[144, 72, 96, 108, 84, 48, 108, 96, 72, 156, 72, 48, 60, 48, 96, 60, 84, 84, 60, 36, 36, 36, 48, 48, 12, 84, 24, 36, 36, 0, 24, 12, 0, 24, 12, 0, 0, 0, 12, 0, 24, 12, 0, 36, 12, 0, 12, 12, 12, 12, 12, 12, 0, 24, 12, 12, 24, 48, 24, 24, 24, 24, 36, 12, 60, 36, 48, 96, 36, 48, 72, 108, 48, 48, 108, 120, 60, 240, 168, 156, 132, 108, 192, 276, 252, 228, 300, 324, 324, 456, 396, 564, 636, 624, 588, 708, 648, 648, 660, 624, 660, 528, 684, 600, 636, 624, 588, 576, 684, 636, 564, 636, 612, 528, 600, 444, 600, 528, 660, 672, 456, 420, 468, 516, 600, 444, 564, 576, 552, 468, 648, 432, 696, 516, 564, 576, 588, 492, 636, 588, 576, 444, 504, 516, 480, 480, 540, 588, 672, 564, 756, 660, 588, 708, 732, 696, 648, 576, 684, 672, 576, 528, 492, 636, 660, 552, 612, 660, 552, 456, 588, 624, 708, 588, 756, 732, 612, 468, 624, 648, 624, 504, 684, 624, 588, 612, 624, 660, 624, 540, 588, 480, 756, 564, 684, 804, 684, 624, 612, 648, 732, 588, 732, 636, 672, 648, 636, 648, 672, 636, 540, 660, 600, 600, 672, 732, 828, 516, 540, 708, 720, 636, 624, 708, 672, 612, 720, 720, 576, 588, 684, 672, 720, 732, 576, 624, 672, 504, 696, 672, 612, 516, 564, 516, 564, 420, 336, 492, 540, 528, 480, 492, 420, 300, 504, 348, 396, 276, 324, 408, 312, 264, 252, 348, 216, 300, 276, 276, 204, 252, 228, 276, 228, 264, 240, 180, 276, 240, 216, 144, 216, 216, 168, 228, 168, 192, 204, 120]",44.4735195010917,11.4005514616901,6825,6826.0
4.11 0.127 6 1,"[240, 132, 204, 156, 108, 144, 84, 84, 108, 156, 60, 72, 72, 96, 144, 72, 108, 60, 96, 108, 36, 48, 48, 12, 12, 108, 84, 72, 24, 36, 24, 0, 24, 24, 36, 24, 0, 0, 0, 12, 24, 24, 0, 12, 12, 0, 24, 12, 24, 24, 24, 12, 0, 24, 24, 36, 36, 72, 12, 48, 24, 84, 48, 72, 36, 48, 108, 156, 96, 132, 72, 120, 72, 108, 252, 204, 156, 264, 192, 360, 276, 348, 348, 348, 636, 480, 768, 552, 756, 900, 708, 1176, 1152, 1092, 1068, 1164, 1080, 960, 1092, 1248, 1008, 1008, 840, 1044, 960, 1008, 888, 948, 912, 900, 696, 888, 576, 828, 672, 684, 948, 876, 660, 852, 564, 636, 564, 672, 768, 696, 852, 756, 756, 708, 660, 768, 636, 732, 816, 804, 612, 756, 696, 816, 840, 600, 672, 660, 552, 696, 996, 636, 792, 708, 1080, 912, 840, 660, 840, 660, 648, 828, 744, 876, 708, 636, 612, 660, 804, 684, 636, 672, 636, 540, 672, 756, 732, 804, 636, 780, 672, 780, 624, 624, 648, 480, 804, 672, 828, 780, 840, 528, 804, 852, 732, 660, 960, 828, 780, 840, 888, 588, 684, 804, 1128, 852, 708, 696, 636, 948, 816, 732, 960, 828, 744, 948, 816, 780, 840, 840, 720, 768, 732, 780, 708, 684, 864, 756, 864, 744, 780, 672, 816, 696, 648, 912, 768, 888, 648, 900, 696, 804, 612, 624, 624, 648, 552, 624, 480, 504, 444, 456, 552, 480, 528, 456, 384, 384, 528, 300, 324, 240, 336, 372, 264, 348, 216, 252, 264, 372, 300, 324, 216, 252, 348, 216, 288, 252, 240, 180, 204, 240, 288, 204, 264, 228, 300, 276, 144, 216, 228, 228]",44.4755625427325,11.3952971984705,6833,6816.0
4.11 4.10 6 1,"[0, 0, 0, 0, 12, 0, 0, 0, 24, 0, 0, 12, 12, 0, 0, 36, 0, 0, 0, 0, 0, 12, 0, 0, 12, 0, 0, 0, 0, 0, 24, 0, 0, 0, 0, 0, 12, 0, 0, 12, 0, 0, 0, 0, 0, 0, 0, 0, 0, 0, 0, 12, 0, 0, 0, 0, 0, 0, 0, 12, 0, 12, 12, 0, 12, 0, 12, 0, 24, 24, 0, 0, 12, 36, 0, 36, 36, 36, 12, 48, 12, 48, 36, 24, 0, 48, 24, 36, 0, 84, 84, 60, 24, 36, 120, 24, 24, 24, 72, 24, 48, 12, 24, 48, 48, 48, 12, 60, 12, 60, 36, 0, 48, 24, 48, 36, 48, 36, 48, 12, 24, 48, 12, 24, 36, 36, 0, 60, 0, 12, 12, 12, 60, 36, 36, 0, 24, 48, 12, 36, 0, 0, 24, 36, 48, 24, 36, 36, 24, 36, 24, 24, 48, 0, 0, 60, 48, 72, 0, 12, 36, 24, 24, 60, 60, 12, 60, 36, 36, 72, 36, 60, 60, 12, 36, 24, 60, 36, 12, 60, 24, 12, 72, 84, 60, 48, 36, 24, 0, 24, 36, 12, 24, 24, 24, 12, 336, 36, 0, 420, 144, 0, 0, 0, 0, 0, 0, 0, 0, 0, 0, 0, 0, 0, 0, 0, 0, 0, 0, 0, 0, 0, 0, 0, 0, 0, 0, 0, 0, 0, 0, 0, 0, 0, 0, 0, 0, 0, 0, 0, 0, 0, 0, 0, 0, 0, 0, 0, 0, 0, 0, 24, 12, 12, 24, 12, 36, 36, 12, 0, 12, 24, 24, 12, 36, 0, 24, 0, 0, 24, 0, 0, 12, 0, 48, 0, 12, 0, 0, 24, 0, 0, 12, 0, 12, 12, 12, 24]",44.4755950444838,11.3953316746088,6833,6816.0
4.11 4.12 2 1,"[240, 168, 216, 120, 120, 156, 156, 84, 72, 96, 108, 36, 60, 72, 60, 84, 72, 72, 72, 36, 48, 48, 24, 24, 96, 24, 24, 48, 24, 12, 36, 12, 0, 48, 0, 0, 12, 24, 12, 12, 0, 24, 12, 12, 24, 12, 0, 12, 24, 48, 12, 24, 36, 0, 36, 60, 36, 84, 48, 24, 12, 24, 12, 96, 24, 72, 108, 96, 120, 132, 120, 264, 144, 120, 228, 396, 216, 156, 300, 312, 228, 312, 252, 300, 288, 432, 480, 552, 696, 756, 732, 816, 792, 840, 744, 708, 780, 864, 864, 744, 948, 588, 588, 996, 732, 648, 972, 588, 876, 732, 780, 840, 540, 792, 708, 516, 696, 708, 768, 684, 672, 492, 852, 732, 420, 612, 720, 732, 624, 696, 708, 744, 744, 804, 744, 648, 852, 792, 624, 504, 720, 684, 816, 708, 720, 564, 840, 636, 660, 852, 636, 924, 756, 840, 720, 804, 552, 528, 744, 828, 744, 540, 468, 588, 576, 672, 492, 612, 480, 768, 732, 720, 804, 744, 876, 756, 672, 672, 708, 708, 684, 672, 612, 600, 564, 672, 744, 528, 924, 792, 816, 660, 636, 648, 888, 816, 792, 792, 624, 828, 876, 960, 852, 924, 840, 816, 960, 1032, 816, 912, 924, 1080, 984, 852, 1044, 1056, 1068, 1032, 960, 1092, 1032, 1092, 1008, 888, 924, 1008, 888, 720, 720, 792, 852, 720, 1020, 1008, 696, 756, 732, 732, 792, 876, 648, 624, 600, 684, 672, 504, 660, 552, 564, 432, 480, 324, 384, 528, 264, 372, 324, 372, 384, 336, 288, 252, 420, 324, 300, 348, 300, 288, 300, 408, 300, 252, 192, 312, 192, 216, 300, 252, 360, 216, 324, 168, 252, 252, 336, 120, 324, 300]",44.4756386031759,11.3953674143661,6816,6833.0
4.12 4.11 6 1,"[348, 288, 276, 240, 204, 264, 240, 156, 156, 144, 156, 120, 120, 192, 168, 108, 156, 120, 84, 168, 24, 60, 84, 72, 72, 132, 72, 84, 36, 48, 36, 0, 36, 60, 36, 0, 12, 36, 0, 36, 12, 12, 12, 12, 24, 12, 36, 12, 12, 60, 36, 24, 24, 24, 48, 60, 84, 84, 48, 72, 12, 72, 60, 108, 48, 108, 96, 180, 120, 216, 180, 276, 192, 252, 324, 432, 288, 276, 324, 336, 300, 516, 360, 396, 696, 624, 816, 648, 852, 960, 1020, 1320, 1068, 1104, 1212, 1308, 1176, 1080, 1464, 1188, 1056, 1044, 1044, 1164, 1044, 1080, 1104, 1044, 1248, 1032, 1176, 1032, 924, 1020, 1008, 816, 984, 1212, 960, 1164, 816, 984, 948, 1068, 1116, 816, 1080, 1272, 984, 1080, 1032, 1032, 1284, 1068, 1044, 888, 1176, 1080, 984, 996, 1092, 960, 1116, 996, 852, 1104, 1200, 948, 1176, 1212, 1140, 1248, 1056, 1404, 984, 984, 1044, 1092, 1116, 1308, 792, 1080, 816, 888, 888, 1044, 864, 1056, 780, 1044, 1128, 1092, 1032, 1056, 1332, 1128, 1032, 972, 888, 1128, 1068, 696, 1044, 1032, 1032, 1104, 1284, 996, 1188, 1128, 1092, 1008, 1200, 1068, 1212, 1272, 1140, 1176, 1128, 1260, 1392, 1320, 1068, 1104, 1128, 1152, 1188, 1188, 1164, 1296, 1200, 1236, 1344, 1104, 1572, 1032, 1236, 1368, 1260, 1344, 1236, 1260, 1188, 1104, 1380, 1188, 1080, 996, 1140, 1092, 1104, 984, 1440, 1212, 972, 1356, 1140, 1020, 1128, 996, 1032, 900, 996, 996, 900, 708, 924, 792, 660, 600, 636, 660, 576, 684, 516, 492, 396, 576, 528, 540, 420, 552, 444, 564, 348, 528, 444, 444, 444, 480, 456, 396, 396, 408, 324, 312, 528, 372, 576, 396, 348, 456, 444, 372, 456, 156, 516, 396]",44.4765349090045,11.3927690769774,6829,6832.0
4.12 4.12 2 1,"[0, 24, 36, 60, 1332, 1692, 240, 48, 24, 0, 0, 12, 12, 0, 36, 0, 0, 0, 0, 0, 0, 0, 0, 0, 12, 48, 312, 1380, 2832, 3360, 3180, 3192, 2808, 2460, 2016, 1260, 1224, 864, 468, 360, 432, 288, 180, 528, 240, 0, 0, 0, 0, 0, 0, 12, 24, 0, 0, 0, 12, 0, 0, 0, 0, 12, 24, 24, 0, 24, 0, 12, 12, 12, 12, 36, 12, 24, 60, 36, 72, 12, 36, 96, 36, 24, 60, 48, 24, 96, 84, 36, 204, 132, 84, 72, 84, 108, 156, 84, 96, 120, 84, 96, 84, 60, 132, 408, 432, 2520, 3024, 1956, 588, 480, 120, 108, 60, 936, 60, 60, 120, 60, 228, 348, 1488, 2196, 2688, 948, 228, 120, 60, 132, 36, 108, 84, 192, 108, 60, 168, 120, 144, 192, 96, 48, 36, 36, 84, 84, 72, 84, 48, 84, 84, 48, 48, 84, 96, 84, 1140, 1668, 312, 96, 108, 192, 156, 204, 96, 192, 36, 72, 96, 24, 96, 132, 96, 132, 84, 48, 228, 12, 96, 60, 180, 96, 60, 96, 156, 36, 108, 84, 84, 84, 216, 432, 2808, 852, 180, 72, 72, 84, 12, 108, 24, 84, 132, 72, 96, 204, 84, 72, 1944, 1248, 120, 252, 168, 192, 108, 120, 144, 252, 1236, 276, 264, 156, 144, 384, 228, 264, 972, 2424, 1992, 840, 48, 120, 156, 144, 120, 144, 48, 60, 24, 72, 84, 72, 72, 0, 96, 276, 120, 312, 2436, 1320, 300, 36, 60, 12, 36, 60, 36, 12, 24, 24, 24, 0, 12, 12, 36, 24, 24, 12, 12, 12, 12, 12, 24, 24, 12, 24, 36, 12, 12, 24, 60, 108, 36, 24, 0, 24, 24, 12, 36, 12]",44.4773329390832,11.3910514277541,6693,6780.0
4.12 4.12 6 1,"[132, 156, 132, 144, 96, 108, 120, 84, 60, 48, 72, 84, 108, 144, 108, 60, 72, 84, 48, 96, 0, 48, 48, 12, 36, 84, 60, 36, 12, 48, 12, 12, 36, 24, 24, 0, 12, 0, 12, 36, 0, 12, 12, 12, 24, 0, 36, 0, 0, 12, 24, 24, 12, 12, 12, 24, 48, 24, 0, 60, 24, 36, 36, 84, 0, 36, 36, 72, 36, 60, 36, 60, 72, 96, 108, 60, 132, 192, 96, 168, 168, 216, 204, 240, 312, 276, 252, 276, 312, 468, 516, 612, 456, 552, 708, 588, 504, 528, 780, 504, 528, 504, 480, 600, 336, 636, 396, 444, 612, 504, 468, 480, 408, 444, 432, 360, 480, 624, 420, 576, 312, 528, 468, 444, 660, 384, 576, 576, 468, 528, 384, 552, 636, 372, 468, 456, 504, 456, 432, 720, 360, 420, 444, 432, 384, 564, 540, 372, 624, 600, 612, 612, 408, 648, 468, 456, 624, 516, 540, 624, 528, 480, 420, 624, 456, 468, 504, 600, 516, 468, 528, 468, 672, 480, 588, 444, 468, 516, 288, 564, 456, 348, 624, 504, 600, 456, 648, 444, 432, 444, 384, 516, 648, 420, 564, 576, 624, 516, 588, 600, 660, 648, 504, 420, 672, 516, 504, 648, 648, 480, 576, 660, 540, 672, 588, 480, 480, 600, 636, 552, 480, 552, 432, 480, 648, 552, 480, 504, 576, 456, 480, 432, 660, 444, 504, 564, 576, 480, 552, 420, 468, 240, 336, 480, 360, 300, 348, 324, 312, 324, 300, 324, 276, 324, 288, 288, 180, 252, 204, 288, 264, 192, 180, 252, 192, 276, 180, 216, 144, 156, 216, 192, 228, 228, 156, 180, 204, 156, 216, 276, 180, 240, 168, 216, 228, 108, 216, 192]",44.4772261739071,11.3910022694902,6780,6693.0
4.12 4.14 8 1,"[96, 156, 72, 36, 36, 72, 36, 12, 36, 0, 36, 36, 48, 12, 24, 12, 24, 36, 0, 24, 12, 0, 24, 24, 48, 12, 24, 24, 24, 12, 12, 0, 12, 12, 12, 0, 24, 36, 0, 0, 24, 12, 0, 0, 24, 0, 0, 12, 12, 12, 0, 0, 0, 12, 72, 12, 12, 72, 0, 12, 36, 36, 24, 84, 60, 36, 48, 60, 72, 60, 60, 108, 60, 96, 36, 144, 132, 168, 120, 144, 96, 108, 180, 276, 108, 204, 264, 264, 252, 276, 264, 276, 456, 276, 528, 312, 516, 492, 336, 420, 300, 252, 360, 492, 444, 432, 480, 468, 360, 240, 396, 372, 300, 432, 360, 312, 384, 360, 408, 336, 336, 420, 492, 348, 372, 564, 324, 408, 384, 372, 396, 444, 516, 396, 336, 576, 468, 492, 492, 480, 408, 324, 372, 504, 444, 360, 408, 432, 432, 480, 300, 636, 564, 420, 384, 396, 288, 252, 420, 348, 336, 384, 324, 276, 528, 504, 444, 516, 360, 348, 456, 432, 528, 420, 408, 408, 264, 408, 276, 396, 408, 384, 420, 552, 384, 360, 336, 276, 492, 480, 564, 396, 384, 444, 492, 444, 564, 576, 420, 456, 588, 732, 576, 660, 648, 456, 420, 792, 660, 480, 744, 612, 516, 660, 516, 780, 732, 600, 516, 648, 624, 552, 756, 600, 720, 552, 612, 456, 468, 600, 540, 564, 432, 492, 492, 480, 576, 516, 360, 540, 264, 660, 456, 336, 324, 216, 204, 324, 180, 276, 264, 204, 240, 180, 96, 204, 156, 192, 180, 108, 132, 168, 108, 192, 156, 132, 132, 132, 120, 216, 60, 96, 132, 84, 144, 48, 108, 72, 48, 168, 180, 144, 96, 180, 156, 48, 132, 36]",44.4771899912803,11.3904551648645,6780,6842.0
4.12 4.55 2 1,"[168, 132, 108, 132, 96, 120, 120, 84, 60, 144, 96, 48, 36, 72, 24, 48, 72, 36, 48, 36, 24, 24, 12, 36, 36, 24, 0, 0, 24, 60, 12, 12, 0, 24, 12, 0, 12, 12, 12, 24, 0, 0, 12, 0, 24, 12, 12, 12, 12, 12, 24, 12, 12, 12, 12, 48, 48, 84, 36, 72, 36, 48, 12, 60, 0, 60, 36, 84, 132, 96, 120, 168, 84, 132, 144, 252, 180, 156, 228, 180, 156, 240, 264, 300, 204, 288, 276, 492, 468, 504, 348, 516, 348, 744, 420, 624, 324, 588, 780, 564, 372, 528, 456, 396, 552, 480, 516, 408, 612, 480, 420, 468, 516, 492, 516, 348, 408, 348, 540, 396, 420, 396, 432, 372, 516, 276, 420, 552, 432, 432, 516, 360, 528, 504, 480, 420, 504, 456, 480, 396, 384, 432, 444, 480, 492, 360, 444, 408, 432, 396, 432, 576, 348, 636, 384, 372, 588, 288, 396, 396, 480, 492, 156, 288, 192, 468, 408, 324, 432, 264, 540, 252, 564, 372, 480, 432, 528, 468, 504, 420, 360, 372, 444, 300, 492, 456, 504, 468, 360, 636, 420, 432, 528, 288, 528, 420, 384, 528, 384, 420, 540, 468, 720, 468, 492, 408, 492, 564, 660, 492, 516, 672, 588, 660, 804, 540, 804, 612, 732, 504, 600, 624, 528, 696, 624, 516, 432, 516, 564, 396, 564, 468, 420, 468, 528, 348, 492, 300, 600, 372, 384, 180, 420, 540, 348, 348, 372, 408, 276, 384, 216, 252, 324, 288, 228, 288, 156, 240, 240, 192, 216, 132, 276, 216, 132, 216, 108, 180, 276, 396, 264, 216, 72, 168, 132, 144, 324, 156, 264, 264, 120, 180, 240, 168, 192, 84, 180, 216]",44.4775555764982,11.3904390475129,6780,6811.0
4.12 4.82 4 1,"[84, 168, 36, 36, 72, 12, 36, 12, 60, 12, 36, 24, 48, 96, 48, 12, 72, 36, 36, 0, 36, 12, 36, 0, 24, 36, 24, 24, 0, 0, 12, 24, 12, 12, 0, 0, 12, 12, 0, 0, 24, 48, 0, 12, 0, 12, 24, 24, 0, 60, 12, 24, 72, 24, 0, 12, 36, 36, 48, 12, 12, 12, 24, 72, 48, 72, 192, 24, 72, 72, 72, 84, 96, 60, 72, 216, 96, 144, 120, 144, 96, 192, 240, 84, 216, 252, 300, 396, 444, 396, 600, 564, 684, 864, 576, 540, 720, 792, 552, 720, 756, 540, 576, 540, 684, 588, 540, 612, 612, 444, 564, 420, 564, 456, 360, 360, 336, 396, 336, 384, 420, 456, 444, 384, 312, 468, 396, 504, 480, 516, 324, 444, 456, 384, 312, 360, 396, 276, 396, 324, 420, 468, 468, 456, 420, 432, 360, 360, 324, 444, 432, 396, 444, 360, 420, 348, 420, 420, 480, 360, 348, 432, 444, 432, 336, 288, 336, 336, 336, 684, 264, 432, 480, 384, 384, 360, 444, 288, 444, 336, 468, 312, 264, 336, 396, 396, 324, 336, 372, 384, 456, 492, 408, 540, 432, 576, 552, 540, 444, 408, 588, 432, 408, 672, 372, 504, 432, 408, 576, 612, 492, 480, 420, 432, 612, 396, 360, 624, 564, 468, 492, 504, 432, 516, 480, 444, 504, 444, 360, 432, 432, 372, 480, 312, 384, 468, 420, 492, 480, 372, 312, 420, 300, 276, 360, 312, 444, 360, 276, 108, 228, 312, 144, 264, 228, 120, 144, 192, 168, 120, 96, 180, 180, 120, 84, 72, 120, 168, 180, 144, 84, 96, 96, 168, 72, 96, 84, 120, 60, 84, 84, 36, 120, 84, 60, 72, 96, 108]",44.4776945132422,11.3909326859149,6780,6781.0
4.13 4.13 7 1,"[192, 60, 120, 48, 120, 108, 72, 48, 84, 24, 36, 60, 48, 144, 12, 24, 96, 24, 60, 24, 48, 36, 60, 24, 60, 60, 60, 24, 12, 36, 24, 0, 24, 12, 12, 12, 12, 12, 12, 12, 12, 0, 12, 24, 24, 0, 12, 12, 0, 12, 12, 12, 0, 0, 0, 0, 72, 12, 24, 36, 12, 48, 12, 48, 24, 36, 60, 36, 96, 48, 48, 36, 24, 72, 72, 72, 36, 24, 132, 72, 132, 96, 72, 132, 60, 72, 204, 96, 132, 108, 204, 72, 0, 0, 0, 0, 0, 0, 204, 204, 204, 288, 180, 192, 264, 108, 312, 288, 168, 168, 264, 120, 240, 228, 168, 216, 372, 240, 312, 144, 228, 216, 228, 324, 240, 312, 252, 0, 0, 0, 0, 0, 0, 0, 120, 252, 216, 204, 168, 324, 240, 192, 264, 228, 252, 336, 204, 264, 240, 300, 312, 144, 72, 0, 0, 0, 0, 0, 0, 300, 228, 168, 300, 348, 240, 372, 252, 192, 288, 288, 204, 252, 240, 192, 288, 216, 240, 276, 240, 240, 132, 228, 276, 216, 216, 312, 252, 240, 228, 192, 264, 516, 252, 216, 288, 264, 312, 252, 264, 324, 276, 252, 228, 312, 276, 276, 228, 264, 300, 312, 264, 336, 312, 384, 312, 288, 264, 168, 264, 204, 276, 192, 252, 324, 264, 204, 204, 360, 264, 204, 264, 408, 432, 204, 384, 228, 300, 228, 300, 228, 276, 204, 276, 156, 120, 192, 324, 192, 180, 228, 336, 144, 216, 144, 108, 96, 168, 168, 108, 120, 192, 108, 72, 156, 144, 144, 72, 60, 72, 36, 96, 108, 156, 156, 84, 120, 132, 120, 96, 72, 132, 108, 108, 144, 108, 144, 156, 144]",44.4804063869948,11.3826444107154,6894,6736.0
4.13 4.13 9 1,"[108, 84, 168, 108, 108, 84, 96, 72, 60, 108, 120, 48, 48, 132, 12, 36, 120, 12, 60, 48, 72, 36, 60, 12, 84, 84, 60, 24, 12, 36, 24, 0, 24, 36, 12, 12, 24, 12, 24, 12, 36, 0, 24, 12, 36, 12, 12, 24, 0, 12, 12, 12, 12, 0, 0, 12, 24, 12, 12, 48, 12, 12, 24, 48, 24, 24, 36, 60, 48, 72, 48, 60, 84, 60, 84, 84, 36, 60, 72, 108, 108, 84, 108, 168, 132, 144, 252, 144, 276, 252, 312, 408, 204, 276, 408, 396, 372, 456, 468, 288, 384, 432, 300, 276, 360, 288, 396, 360, 336, 300, 324, 168, 372, 348, 216, 264, 432, 240, 336, 156, 360, 276, 324, 480, 312, 288, 408, 408, 372, 312, 396, 300, 408, 336, 192, 300, 324, 360, 324, 564, 264, 264, 360, 324, 348, 384, 240, 384, 384, 372, 444, 228, 396, 456, 276, 432, 300, 264, 288, 432, 372, 252, 312, 396, 432, 384, 252, 216, 276, 444, 360, 288, 372, 252, 348, 324, 336, 324, 288, 312, 360, 324, 384, 252, 360, 384, 396, 324, 312, 276, 348, 504, 336, 420, 396, 348, 384, 324, 336, 420, 372, 420, 324, 408, 456, 384, 396, 396, 420, 432, 360, 360, 336, 516, 336, 360, 324, 240, 516, 372, 396, 372, 444, 480, 288, 348, 336, 384, 396, 312, 420, 576, 384, 228, 468, 324, 372, 312, 396, 276, 336, 276, 384, 204, 192, 252, 408, 324, 216, 216, 300, 144, 192, 120, 132, 144, 204, 144, 132, 144, 288, 96, 96, 192, 108, 192, 96, 84, 84, 84, 144, 120, 120, 168, 72, 132, 132, 132, 120, 48, 180, 144, 84, 156, 156, 108, 156, 120]",44.4804277148117,11.3826607820269,6894,6736.0
4.13 4.15 2 1,"[0, 0, 0, 0, 0, 0, 0, 0, 0, 0, 0, 0, 0, 0, 0, 0, 0, 0, 0, 0, 0, 0, 0, 0, 0, 0, 0, 0, 0, 0, 0, 0, 0, 0, 0, 0, 0, 0, 0, 0, 0, 0, 0, 0, 0, 0, 0, 0, 0, 0, 0, 0, 0, 0, 0, 0, 0, 0, 0, 0, 0, 0, 0, 0, 0, 0, 0, 0, 0, 0, 0, 0, 0, 0, 0, 0, 0, 0, 0, 0, 0, 0, 0, 0, 0, 0, 0, 0, 0, 0, 0, 0, 0, 0, 0, 0, 0, 0, 0, 0, 0, 0, 0, 0, 0, 0, 0, 0, 0, 0, 0, 0, 0, 0, 0, 0, 0, 0, 0, 0, 0, 0, 0, 0, 0, 0, 0, 0, 0, 0, 0, 0, 0, 0, 0, 0, 0, 0, 0, 0, 0, 0, 0, 0, 0, 0, 0, 0, 0, 0, 0, 0, 0, 0, 0, 0, 0, 0, 0, 0, 0, 0, 0, 0, 0, 0, 0, 0, 0, 0, 0, 0, 0, 0, 0, 0, 0, 0, 0, 0, 0, 0, 0, 0, 0, 0, 0, 0, 0, 0, 0, 0, 0, 0, 0, 0, 0, 0, 0, 0, 0, 0, 0, 0, 0, 0, 0, 0, 0, 0, 0, 0, 0, 0, 0, 0, 0, 0, 0, 0, 0, 0, 0, 0, 0, 0, 0, 0, 0, 0, 0, 0, 0, 0, 0, 0, 0, 0, 0, 0, 0, 0, 0, 0, 0, 0, 0, 0, 0, 0, 0, 0, 0, 0, 0, 0, 0, 0, 0, 0, 0, 0, 0, 0, 0, 0, 0, 0, 0, 0, 0, 0, 0, 0, 0, 0, 0, 0, 0, 0, 0, 0, 0, 0, 0, 0, 0, 0]",44.4814521881212,11.3805842161333,6902,16369.0
4.13 4.15 2 2,"[108, 72, 120, 36, 156, 144, 84, 48, 120, 120, 84, 72, 36, 36, 72, 36, 24, 36, 24, 48, 96, 24, 48, 60, 12, 12, 0, 24, 24, 0, 12, 24, 48, 0, 12, 24, 12, 12, 0, 24, 12, 12, 36, 0, 24, 24, 0, 12, 12, 12, 12, 0, 12, 24, 0, 12, 36, 36, 24, 60, 48, 48, 24, 60, 36, 24, 84, 60, 120, 132, 84, 84, 144, 156, 96, 180, 180, 204, 120, 216, 180, 216, 180, 204, 192, 228, 312, 312, 312, 384, 444, 444, 480, 432, 396, 516, 456, 384, 516, 576, 468, 624, 504, 468, 504, 432, 492, 480, 444, 564, 408, 576, 396, 600, 432, 384, 384, 264, 492, 348, 384, 396, 348, 300, 372, 264, 372, 408, 372, 300, 456, 384, 456, 348, 372, 468, 360, 444, 456, 468, 396, 408, 444, 324, 456, 432, 528, 312, 456, 372, 276, 480, 288, 540, 468, 492, 372, 432, 300, 396, 372, 384, 468, 288, 288, 300, 384, 264, 288, 300, 360, 384, 360, 348, 276, 336, 456, 312, 456, 276, 384, 396, 336, 348, 312, 396, 336, 444, 348, 348, 324, 396, 264, 432, 444, 432, 480, 408, 468, 324, 468, 288, 432, 408, 396, 468, 420, 492, 432, 468, 468, 396, 360, 444, 444, 552, 420, 456, 552, 672, 480, 540, 468, 612, 444, 468, 336, 516, 492, 372, 444, 468, 336, 516, 516, 360, 420, 444, 372, 276, 408, 504, 300, 264, 324, 360, 228, 432, 240, 336, 300, 216, 276, 252, 240, 264, 276, 156, 264, 228, 144, 288, 144, 192, 120, 156, 156, 180, 192, 192, 276, 132, 180, 120, 156, 168, 180, 168, 180, 180, 180, 108, 216, 168, 132, 228, 168, 216]",44.4842860205104,11.3727554078406,16325,6460.0
4.13 4.55 6 1,"[0, 0, 0, 0, 0, 0, 0, 0, 0, 0, 0, 0, 0, 0, 0, 0, 0, 0, 0, 0, 0, 0, 0, 0, 0, 0, 0, 0, 0, 0, 0, 0, 0, 0, 0, 0, 0, 0, 0, 0, 0, 0, 0, 0, 0, 0, 0, 0, 0, 0, 0, 0, 0, 0, 0, 0, 0, 0, 0, 0, 0, 0, 0, 0, 0, 0, 0, 0, 0, 0, 0, 0, 0, 0, 0, 0, 0, 0, 0, 0, 0, 0, 0, 0, 0, 0, 0, 0, 0, 0, 0, 0, 0, 0, 0, 0, 0, 0, 0, 0, 0, 0, 0, 0, 0, 0, 0, 0, 0, 0, 0, 0, 0, 0, 0, 0, 0, 0, 0, 0, 0, 0, 0, 0, 0, 0, 36, 408, 444, 444, 432, 420, 432, 312, 396, 336, 348, 408, 384, 528, 396, 276, 420, 348, 384, 552, 336, 504, 444, 408, 564, 324, 444, 408, 408, 384, 336, 468, 336, 492, 444, 324, 360, 540, 564, 552, 300, 384, 468, 516, 456, 492, 408, 264, 444, 384, 420, 408, 528, 480, 324, 516, 456, 360, 468, 516, 480, 312, 432, 444, 540, 660, 468, 468, 84, 0, 0, 0, 0, 0, 0, 0, 0, 0, 0, 0, 0, 0, 0, 0, 0, 0, 0, 0, 0, 0, 0, 0, 0, 0, 0, 0, 0, 0, 0, 0, 0, 0, 0, 0, 0, 0, 0, 0, 0, 0, 0, 0, 0, 0, 0, 0, 0, 0, 0, 0, 0, 0, 0, 0, 0, 0, 0, 0, 0, 0, 0, 0, 0, 0, 0, 0, 0, 0, 0, 0, 0, 0, 0, 0, 0, 0, 0, 0, 0, 0, 0, 0, 0, 0, 0, 0, 0, 0, 0, 0, 0, 0]",44.4799418683104,11.383823997963,6736,6885.0
4.13 4.85 4 1,"[168, 192, 180, 300, 156, 144, 180, 168, 168, 48, 168, 84, 84, 36, 60, 72, 120, 108, 48, 96, 72, 72, 96, 72, 96, 108, 24, 36, 12, 12, 84, 60, 48, 36, 36, 72, 72, 60, 24, 12, 12, 24, 24, 48, 36, 36, 36, 132, 12, 84, 12, 120, 132, 24, 84, 48, 84, 60, 108, 120, 144, 96, 144, 132, 204, 156, 216, 276, 108, 144, 216, 252, 360, 252, 264, 312, 252, 360, 516, 444, 456, 564, 672, 648, 708, 948, 684, 1056, 888, 1104, 1092, 1140, 1152, 1392, 1188, 1068, 1068, 1200, 1152, 1260, 1104, 1020, 924, 1104, 1224, 1152, 1152, 1008, 1224, 1140, 840, 924, 1104, 744, 1080, 876, 912, 1104, 864, 948, 1092, 1116, 972, 864, 828, 768, 1008, 1056, 1020, 732, 792, 876, 1152, 852, 1020, 720, 1068, 984, 960, 744, 936, 876, 792, 648, 828, 888, 804, 852, 720, 864, 972, 1056, 900, 1008, 816, 852, 852, 744, 1008, 816, 1032, 804, 912, 624, 804, 732, 900, 864, 912, 732, 1140, 852, 1032, 804, 936, 1032, 876, 1020, 864, 672, 924, 924, 1092, 936, 852, 768, 1032, 912, 924, 960, 876, 1020, 816, 972, 948, 1080, 1020, 852, 720, 1356, 1380, 1044, 1320, 948, 1248, 1092, 1380, 768, 1200, 936, 1212, 1152, 1140, 780, 876, 1128, 1140, 900, 1116, 1308, 804, 840, 1044, 1080, 888, 1104, 960, 1044, 1032, 816, 960, 732, 708, 972, 1092, 1116, 1008, 1020, 936, 744, 876, 744, 696, 660, 924, 468, 792, 708, 576, 696, 564, 648, 456, 528, 504, 600, 360, 504, 324, 540, 264, 336, 264, 192, 360, 288, 336, 240, 228, 372, 312, 360, 312, 348, 372, 336, 324, 312, 432, 216, 288, 312, 192, 288, 264, 432, 396, 336]",44.4808493398104,11.382644715796,6894,6898.0
4.13 4.89 6 1,"[96, 24, 36, 48, 36, 36, 24, 72, 24, 96, 60, 12, 24, 72, 12, 0, 48, 12, 48, 0, 48, 24, 48, 0, 24, 36, 24, 24, 0, 48, 12, 0, 0, 12, 0, 12, 0, 12, 24, 0, 24, 0, 12, 0, 24, 0, 0, 0, 0, 0, 0, 0, 12, 0, 0, 0, 24, 0, 12, 12, 0, 24, 0, 12, 12, 36, 12, 24, 72, 24, 36, 84, 12, 36, 36, 48, 24, 12, 36, 60, 60, 72, 36, 132, 48, 96, 108, 84, 192, 108, 120, 252, 180, 144, 132, 84, 72, 180, 120, 84, 276, 108, 96, 168, 240, 156, 156, 204, 84, 192, 60, 216, 132, 144, 72, 96, 252, 132, 168, 60, 120, 144, 144, 240, 96, 132, 120, 156, 180, 108, 240, 108, 192, 240, 60, 216, 120, 192, 120, 120, 156, 132, 192, 120, 168, 180, 180, 96, 204, 144, 168, 108, 192, 180, 120, 180, 156, 96, 180, 120, 96, 144, 216, 96, 204, 168, 84, 144, 120, 168, 180, 156, 192, 168, 168, 120, 144, 180, 72, 72, 0, 0, 0, 0, 0, 0, 0, 0, 0, 0, 0, 0, 0, 0, 0, 0, 0, 0, 0, 0, 0, 0, 0, 0, 0, 0, 0, 0, 0, 0, 0, 0, 0, 0, 0, 0, 0, 204, 228, 156, 120, 372, 216, 204, 144, 24, 0, 0, 0, 0, 72, 300, 108, 168, 180, 240, 192, 84, 132, 168, 96, 156, 168, 72, 84, 144, 180, 108, 108, 168, 180, 84, 48, 120, 60, 96, 96, 108, 48, 72, 168, 60, 36, 60, 96, 132, 24, 36, 24, 60, 48, 84, 12, 48, 24, 72, 108, 60, 36, 12, 72, 24, 60, 24, 36, 60, 60, 132]",44.4797825791667,11.3836137088963,6736,6906.0
4.13 4.91 8 1,"[312, 324, 180, 348, 180, 216, 192, 192, 108, 132, 180, 120, 84, 120, 168, 84, 96, 156, 144, 84, 120, 108, 108, 72, 36, 48, 12, 120, 12, 12, 84, 12, 60, 36, 12, 12, 0, 12, 24, 0, 24, 60, 24, 24, 12, 0, 48, 0, 12, 36, 0, 96, 12, 36, 36, 0, 12, 36, 72, 12, 48, 24, 48, 84, 48, 0, 84, 108, 48, 204, 132, 60, 24, 84, 84, 144, 144, 96, 180, 264, 228, 336, 336, 252, 348, 312, 324, 564, 492, 456, 432, 384, 564, 864, 612, 540, 696, 672, 480, 696, 480, 636, 828, 864, 828, 564, 792, 552, 684, 708, 444, 696, 636, 420, 696, 636, 528, 528, 708, 552, 804, 636, 780, 456, 672, 348, 528, 660, 540, 528, 552, 684, 576, 612, 936, 876, 600, 504, 720, 588, 708, 732, 732, 732, 696, 936, 756, 696, 732, 720, 780, 636, 780, 636, 1044, 420, 792, 756, 816, 576, 804, 672, 792, 792, 612, 480, 1092, 840, 684, 552, 888, 660, 600, 900, 960, 456, 744, 684, 756, 756, 564, 660, 720, 720, 924, 648, 708, 744, 900, 756, 1020, 468, 768, 852, 720, 816, 1104, 780, 1044, 552, 888, 900, 840, 744, 672, 900, 864, 804, 936, 792, 792, 876, 732, 756, 732, 912, 840, 768, 852, 924, 888, 804, 744, 888, 756, 1116, 876, 912, 960, 864, 1044, 840, 996, 876, 924, 720, 744, 900, 960, 768, 876, 744, 600, 768, 768, 672, 684, 684, 600, 816, 444, 600, 384, 336, 396, 348, 360, 336, 384, 348, 288, 288, 300, 288, 276, 408, 348, 360, 216, 336, 276, 300, 360, 240, 264, 312, 300, 264, 516, 408, 336, 300, 456, 252, 288, 492, 336, 348]",44.4805190361487,11.3821631059497,6894,15895.0
4.14 0.127 6 1,"[24, 48, 36, 48, 60, 24, 12, 12, 48, 12, 24, 36, 36, 48, 0, 12, 0, 36, 36, 24, 24, 0, 0, 24, 36, 24, 12, 24, 0, 24, 0, 0, 0, 0, 12, 0, 0, 0, 12, 0, 0, 0, 0, 0, 12, 0, 0, 0, 0, 0, 12, 0, 0, 12, 12, 24, 0, 0, 0, 0, 0, 24, 12, 12, 12, 24, 24, 12, 24, 24, 12, 24, 48, 24, 60, 24, 48, 24, 36, 24, 36, 48, 84, 108, 96, 144, 144, 132, 192, 180, 204, 192, 204, 168, 240, 360, 216, 252, 240, 324, 240, 216, 240, 216, 348, 228, 300, 240, 336, 168, 228, 168, 168, 168, 216, 276, 276, 156, 240, 144, 240, 252, 192, 180, 204, 180, 336, 216, 192, 180, 192, 228, 216, 240, 120, 192, 216, 180, 264, 120, 156, 216, 192, 192, 240, 216, 288, 228, 144, 204, 240, 144, 180, 216, 204, 312, 132, 216, 180, 264, 204, 132, 156, 228, 132, 108, 216, 132, 204, 228, 228, 216, 156, 192, 252, 192, 144, 264, 168, 216, 132, 204, 108, 192, 252, 252, 204, 192, 192, 252, 204, 264, 228, 216, 168, 192, 192, 204, 216, 252, 276, 384, 336, 204, 288, 216, 204, 192, 264, 204, 264, 216, 324, 228, 228, 288, 288, 264, 240, -1, -1, -1, -1, -1, -1, -1, -1, -1, -1, -1, -1, -1, -1, -1, -1, -1, -1, -1, -1, -1, -1, -1, -1, -1, -1, -1, -1, -1, -1, -1, -1, -1, -1, -1, -1, -1, -1, -1, -1, -1, -1, -1, -1, -1, -1, -1, -1, -1, -1, -1, -1, -1, -1, -1, -1, -1, -1, -1, -1, -1, -1, -1, -1, -1, -1, -1, -1, -1]",44.4748831165175,11.3891075564002,6714,6836.0
4.14 4.12 4 1,"[48, 60, 36, 24, 36, 60, 48, 36, 36, 24, 48, 72, 36, 48, 24, 12, 24, 48, 12, 24, 24, 36, 36, 0, 12, 48, 0, 12, 12, 12, 24, 12, 12, 0, 0, 12, 0, 0, 0, 12, 12, 12, 0, 12, 0, 12, 12, 0, 0, 24, 0, 12, 48, 0, 0, 24, 36, 12, 48, 36, 0, 12, 24, 36, 36, 24, 108, 12, 24, 48, 60, 24, 36, 24, 60, 96, 72, 108, 96, 96, 120, 144, 120, 108, 204, 240, 168, 420, 276, 360, 492, 408, 540, 456, 528, 444, 564, 696, 348, 480, 492, 480, 420, 528, 660, 396, 516, 468, 516, 288, 348, 564, 564, 312, 300, 240, 348, 240, 336, 276, 348, 372, 384, 300, 300, 384, 396, 384, 372, 396, 264, 396, 276, 372, 252, 312, 204, 300, 324, 396, 456, 300, 360, 324, 312, 204, 324, 276, 288, 324, 300, 288, 348, 276, 264, 252, 264, 312, 300, 288, 300, 312, 252, 300, 372, 204, 432, 492, 396, 372, 240, 336, 360, 240, 324, 204, 372, 204, 324, 276, 312, 192, 228, 360, 408, 264, 324, 360, 228, 360, 372, 420, 288, 408, 444, 372, 444, 372, 360, 480, 384, 348, 456, 480, 444, 420, 324, 552, 540, 372, 432, 312, 408, 372, 372, 276, 420, 396, 360, -1, -1, -1, -1, -1, -1, -1, -1, -1, -1, -1, -1, -1, -1, -1, -1, -1, -1, -1, -1, -1, -1, -1, -1, -1, -1, -1, -1, -1, -1, -1, -1, -1, -1, -1, -1, -1, -1, -1, -1, -1, -1, -1, -1, -1, -1, -1, -1, -1, -1, -1, -1, -1, -1, -1, -1, -1, -1, -1, -1, -1, -1, -1, -1, -1, -1, -1, -1, -1]",44.4753249700388,11.3892299364847,6714,15817.0
4.14 4.38 8 1,"[72, 144, 48, 12, 36, 60, 36, 12, 60, 24, 84, 12, 24, 12, 48, 0, 36, 12, 48, 24, 24, 0, 12, 72, 12, 24, 0, 24, 12, 24, 12, 0, 24, 0, 12, 0, 24, 24, 12, 0, 0, 0, 12, 0, 36, 12, 0, 24, 12, 0, 12, 0, 0, 12, 48, 0, 24, 36, 12, 0, 48, 60, 36, 48, 36, 60, 60, 60, 24, 48, 36, 84, 60, 96, 48, 132, 96, 120, 156, 156, 96, 132, 144, 180, 144, 204, 228, 360, 168, 276, 300, 504, 360, 480, 480, 324, 444, 396, 408, 480, 444, 300, 336, 336, 408, 360, 408, 396, 324, 348, 288, 336, 300, 396, 240, 336, 276, 360, 300, 396, 360, 312, 420, 216, 444, 360, 384, 372, 360, 324, 372, 408, 432, 240, 456, 468, 528, 312, 540, 348, 468, 300, 336, 516, 408, 384, 360, 336, 264, 444, 456, 396, 516, 420, 360, 396, 276, 300, 348, 288, 312, 312, 288, 288, 348, 480, 372, 468, 288, 384, 408, 348, 372, 264, 360, 276, 396, 420, 288, 276, 456, 384, 360, 348, 348, 288, 420, 288, 324, 456, 456, 396, 480, 348, 516, 324, 528, 468, 396, 504, 480, 504, 396, 456, 600, 552, 444, 576, 600, 480, 600, 660, 480, 492, 468, 636, 708, 576, 396, -1, -1, -1, -1, -1, -1, -1, -1, -1, -1, -1, -1, -1, -1, -1, -1, -1, -1, -1, -1, -1, -1, -1, -1, -1, -1, -1, -1, -1, -1, -1, -1, -1, -1, -1, -1, -1, -1, -1, -1, -1, -1, -1, -1, -1, -1, -1, -1, -1, -1, -1, -1, -1, -1, -1, -1, -1, -1, -1, -1, -1, -1, -1, -1, -1, -1, -1, -1, -1]",44.4748441570862,11.3887636318833,6714,6727.0
4.14 4.89 2 1,"[0, 0, 0, 0, 0, 0, 0, 0, 0, 0, 0, 0, 0, 0, 0, 0, 0, 0, 0, 0, 0, 0, 0, 0, 0, 0, 0, 0, 0, 0, 0, 0, 0, 0, 0, 0, 0, 0, 0, 0, 0, 0, 0, 0, 0, 0, 0, 0, 0, 0, 0, 0, 0, 0, 0, 0, 0, 0, 0, 0, 0, 0, 0, 0, 0, 0, 0, 0, 0, 0, 0, 0, 0, 0, 0, 0, 0, 0, 0, 0, 0, 0, 0, 0, 0, 0, 0, 0, 0, 0, 0, 0, 0, 0, 0, 0, 0, 0, 0, 0, 0, 0, 0, 0, 0, 0, 0, 0, 0, 0, 0, 0, 0, 0, 0, 0, 0, 0, 0, 0, 0, 0, 0, 0, 0, 0, 0, 0, 0, 0, 0, 0, 0, 0, 0, 0, 0, 0, 0, 0, 0, 0, 0, 0, 0, 0, 0, 0, 0, 0, 0, 0, 0, 0, 0, 0, 0, 0, 0, 0, 0, 0, 0, 0, 0, 0, 0, 0, 0, 0, 0, 0, 0, 0, 0, 0, 0, 0, 0, 0, 0, 0, 0, 0, 0, 0, 0, 0, 0, 0, 0, 0, 0, 0, 0, 0, 0, 0, 0, 0, 0, 0, 0, 0, 0, 0, 0, 0, 0, 0, 0, 0, 0, 0, 0, 0, 0, 0, 0, -1, -1, -1, -1, -1, -1, -1, -1, -1, -1, -1, -1, -1, -1, -1, -1, -1, -1, -1, -1, -1, -1, -1, -1, -1, -1, -1, -1, -1, -1, -1, -1, -1, -1, -1, -1, -1, -1, -1, -1, -1, -1, -1, -1, -1, -1, -1, -1, -1, -1, -1, -1, -1, -1, -1, -1, -1, -1, -1, -1, -1, -1, -1, -1, -1, -1, -1, -1, -1]",44.4753124622157,11.3886198517171,6714,6775.0
4.15 4.13 6 1,"[180, 288, 180, 312, 156, 156, 216, 132, 276, 156, 156, 72, 168, 204, 132, 48, 192, 120, 84, 72, 132, 48, 84, 120, 60, 120, 108, 48, 36, 24, 60, 60, 24, 48, 36, 24, 12, 48, 24, 12, 0, 60, 24, 48, 48, 12, 36, 48, 0, 36, 12, 12, 60, 0, 0, 36, 48, 24, 48, 72, 84, 84, 36, 108, 48, 48, 36, 60, 84, 96, 132, 60, 120, 72, 96, 132, 132, 216, 240, 180, 192, 156, 228, 144, 384, 264, 348, 264, 480, 516, 252, 564, 516, 708, 744, 672, 912, 708, 864, 660, 600, 600, 696, 720, 648, 768, 600, 696, 708, 564, 648, 540, 756, 516, 624, 684, 564, 552, 720, 516, 552, 492, 696, 780, 672, 396, 468, 612, 600, 588, 816, 648, 672, 492, 516, 696, 660, 480, 732, 720, 660, 444, 432, 696, 744, 720, 684, 948, 648, 684, 840, 528, 672, 744, 756, 588, 684, 504, 636, 888, 672, 504, 732, 708, 720, 840, 528, 588, 588, 732, 708, 804, 588, 684, 540, 588, 516, 600, 720, 576, 600, 636, 600, 780, 660, 588, 672, 720, 672, 588, 780, 828, 672, 672, 744, 744, 696, 672, 612, 828, 948, 828, 972, 936, 720, 732, 888, 528, 768, 576, 948, 648, 744, 552, 780, 576, 684, 912, 648, 948, 912, 648, 816, 708, 1044, 840, 576, 1008, 696, 984, 720, 720, 696, 912, 720, 696, 660, 636, 648, 636, 744, 708, 456, 492, 528, 732, 624, 588, 612, 444, 504, 444, 324, 312, 420, 240, 264, 336, 276, 444, 276, 240, 276, 312, 288, 276, 192, 192, 228, 216, 336, 300, 360, 204, 228, 252, 300, 420, 348, 240, 252, 252, 360, 276, 372, 288, 288, 144]",44.4842345736037,11.3726866737737,6460,16325.0
4.15 4.13 6 2,"[252, 204, 192, 180, 228, 228, 168, 204, 204, 204, 192, 144, 204, 60, 168, 204, 216, 192, 144, 168, 144, 84, 204, 180, 204, 180, 180, 144, 144, 204, 180, 180, 180, 120, 180, 180, 108, 144, 180, 168, 180, 144, 168, 168, 168, 144, 120, 180, 144, 120, 132, 180, 168, 108, 156, 168, 180, 180, 180, 192, 168, 156, 132, 204, 168, 156, 156, 108, 168, 48, 120, 48, 96, 72, 84, 156, 180, 192, 180, 120, 60, 168, 168, 204, 180, 180, 216, 252, 144, 144, 240, 48, 216, 180, 228, 216, 228, 204, 180, 144, 228, 168, 156, 204, 276, 228, 192, 264, 168, 216, 48, 228, 204, 180, 156, 228, 84, 204, 240, 252, 192, 192, 228, 264, 228, 132, 120, 264, 96, 216, 264, 204, 288, 276, 192, 108, 60, 108, 132, 228, 276, 204, 240, 216, 264, 228, 204, 132, 144, 300, 192, 204, 96, 264, 204, 72, 240, 228, 300, 168, 288, 192, 216, 264, 240, 156, 240, 264, 60, 180, 252, 204, 132, 228, 228, 180, 180, 276, 180, 96, 192, 60, 276, 96, 252, 216, 228, 252, 228, 108, 24, 168, 180, 132, 288, 180, 312, 228, 240, 276, 180, 240, 204, 192, 144, 72, 228, 132, 276, 192, 252, 300, 192, 216, 240, 204, 216, 228, 240, 60, 36, 288, 204, 264, 180, 192, 240, 192, 252, 264, 108, 300, 96, 276, 156, 240, 84, 228, 204, 192, 60, 36, 48, 204, 264, 264, 288, 252, 252, 228, 264, 276, 132, 216, 276, 204, 228, 264, 228, 228, 252, 180, 252, 264, 228, 216, 168, 144, 180, 192, 180, 216, 216, 192, 204, 216, 228, 276, 264, 144, 240, 288, 228, 192, 192, 324, 216, 228]",44.4813999814497,11.3805540777111,16369,6902.0
4.15 4.16 2 1,"[216, 96, 132, 120, 228, 180, 120, 60, 144, 120, 96, 96, 72, 48, 120, 48, 24, 60, 72, 60, 120, 48, 60, 84, 12, 24, 0, 24, 36, 0, 24, 24, 84, 0, 0, 36, 12, 24, 12, 24, 24, 12, 36, 0, 36, 36, 0, 12, 0, 12, 36, 0, 12, 24, 24, 24, 48, 48, 24, 84, 48, 24, 48, 60, 60, 36, 84, 84, 144, 144, 96, 60, 132, 216, 156, 228, 300, 240, 252, 324, 252, 264, 348, 216, 324, 384, 480, 384, 588, 624, 636, 696, 840, 828, 744, 756, 828, 852, 912, 564, 576, 912, 648, 936, 840, 756, 768, 816, 744, 696, 636, 672, 588, 708, 612, 624, 480, 456, 552, 564, 624, 504, 516, 480, 72, 420, 348, 648, 504, 600, 576, 576, 648, 528, 564, 576, 528, 744, 504, 672, 528, 168, 564, 528, 624, 492, 636, 564, 540, 576, 588, 540, 456, 660, 480, 588, 576, 456, 684, 576, 492, 552, 624, 396, 228, 348, 432, 360, 204, 396, 420, 552, 528, 636, 408, 480, 456, 84, 636, 432, 480, 540, 132, 456, 84, 420, 504, 624, 600, 564, 480, 540, 372, 624, 528, 516, 600, 612, 636, 444, 708, 672, 684, 696, 588, 792, 768, 672, 708, 600, 684, 624, 516, 672, 636, 708, 624, 660, 780, 840, 768, 696, 708, 732, 660, 708, 528, 732, 624, 168, 588, 672, 672, 684, 696, 744, 552, 336, 648, 480, 636, 600, 408, 588, 408, 648, 360, 552, 324, 540, 396, 336, 372, 408, 360, 276, 348, 264, 288, 276, 240, 384, 204, 264, 216, 180, 216, 228, 228, 324, 324, 276, 264, 144, 216, 264, 228, 216, 252, 252, 228, 132, 240, 192, 264, 276, 204, 300]",44.4844652515126,11.3722820568843,6460,15646.0
4.15 4.92 8 1,"[0, 0, 0, 0, 0, 0, 0, 0, 0, 0, 0, 0, 0, 0, 0, 0, 0, 0, 0, 0, 0, 0, 0, 0, 0, 0, 0, 0, 0, 0, 0, 0, 0, 0, 0, 0, 0, 0, 0, 0, 0, 0, 0, 0, 0, 0, 0, 0, 0, 0, 0, 0, 0, 0, 0, 0, 0, 0, 0, 0, 0, 0, 0, 0, 0, 0, 0, 0, 0, 0, 0, 0, 0, 0, 0, 0, 0, 0, 0, 0, 0, 0, 0, 0, 0, 0, 0, 0, 0, 0, 0, 0, 0, 0, 0, 0, 0, 0, 0, 0, 0, 0, 0, 0, 0, 0, 0, 0, 0, 0, 0, 0, 0, 0, 0, 0, 0, 36, 888, 132, 0, 348, 0, 0, 0, 0, 0, 0, 0, 0, 0, 0, 0, 0, 0, 24, 48, 204, 276, 120, 684, 828, 264, 324, 0, 0, 0, 0, 12, 0, 0, 0, 0, 0, 0, 0, 0, 0, 192, 0, 0, 0, 0, 0, 0, 0, 0, 0, 0, 0, 0, 0, 0, 0, 120, 108, 0, 0, 0, 180, 384, 12, 0, 0, 12, 12, 0, 60, 12, 0, 12, 264, 552, 108, 264, 0, 468, 252, 0, 0, 0, 0, 0, 0, 0, 0, 0, 0, 0, 0, 0, 0, 0, 0, 0, 0, 0, 0, 0, 0, 0, 0, 12, 156, 0, 0, 0, 0, 0, 0, 0, 0, 108, 0, 0, 0, 0, 0, 0, 0, 0, 0, 0, 60, 0, 0, 0, 0, 0, 0, 0, 0, 0, 0, 0, 0, 72, 108, 0, 0, 0, 0, 0, 0, 0, 0, 0, 0, 0, 0, 0, 0, 0, 0, 0, 0, 0, 0, 0, 0, 0, 0, 0, 0, 0, 0, 0, 0]",44.4840946104171,11.3722913785114,6460,6386.0
4.16 4.15 6 1,"[144, 60, 60, 120, 156, 96, 36, 72, 96, 48, 48, 60, 84, 48, 48, 60, 36, 12, 60, 48, 48, 72, 48, 72, 0, 60, 36, 60, 24, 24, 12, 12, 36, 24, 24, 0, 0, 36, 0, 12, 12, 12, 0, 24, 0, 0, 0, 0, 24, 24, 24, 0, 0, 12, 24, 48, 48, 24, 12, 24, 12, 12, 12, 72, 24, 12, 36, 36, 36, 36, 36, 48, 24, 72, 36, 108, 108, 108, 96, 72, 156, 132, 168, 156, 132, 312, 192, 348, 372, 288, 348, 480, 552, 720, 456, 756, 708, 864, 576, 768, 516, 528, 588, 732, 564, 564, 564, 408, 612, 516, 432, 480, 408, 456, 444, 492, 408, 504, 540, 384, 348, 312, 360, 372, 600, 408, 312, 348, 348, 432, 492, 516, 468, 456, 336, 480, 504, 372, 420, 432, 408, 540, 492, 456, 444, 480, 516, 492, 516, 480, 528, 408, 540, 516, 408, 468, 372, 516, 564, 528, 576, 636, 444, 432, 504, 540, 672, 492, 492, 708, 396, 588, 420, 576, 492, 480, 408, 384, 336, 552, 492, 360, 324, 396, 492, 312, 372, 372, 480, 552, 408, 456, 564, 564, 420, 528, 516, 564, 468, 456, 780, 528, 612, 780, 576, 456, 528, 504, 552, 768, 624, 528, 684, 516, 540, 732, 516, 540, 672, 540, 540, 756, 672, 708, 780, 468, 588, 684, 576, 480, 624, 576, 660, 480, 528, 552, 612, 528, 744, 540, 576, 456, 444, 420, 360, 420, 468, 444, 312, 492, 240, 168, 276, 240, 264, 204, 192, 252, 312, 276, 108, 360, 252, 204, 228, 156, 120, 144, 228, 180, 228, 240, 108, 240, 120, 204, 156, 240, 120, 216, 192, 144, 96, 204, 120, 96, 132, 204]",44.4855032333141,11.3694071195436,6436,16317.0
4.16 4.17 2 1,"[96, 84, 60, 108, 84, 84, 72, 132, 96, 48, 60, 36, 60, 96, 60, 48, 108, 84, 36, 36, 60, 24, 48, 48, 36, 132, 24, 48, 24, 24, 60, 12, 12, 36, 36, 0, 24, 12, 36, 0, 0, 12, 24, 24, 12, 12, 12, 12, 0, 12, 0, 0, 36, 0, 0, 60, 12, 12, 48, 24, 24, 36, 24, 48, 36, 12, 24, 60, 36, 36, 24, 24, 48, 48, 48, 48, 60, 72, 72, 120, 144, 108, 216, 108, 84, 96, 180, 252, 252, 108, 192, 204, 216, 48, 60, 180, 480, 168, 204, 336, 132, 276, 348, 240, 228, 252, 324, 276, 300, 216, 156, 300, 216, 216, 216, 312, 288, 228, 300, 252, 288, 180, 288, 396, 336, 216, 288, 288, 216, 264, 348, 300, 324, 204, 384, 192, 264, 312, 216, 264, 276, 252, 300, 264, 264, 312, 276, 396, 276, 372, 360, 168, 348, 252, 396, 264, 444, 240, 384, 360, 204, 192, 300, 240, 276, 300, 228, 252, 252, 288, 372, 348, 300, 348, 252, 336, 288, 324, 372, 276, 288, 348, 288, 264, 180, 300, 360, 180, 360, 300, 300, 384, 360, 252, 348, 312, 324, 192, 300, 324, 336, 432, 312, 408, 348, 312, 420, 252, 468, 288, 276, 228, 408, 372, 276, 228, 372, 540, 264, 264, 360, 276, 336, 432, 348, 300, 336, 288, 504, 324, 192, 396, 252, 324, 216, 312, 264, 252, 264, 192, 228, 360, 348, 120, 228, 252, 324, 252, 276, 204, 216, 168, 228, 216, 192, 108, 72, 216, 120, 192, 156, 96, 168, 168, 144, 108, 168, 120, 72, 108, 180, 168, 168, 108, 120, 192, 144, 144, 84, 168, 108, 168, 120, 108, 204, 180, 180, 132]",44.4857601759854,11.3688667208871,6436,6447.0
4.16 4.86 4 1,"[96, 72, 84, 84, 108, 96, 156, 48, 120, 48, 132, 96, 48, 24, 48, 24, 36, 36, 36, 24, 96, 24, 72, 36, 24, 60, 0, 12, 12, 24, 24, 24, 60, 0, 0, 36, 0, 12, 0, 24, 0, 0, 24, 0, 24, 24, 0, 12, 0, 12, 24, 0, 12, 24, 24, 12, 12, 24, 24, 36, 60, 36, 24, 36, 48, 36, 48, 60, 96, 96, 72, 72, 108, 168, 192, 180, 216, 192, 108, 276, 264, 192, 372, 252, 192, 336, 372, 396, 444, 336, 492, 564, 516, 756, 468, 516, 708, 552, 756, 708, 756, 612, 768, 576, 588, 504, 588, 516, 600, 432, 480, 744, 396, 624, 468, 588, 564, 336, 408, 432, 456, 504, 360, 492, 372, 372, 300, 468, 264, 432, 432, 480, 540, 384, 384, 468, 432, 696, 360, 516, 408, 360, 456, 336, 456, 408, 552, 420, 324, 468, 444, 396, 360, 420, 420, 408, 468, 384, 408, 312, 528, 360, 468, 444, 336, 360, 408, 264, 432, 240, 336, 396, 420, 420, 396, 372, 360, 444, 444, 336, 372, 336, 420, 360, 240, 384, 420, 384, 468, 336, 384, 348, 348, 396, 384, 480, 360, 468, 408, 372, 504, 528, 444, 384, 408, 552, 456, 420, 648, 300, 420, 528, 396, 612, 360, 456, 552, 444, 552, 552, 732, 516, 432, 648, 492, 552, 552, 408, 540, 492, 456, 420, 468, 456, 540, 468, 444, 396, 468, 456, 300, 444, 324, 324, 288, 348, 216, 264, 264, 276, 216, 192, 252, 288, 264, 228, 168, 204, 108, 192, 252, 168, 192, 156, 180, 132, 156, 192, 180, 240, 132, 132, 240, 96, 156, 168, 156, 180, 132, 228, 180, 240, 192, 180, 132, 228, 84, 228]",44.4857828065715,11.3692907200912,6436,6457.0
4.16 4.93 8 1,"[96, 144, 84, 204, 96, 84, 84, 60, 60, 60, 48, 48, 36, 48, 108, 60, 24, 36, 48, 48, 60, 12, 24, 24, 48, 0, 12, 24, 0, 36, 0, 36, 0, 24, 0, 12, 24, 12, 12, 0, 12, 12, 12, 24, 12, 0, 12, 12, 0, 36, 0, 12, 0, 0, 12, 12, 12, 24, 24, 0, 12, 24, 12, 24, 24, 36, 24, 72, 0, 0, 60, 60, 96, 36, 36, 72, 60, 72, 60, 96, 72, 120, 108, 108, 144, 156, 228, 168, 204, 216, 252, 264, 312, 540, 552, 456, 456, 408, 360, 312, 372, 408, 312, 312, 384, 384, 324, 468, 408, 468, 360, 300, 264, 348, 240, 312, 336, 444, 216, 216, 228, 360, 180, 432, 252, 360, 324, 264, 372, 300, 216, 312, 252, 288, 348, 420, 264, 420, 384, 384, 252, 192, 300, 336, 432, 468, 372, 396, 372, 324, 420, 384, 300, 336, 384, 312, 288, 372, 444, 468, 408, 372, 468, 300, 408, 504, 300, 336, 408, 456, 492, 396, 432, 420, 240, 372, 264, 252, 276, 444, 228, 372, 324, 456, 348, 324, 492, 444, 360, 348, 336, 384, 456, 336, 396, 480, 288, 480, 240, 540, 420, 612, 552, 504, 444, 624, 408, 396, 396, 540, 540, 348, 384, 264, 468, 348, 336, 324, 456, 612, 408, 312, 456, 480, 468, 468, 360, 636, 372, 480, 456, 312, 420, 516, 336, 480, 396, 300, 384, 480, 432, 396, 372, 324, 312, 432, 420, 288, 324, 300, 216, 156, 156, 252, 180, 252, 120, 132, 144, 168, 108, 168, 120, 192, 96, 84, 96, 60, 96, 72, 72, 132, 144, 48, 96, 192, 120, 240, 180, 96, 108, 96, 132, 96, 120, 120, 108, 144]",44.4854695973734,11.3689627200264,6436,6437.0
4.17 4.16 6 1,"[168, 108, 108, 156, 84, 96, 120, 108, 72, 72, 48, 60, 108, 108, 84, 60, 72, 72, 60, 36, 84, 12, 60, 48, 72, 72, 24, 48, 12, 12, 72, 24, 36, 24, 36, 24, 12, 0, 24, 0, 0, 24, 0, 24, 0, 0, 24, 12, 24, 12, 0, 0, 24, 0, 12, 48, 12, 24, 24, 0, 24, 24, 24, 60, 48, 0, 36, 36, 24, 24, 36, 24, 60, 48, 60, 72, 108, 72, 72, 120, 156, 168, 144, 120, 168, 156, 168, 300, 312, 264, 288, 372, 360, 444, 456, 360, 600, 444, 444, 312, 372, 372, 480, 468, 396, 384, 552, 360, 432, 384, 516, 372, 384, 528, 384, 360, 360, 480, 384, 312, 360, 348, 492, 588, 492, 360, 444, 384, 360, 480, 492, 408, 468, 420, 492, 540, 432, 492, 396, 432, 324, 360, 552, 540, 444, 492, 504, 540, 588, 468, 540, 432, 420, 420, 456, 480, 576, 552, 504, 492, 540, 444, 492, 396, 492, 516, 348, 408, 480, 648, 456, 504, 528, 504, 504, 444, 396, 336, 600, 384, 396, 432, 468, 348, 252, 492, 588, 504, 504, 468, 492, 468, 504, 432, 480, 552, 540, 384, 600, 492, 576, 600, 636, 564, 576, 492, 696, 504, 648, 588, 456, 420, 492, 564, 612, 480, 480, 372, 732, 516, 504, 492, 576, 648, 576, 504, 384, 552, 576, 408, 432, 480, 516, 540, 420, 600, 420, 540, 468, 312, 432, 552, 444, 372, 240, 396, 432, 432, 216, 252, 336, 288, 204, 216, 252, 132, 132, 228, 132, 144, 156, 204, 228, 204, 120, 84, 168, 120, 96, 96, 288, 132, 192, 156, 120, 204, 192, 276, 120, 216, 168, 96, 156, 192, 204, 228, 228, 216]",44.4865236525277,11.3666149694305,6435,6453.0
4.17 4.18 2 1,"[12, 24, 24, 24, 12, 0, 12, 0, 36, 12, 48, 12, 36, 0, 0, 12, 12, 0, 12, 12, 24, 36, 36, 0, 24, 12, 24, 0, 0, 12, 0, 12, 0, 0, 0, 0, 12, 0, 0, 0, 0, 0, 0, 12, 0, 0, 0, 12, 0, 0, 0, 0, 12, 12, 12, 0, 0, 12, 0, 12, 12, 12, 0, 0, 0, 24, 12, 12, 0, 60, 0, 12, 24, 24, 12, 48, 24, 48, 0, 48, 48, 36, 48, 72, 0, 60, 84, 48, 48, 72, 60, 108, 72, 72, 36, 132, 132, 84, 132, 144, 96, 60, 36, 0, 84, 60, 108, 96, 60, 72, 72, 132, 96, 36, 108, 72, 48, 60, 72, 48, 60, 96, 36, 84, 84, 84, 36, 24, 24, 60, 72, 36, 84, 72, 48, 60, 72, 72, 36, 60, 36, 24, 96, 48, 84, 84, 72, 36, 96, 72, 48, 48, 60, 36, 60, 24, 48, 60, 48, 24, 48, 48, 84, 12, 84, 48, 84, 24, 60, 60, 36, 36, 72, 72, 60, 60, 60, 24, 24, 84, 72, 72, 24, 96, 36, 60, 96, 36, 72, 36, 60, 48, 48, 72, 36, 108, 24, 48, 60, 72, 96, 60, 36, 36, 60, 96, 48, 36, 96, 36, 84, 48, 60, 60, 48, 48, 36, 60, 60, 60, 84, 72, 60, 72, 60, 84, 24, 48, 60, 60, 72, 48, 72, 72, 24, 60, 72, 36, 36, 24, 36, 36, 24, 48, 24, 24, 24, 24, 12, 36, 12, 0, 48, 36, 12, 36, 12, 36, 12, 12, 24, 24, 48, 0, 12, 24, 12, 12, 0, 60, 0, 0, 24, 12, 12, 36, 0, 24, 0, 12, 0, 48, 24, 12, 12, 60, 0, 12]",44.4867936082734,11.36606510483,6435,6366.0
4.17 4.87 4 1,"[72, 84, 120, 156, 168, 96, 108, 48, 84, 72, 120, 36, 72, 36, 48, 48, 24, 72, 36, 24, 108, 12, 84, 60, 24, 36, 48, 24, 48, 36, 24, 24, 48, 36, 12, 24, 12, 12, 0, 12, 24, 0, 12, 0, 12, 36, 0, 12, 24, 36, 12, 12, 0, 24, 24, 36, 24, 12, 48, 36, 84, 0, 0, 36, 84, 48, 60, 60, 168, 72, 108, 60, 132, 120, 144, 132, 264, 168, 192, 336, 168, 312, 300, 408, 360, 312, 456, 636, 624, 780, 792, 840, 1044, 1056, 756, 852, 684, 1008, 996, 1104, 924, 768, 852, 720, 936, 732, 720, 732, 852, 624, 672, 816, 624, 684, 888, 720, 768, 468, 660, 492, 528, 504, 780, 420, 624, 516, 456, 600, 600, 672, 600, 492, 660, 552, 732, 528, 564, 756, 540, 660, 528, 528, 612, 444, 384, 636, 804, 648, 528, 672, 456, 528, 528, 348, 528, 660, 660, 396, 708, 516, 648, 492, 600, 612, 456, 420, 516, 504, 504, 432, 456, 744, 684, 552, 456, 492, 384, 660, 444, 480, 612, 600, 384, 468, 528, 408, 576, 564, 624, 540, 396, 324, 468, 624, 396, 456, 576, 528, 420, 516, 576, 504, 636, 444, 564, 552, 636, 576, 780, 540, 624, 660, 552, 804, 456, 624, 660, 588, 540, 636, 540, 600, 504, 564, 600, 408, 492, 444, 516, 444, 588, 456, 456, 396, 600, 480, 576, 564, 660, 552, 504, 480, 288, 600, 480, 624, 288, 444, 444, 324, 240, 300, 192, 168, 312, 240, 216, 180, 216, 288, 204, 156, 132, 204, 312, 180, 228, 192, 192, 192, 204, 252, 180, 108, 204, 144, 168, 204, 144, 216, 192, 252, 144, 192, 252, 156, 168, 156]",,,,
4.17 4.94 8 1,"[120, 108, 72, 96, 48, 72, 96, 48, 48, 36, 24, 12, 48, 36, 24, 36, 12, 0, 12, 60, 24, 12, 12, 12, 0, 12, 12, 0, 0, 12, 12, 0, 0, 12, 12, 0, 0, 12, 12, 12, 36, 12, 0, 12, 0, 36, 0, 0, 0, 0, 0, 0, 0, 0, 0, 0, 0, 12, 24, 0, 0, 0, 24, 48, 0, 0, 12, 24, 24, 12, 0, 60, 48, 24, 36, 36, 24, 96, 60, 132, 84, 60, 120, 108, 84, 144, 108, 120, 252, 264, 144, 228, 360, 372, 264, 288, 312, 348, 288, 336, 324, 312, 276, 372, 420, 336, 312, 288, 360, 324, 324, 336, 228, 312, 336, 240, 276, 240, 300, 144, 276, 240, 264, 168, 228, 228, 180, 264, 156, 288, 240, 348, 228, 312, 180, 276, 396, 324, 180, 216, 276, 288, 264, 300, 336, 240, 300, 348, 192, 264, 264, 312, 288, 312, 276, 252, 156, 228, 324, 420, 300, 336, 168, 312, 348, 204, 264, 228, 276, 240, 216, 276, 312, 348, 192, 264, 240, 216, 192, 228, 324, 276, 348, 240, 228, 180, 264, 252, 216, 324, 216, 240, 240, 216, 252, 348, 192, 312, 204, 384, 312, 420, 324, 240, 348, 288, 276, 324, 336, 300, 312, 372, 228, 288, 300, 444, 264, 300, 300, 456, 444, 336, 288, 468, 372, 360, 312, 384, 444, 264, 456, 384, 312, 336, 264, 408, 324, 300, 372, 228, 192, 300, 324, 240, 180, 264, 108, 156, 192, 204, 180, 108, 204, 204, 144, 156, 168, 108, 132, 96, 108, 96, 144, 180, 72, 60, 84, 48, 168, 132, 96, 108, 36, 108, 96, 60, 36, 204, 108, 132, 96, 168, 120, 144, 168, 144, 108, 120]",44.4865385884469,11.3662227082545,6435,6369.0
4.18 4.17 6 1,"[168, 156, 204, 192, 168, 156, 156, 156, 96, 108, 72, 204, 132, 108, 72, 120, 132, 84, 120, 48, 108, 48, 108, 48, 132, 84, 60, 48, 72, 24, 108, 36, 48, 24, 24, 48, 24, 12, 24, 24, 48, 24, 36, 24, 12, 24, 36, 36, 96, 24, 0, 24, 24, 12, 48, 72, 12, 84, 48, 12, 48, 72, 48, 108, 84, 48, 36, 48, 108, 84, 96, 72, 36, 120, 156, 60, 96, 192, 132, 216, 276, 252, 216, 288, 180, 300, 420, 300, 444, 528, 552, 564, 552, 660, 672, 780, 756, 732, 660, 672, 600, 576, 612, 648, 660, 804, 636, 564, 744, 828, 744, 756, 684, 756, 696, 816, 732, 636, 612, 624, 780, 624, 768, 816, 576, 696, 576, 528, 612, 732, 768, 708, 576, 684, 792, 792, 684, 816, 696, 648, 636, 624, 780, 684, 780, 804, 852, 780, 792, 780, 636, 648, 648, 636, 816, 804, 552, 612, 672, 636, 624, 744, 756, 744, 852, 876, 708, 636, 720, 708, 636, 636, 804, 720, 816, 576, 552, 768, 720, 516, 780, 612, 696, 516, 612, 720, 672, 684, 684, 720, 696, 660, 648, 600, 684, 660, 636, 600, 744, 684, 600, 780, 732, 708, 744, 708, 600, 612, 744, 696, 612, 804, 768, 504, 696, 564, 828, 600, 756, 672, 552, 684, 588, 612, 576, 600, 540, 744, 720, 612, 672, 588, 696, 528, 648, 708, 636, 600, 648, 480, 516, 588, 564, 600, 588, 540, 612, 504, 492, 372, 468, 228, 300, 372, 408, 204, 204, 252, 348, 348, 252, 240, 336, 240, 204, 276, 276, 324, 228, 168, 384, 204, 324, 240, 192, 264, 204, 396, 228, 228, 216, 192, 168, 276, 216, 276, 360, 252]",44.4880373552272,11.3626671793686,6374,6373.0
4.18 4.19 2 1,"[72, 36, 36, 24, 48, 12, 48, 0, 60, 0, 60, 24, 36, 12, 24, 36, 24, 0, 12, 12, 36, 84, 36, 0, 60, 0, 24, 12, 0, 12, 0, 12, 0, 24, 12, 0, 12, 0, 0, 0, 0, 12, 0, 24, 0, 0, 24, 0, 24, 0, 0, 0, 0, 24, 12, 12, 12, 12, 24, 12, 12, 12, 12, 24, 24, 12, 0, 36, 0, 60, 0, 12, 24, 24, 24, 60, 24, 48, 12, 108, 60, 12, 132, 108, 0, 60, 48, 84, 84, 60, 96, 120, 120, 144, 72, 156, 144, 108, 144, 180, 144, 84, 132, 192, 120, 120, 120, 132, 132, 96, 108, 96, 192, 48, 108, 72, 96, 84, 120, 72, 72, 96, 60, 108, 120, 144, 48, 36, 36, 60, 84, 168, 36, 120, 48, 84, 60, 108, 48, 108, 60, 108, 96, 60, 120, 120, 84, 108, 72, 132, 132, 24, 120, 96, 120, 48, 60, 96, 96, 72, 60, 144, 60, 48, 96, 84, 96, 72, 60, 120, 72, 48, 120, 60, 108, 84, 72, 60, 72, 108, 132, 60, 36, 132, 60, 204, 108, 72, 60, 36, 96, 72, 132, 96, 72, 96, 108, 96, 72, 60, 132, 84, 120, 72, 108, 132, 96, 24, 144, 84, 132, 132, 84, 48, 108, 144, 156, 72, 180, 144, 156, 168, 192, 180, 144, 180, 84, 72, 168, 168, 168, 36, 108, 120, 72, 84, 132, 144, 60, 144, 72, 60, 120, 144, 84, 84, 84, 120, 96, 108, 84, 108, 48, 84, 84, 48, 72, 120, 24, 72, 48, 48, 24, 84, 48, 24, 24, 36, 48, 96, 48, 0, 48, 48, 0, 60, 24, 36, 24, 36, 12, 48, 36, 36, 60, 84, 36, 24]",44.4882460506983,11.3622854366802,6374,16321.0
4.18 4.95 8 1,"[12, 0, 24, 12, 12, 12, 0, 24, 48, 0, 0, 0, 24, 0, 0, 12, 12, 12, 0, 0, 24, 0, 0, 12, 12, 0, 0, 0, 0, 0, 0, 12, 12, 0, 0, 0, 0, 0, 0, 0, 0, 12, 12, 12, 12, 12, 0, 12, 12, 0, 0, 0, 0, 0, 12, 0, 0, 0, 0, 12, 12, 0, 0, 12, 24, 12, 0, 0, 12, 12, 36, 12, 36, 36, 24, 96, 24, 60, 24, 36, 48, 36, 36, 60, 36, 48, 48, 84, 48, 72, 96, 108, 120, 276, 168, 108, 132, 180, 132, 156, 168, 168, 144, 228, 168, 120, 240, 72, 180, 132, 120, 204, 252, 120, 156, 168, 204, 120, 132, 96, 144, 60, 132, 156, 192, 144, 240, 144, 120, 156, 216, 156, 156, 180, 84, 168, 144, 180, 144, 144, 264, 180, 108, 132, 288, 240, 204, 192, 120, 132, 156, 192, 204, 216, 168, 228, 168, 132, 156, 156, 156, 180, 204, 120, 48, 144, 132, 120, 132, 216, 192, 96, 192, 228, 180, 132, 168, 168, 156, 132, 72, 72, 144, 120, 120, 156, 120, 120, 180, 96, 192, 84, 144, 180, 72, 192, 144, 168, 156, 120, 144, 120, 168, 180, 168, 120, 120, 144, 108, 228, 132, 108, 144, 72, 132, 96, 96, 72, 180, 108, 60, 96, 72, 168, 156, 168, 144, 48, 108, 156, 132, 108, 120, 120, 96, 156, 108, 144, 96, 48, 180, 96, 156, 72, 72, 48, 48, 84, 96, 60, 60, 24, 48, 48, 72, 24, 48, 48, 60, 24, 36, 48, 24, 24, 60, 36, 12, 48, 36, 84, 0, 48, 36, 12, 12, 12, 36, 12, 60, 36, 48, 24, 36, 12, 12, 12, 12, 24]",44.4880376015462,11.3623634887564,6374,6363.0
4.19 4.9 4 1,"[288, 288, 240, 240, 336, 192, 156, 84, 180, 96, 120, 228, 120, 192, 132, 180, 84, 120, 60, 120, 96, 108, 84, 156, 84, 72, 84, 96, 144, 48, 108, 72, 72, 24, 24, 72, 48, 48, 84, 0, 12, 36, 72, 84, 12, 0, 60, 96, 36, 12, 60, 60, 84, 96, 96, 72, 60, 84, 36, 108, 60, 84, 24, 96, 132, 120, 96, 216, 84, 120, 240, 120, 216, 264, 444, 396, 432, 420, 360, 240, 396, 432, 576, 528, 468, 780, 576, 780, 840, 912, 960, 900, 888, 1644, 1236, 996, 1260, 1116, 1452, 1440, 1320, 1248, 876, 888, 1428, 1044, 1092, 1140, 1092, 1044, 756, 900, 1356, 1272, 1248, 912, 1008, 864, 888, 864, 816, 1188, 732, 972, 900, 1056, 1188, 756, 1116, 732, 1116, 852, 960, 936, 900, 972, 876, 864, 1080, 936, 1008, 828, 1032, 984, 876, 1044, 1032, 768, 1044, 756, 900, 948, 1212, 768, 996, 840, 948, 840, 1104, 816, 888, 672, 816, 840, 912, 852, 864, 912, 816, 1152, 588, 1092, 672, 912, 828, 936, 948, 660, 936, 960, 756, 828, 780, 936, 684, 840, 1020, 876, 1032, 708, 924, 900, 1044, 600, 1044, 660, 1008, 756, 972, 984, 636, 1140, 684, 936, 720, 1092, 960, 1140, 720, 996, 708, 960, 756, 1008, 708, 696, 996, 744, 1044, 1020, 888, 852, 900, 876, 636, 984, 744, 900, 912, 756, 1068, 720, 960, 636, 1020, 684, 924, 720, 732, 924, 876, 648, 756, 828, 648, 660, 732, 456, 600, 384, 696, 444, 432, 420, 480, 384, 384, 312, 468, 384, 432, 312, 312, 264, 360, 300, 264, 288, 348, 504, 336, 240, 408, 288, 360, 312, 360, 372, 288, 444, 228, 336, 264, 336, 168, 324, 336, 300]",44.4907515867996,11.3576145615716,16758,6475.0
4.19 4.18 6 1,"[276, 204, 204, 312, 252, 216, 240, 192, 240, 120, 96, 252, 204, 144, 204, 228, 204, 204, 144, 144, 144, 108, 168, 156, 216, 168, 84, 108, 96, 36, 132, 48, 108, 72, 36, 60, 72, 96, 48, 24, 24, 24, 36, 60, 36, 60, 48, 36, 72, 12, 0, 60, 24, 36, 84, 96, 0, 84, 36, 72, 60, 24, 96, 132, 108, 84, 108, 168, 132, 96, 108, 60, 24, 180, 216, 84, 108, 240, 156, 360, 348, 156, 312, 420, 228, 408, 420, 528, 396, 468, 528, 564, 744, 708, 636, 864, 828, 696, 612, 792, 576, 684, 552, 612, 852, 612, 888, 804, 756, 672, 768, 612, 768, 876, 660, 996, 576, 804, 552, 708, 684, 636, 732, 756, 660, 192, 444, 504, 576, 912, 684, 684, 516, 720, 732, 552, 780, 696, 684, 636, 756, 672, 720, 648, 792, 948, 972, 588, 768, 864, 540, 444, 684, 912, 660, 792, 708, 696, 912, 720, 696, 756, 576, 864, 720, 624, 600, 660, 552, 720, 648, 852, 900, 720, 624, 684, 636, 948, 576, 600, 672, 672, 720, 516, 708, 948, 804, 696, 768, 948, 648, 852, 660, 564, 816, 636, 612, 756, 768, 744, 876, 816, 912, 756, 876, 792, 804, 804, 768, 708, 612, 888, 708, 528, 612, 432, 984, 684, 732, 864, 528, 936, 672, 720, 828, 168, 936, 732, 888, 828, 528, 828, 720, 876, 756, 720, 924, 720, 624, 660, 648, 756, 612, 564, 624, 504, 636, 516, 360, 552, 444, 348, 372, 444, 420, 312, 348, 300, 516, 324, 180, 408, 396, 396, 276, 372, 264, 456, 384, 444, 384, 288, 276, 264, 288, 336, 432, 252, 432, 360, 312, 240, 240, 408, 372, 348, 432, 360]",44.4897501701348,11.3583559634235,6468,16319.0
4.19 4.43 8 1,"[336, 372, 264, 408, 444, 144, 264, 132, 204, 216, 300, 216, 168, 180, 168, 168, 96, 144, 180, 120, 156, 108, 48, 84, 132, 132, 192, 108, 36, 72, 36, 12, 84, 36, 36, 36, 0, 0, 0, 24, 12, 12, 0, 0, 24, 12, 12, 0, 12, 48, 24, 0, 12, 72, 48, 120, 12, 84, 36, 72, 60, 48, 48, 24, 84, 36, 84, 108, 60, 60, 84, 84, 132, 156, 192, 132, 144, 276, 192, 252, 204, 288, 264, 384, 348, 528, 336, 516, 564, 492, 684, 504, 924, 768, 768, 840, 732, 984, 852, 960, 756, 540, 516, 840, 816, 852, 840, 648, 564, 804, 768, 660, 684, 468, 768, 660, 588, 732, 600, 468, 696, 516, 600, 732, 600, 696, 744, 504, 696, 792, 588, 780, 588, 768, 624, 672, 696, 612, 816, 792, 648, 732, 900, 612, 696, 528, 660, 756, 960, 984, 756, 780, 888, 924, 684, 816, 876, 972, 936, 852, 972, 744, 876, 708, 972, 852, 708, 804, 672, 720, 828, 876, 708, 768, 720, 672, 696, 756, 828, 588, 840, 636, 708, 708, 672, 672, 804, 552, 804, 564, 684, 720, 672, 768, 468, 816, 732, 828, 600, 900, 840, 780, 756, 1032, 576, 660, 960, 1068, 828, 816, 996, 912, 876, 792, 960, 756, 1008, 1032, 732, 672, 720, 912, 696, 1008, 864, 984, 780, 936, 828, 696, 864, 768, 732, 792, 972, 648, 864, 816, 792, 804, 660, 636, 852, 912, 720, 600, 684, 744, 756, 504, 456, 516, 540, 372, 444, 456, 552, 300, 420, 384, 396, 360, 444, 432, 396, 396, 504, 300, 240, 504, 348, 372, 384, 252, 336, 324, 276, 432, 360, 432, 288, 504, 564, 372, 216, 396, 468, 384]",44.4893377631406,11.3575423947453,16765,16761.0
4.20 4.72 2 1,"[60, 72, 36, 72, 0, 60, 84, 12, 48, 36, 36, 36, 48, 60, 60, 0, 48, 24, 24, 12, 24, 24, 36, 0, 0, 12, 0, 12, 0, 48, 12, 0, 12, 12, 24, 24, 48, 12, 0, 12, 0, 36, 24, 72, 36, 24, 24, 0, 48, 12, 24, 60, 24, 96, 48, 96, 48, 60, 72, 60, 72, 132, 72, 144, 180, 216, 192, 156, 228, 216, 192, 180, 252, 240, 276, 192, 420, 360, 384, 420, 432, 372, 612, 576, 612, 612, 480, 672, 660, 744, 816, 552, 612, 636, 504, 720, 600, 660, 528, 624, 480, 612, 552, 504, 600, 600, 684, 708, 756, 552, 492, 708, 528, 504, 552, 660, 636, 504, 600, 516, 408, 588, 636, 684, 564, 588, 648, 456, 552, 720, 564, 516, 576, 432, 444, 504, 588, 396, 396, 624, 384, 636, 612, 468, 420, 600, 576, 408, 564, 444, 384, 408, 564, 564, 528, 384, 276, 396, 540, 768, 600, 576, 396, 480, 552, 528, 432, 516, 288, 348, 648, 516, 372, 576, 456, 624, 516, 672, 516, 360, 516, 336, 576, 444, 744, 552, 432, 456, 540, 516, 540, 468, 684, 540, 696, 492, 612, 504, 576, 756, 660, 624, 648, 708, 636, 420, 612, 552, 780, 768, 576, 612, 684, 588, 780, 516, 408, 372, 444, 636, 660, 516, 540, 504, 420, 528, 360, 672, 384, 432, 624, 408, 516, 456, 396, 588, 372, 456, 480, 408, 276, 384, 312, 612, 372, 288, 360, 276, 240, 264, 456, 312, 252, 348, 264, 324, 168, 324, 252, 192, 264, 288, 228, 168, 264, 264, 204, 228, 252, 156, 204, 180, 288, 192, 168, 108, 156, 168, 96, 108, 96, 84, 132, 84, 252, 132, 132, 120]",44.4504735519968,11.3617291916017,15263,5523.0
4.20 4.84 6 2,"[180, 180, 144, 144, 144, 96, 168, 96, 72, 144, 168, 132, 48, 60, 84, 48, 108, 36, 72, 108, 72, 48, 60, 36, 60, 24, 48, 12, 60, 24, 84, 36, 48, 36, 12, 12, 48, 36, 0, 36, 0, 12, 36, 12, 12, 0, 12, 12, 0, 0, 24, 36, 48, 0, 24, 12, 60, 24, 36, 60, 24, 48, 60, 12, 132, 72, 120, 132, 84, 180, 72, 60, 120, 192, 168, 168, 240, 180, 288, 276, 312, 540, 408, 444, 648, 672, 900, 900, 828, 840, 960, 1020, 828, 696, 660, 840, 528, 612, 552, 588, 564, 612, 540, 588, 708, 528, 384, 516, 432, 540, 636, 528, 516, 540, 528, 408, 564, 372, 528, 648, 468, 648, 504, 600, 492, 528, 456, 660, 444, 504, 516, 492, 456, 396, 564, 468, 612, 540, 576, 468, 624, 444, 576, 552, 468, 600, 672, 492, 576, 612, 564, 624, 588, 420, 612, 756, 564, 576, 360, 408, 600, 444, 612, 660, 408, 696, 576, 612, 564, 468, 516, 780, 624, 696, 468, 600, 528, 600, 552, 576, 528, 420, 540, 528, 540, 444, 408, 588, 516, 672, 564, 528, 600, 588, 468, 696, 408, 432, 696, 540, 804, 576, 684, 732, 660, 684, 624, 576, 816, 684, 648, 636, 648, 804, 816, 600, 600, 660, 540, 684, 756, 576, 576, 816, 684, 912, 756, 708, 504, 816, 576, 852, 720, 648, 540, 576, 732, 552, 660, 696, 600, 660, 432, 684, 396, 456, 300, 420, 348, 336, 432, 420, 336, 384, 276, 216, 348, 276, 288, 312, 204, 252, 240, 228, 192, 264, 204, 264, 192, 204, 180, 276, 180, 228, 240, 336, 144, 252, 192, 168, 120, 216, 192, 240, 312, 132, 288, 228]",44.4504194235286,11.3615835721142,5523,15263.0
4.21 4.22 2 1,"[48, 60, 48, 36, 12, 12, 24, 36, 48, 12, 12, 0, 48, 24, 0, 36, 0, 36, 0, 0, 0, 36, 0, 48, 24, 12, 0, 0, 12, 0, 12, 12, 12, 12, 36, 0, 12, 0, 0, 12, 0, 0, 12, 12, 24, 12, 24, 0, 0, 0, 0, 24, 24, 36, 12, 0, 24, 24, 24, 36, 24, 36, 24, 72, 12, 96, 36, 60, 120, 96, 96, 72, 144, 120, 132, 120, 180, 252, 168, 168, 228, 180, 216, 408, 228, 348, 360, 252, 384, 540, 360, 552, 396, 480, 492, 492, 564, 552, 516, 564, 432, 516, 468, 492, 444, 444, 456, 564, 480, 408, 372, 420, 504, 444, 312, 276, 480, 336, 300, 276, 216, 348, 300, 384, 276, 336, 432, 360, 456, 456, 336, 336, 216, 228, 324, 360, 324, 240, 228, 336, 324, 288, 36, 156, 216, 336, 420, 288, 348, 288, 252, 216, 432, 264, 228, 156, 168, 216, 420, 312, 468, 312, 348, 288, 204, 408, 312, 324, 228, 312, 312, 312, 288, 276, 288, 408, 348, 360, 420, 252, 300, 240, 504, 240, 252, 492, 360, 276, 372, 300, 264, 348, 480, 360, 384, 564, 276, 348, 384, 408, 384, 540, 384, 552, 444, 312, 408, 420, 336, 444, 432, 480, 312, 432, 396, 516, 312, 288, 408, 348, 396, 432, 324, 444, 348, 408, 324, 372, 264, 228, 312, 372, 336, 372, 384, 372, 276, 204, 348, 216, 276, 288, 216, 372, 288, 276, 252, 240, 276, 144, 204, 156, 240, 156, 192, 156, 132, 96, 180, 228, 204, 240, 84, 144, 216, 156, 144, 84, 216, 156, 156, 108, 156, 132, 240, 132, 108, 132, 120, 108, 108, 48, 60, 84, 84, 216, 96, 84]",44.4569688510769,11.3695250994768,15976,5570.0
4.21 4.59 6 1,"[192, 108, 132, 108, 132, 108, 156, 48, 36, 48, 96, 108, 132, 108, 24, 72, 60, 24, 60, 48, 36, 36, 36, 60, 24, 24, 72, 12, 36, 24, 72, 36, 12, 48, 0, 0, 12, 0, 36, 24, 0, 24, 36, 0, 0, 0, 0, 0, 24, 0, 24, 0, 12, 0, 0, 12, 48, 24, 0, 36, 12, 12, 12, 36, 48, 12, 36, 24, 48, 120, 60, 60, 60, 108, 108, 60, 48, 120, 96, 180, 276, 228, 264, 264, 540, 444, 504, 564, 444, 504, 468, 612, 576, 768, 468, 612, 576, 516, 780, 708, 816, 492, 636, 564, 468, 336, 744, 324, 600, 396, 600, 300, 324, 468, 540, 372, 480, 300, 408, 492, 456, 600, 408, 528, 444, 576, 396, 504, 384, 612, 348, 420, 420, 480, 348, 516, 312, 396, 348, 552, 600, 420, 432, 564, 396, 648, 516, 456, 552, 372, 468, 552, 456, 432, 636, 660, 396, 420, 420, 432, 372, 636, 588, 468, 384, 564, 468, 384, 612, 468, 492, 552, 552, 504, 624, 636, 456, 492, 540, 516, 384, 348, 432, 456, 576, 372, 516, 552, 684, 396, 480, 672, 576, 528, 600, 420, 528, 492, 300, 612, 504, 660, 648, 576, 660, 564, 576, 456, 384, 468, 600, 540, 696, 648, 684, 600, 576, 744, 696, 756, 504, 468, 684, 636, 564, 840, 744, 528, 516, 564, 684, 600, 732, 696, 696, 516, 468, 564, 468, 588, 684, 624, 456, 540, 372, 468, 372, 372, 288, 360, 360, 396, 240, 120, 336, 288, 300, 192, 408, 192, 216, 144, 324, 180, 384, 216, 300, 252, 240, 216, 288, 228, 264, 96, 348, 168, 216, 168, 96, 180, 144, 108, 276, 276, 240, 324, 312, 48]",44.4565539296314,11.3691629279045,5572,5569.0
4.22 4.21 6 1,"[192, 48, 96, 96, 108, 108, 84, 24, 48, 72, 48, 120, 84, 72, 12, 60, 36, 36, 48, 24, 24, 48, 72, 36, 12, 60, 24, 12, 24, 36, 72, 12, 24, 36, 12, 24, 0, 12, 48, 12, 0, 12, 36, 0, 0, 0, 0, 0, 12, 0, 24, 0, 12, 0, 0, 24, 12, 0, 12, 24, 24, 12, 0, 36, 48, 24, 48, 36, 48, 108, 24, 36, 60, 132, 60, 48, 60, 96, 72, 180, 204, 252, 168, 264, 444, 264, 504, 576, 384, 372, 456, 660, 348, 588, 504, 552, 576, 552, 528, 780, 672, 456, 540, 492, 408, 324, 456, 336, 480, 276, 576, 312, 252, 384, 468, 300, 372, 252, 408, 324, 372, 516, 336, 420, 324, 480, 360, 372, 300, 588, 348, 468, 312, 384, 396, 492, 276, 324, 324, 516, 564, 396, 432, 360, 360, 612, 528, 408, 432, 324, 312, 456, 480, 348, 396, 528, 396, 396, 444, 264, 360, 504, 384, 456, 348, 492, 540, 336, 456, 492, 456, 468, 456, 456, 480, 516, 324, 336, 372, 336, 240, 288, 444, 348, 444, 300, 384, 492, 504, 456, 468, 552, 564, 396, 480, 480, 336, 588, 540, 504, 432, 600, 552, 468, 576, 444, 600, 492, 396, 516, 576, 540, 588, 516, 708, 480, 480, 576, 624, 636, 516, 396, 672, 396, 540, 684, 672, 480, 492, 420, 624, 672, 540, 624, 600, 456, 396, 432, 444, 612, 612, 504, 432, 504, 240, 468, 288, 348, 240, 288, 312, 240, 216, 192, 192, 276, 192, 180, 276, 120, 180, 144, 264, 240, 216, 132, 192, 228, 216, 156, 204, 180, 204, 144, 240, 84, 144, 168, 96, 132, 96, 72, 228, 228, 204, 180, 252, 60]",44.4592895726411,11.3700673527929,5578,16482.0
4.22 4.58 2 1,"[48, 60, 72, 24, 24, 12, 36, 36, 36, 12, 12, 36, 48, 24, 0, 24, 0, 36, 12, 0, 0, 36, 12, 36, 24, 0, 0, 12, 12, 0, 12, 12, 12, 12, 36, 0, 12, 0, 0, 12, 0, 0, 12, 12, 12, 12, 12, 12, 0, 12, 12, 36, 24, 48, 24, 12, 36, 24, 24, 36, 24, 48, 24, 72, 24, 132, 72, 84, 180, 108, 132, 72, 168, 180, 168, 96, 192, 276, 240, 168, 300, 228, 240, 492, 384, 384, 468, 276, 504, 516, 396, 528, 588, 504, 564, 672, 600, 552, 456, 600, 480, 492, 636, 576, 516, 408, 420, 768, 552, 456, 396, 504, 384, 480, 348, 312, 432, 348, 540, 264, 324, 420, 372, 528, 252, 432, 348, 516, 420, 528, 552, 288, 312, 408, 372, 372, 444, 312, 312, 264, 540, 348, 468, 420, 276, 312, 420, 324, 336, 324, 348, 276, 312, 372, 420, 276, 312, 216, 312, 276, 480, 348, 360, 372, 384, 372, 480, 192, 408, 360, 396, 264, 216, 396, 324, 264, 444, 360, 492, 372, 288, 300, 456, 456, 264, 528, 420, 228, 360, 408, 324, 444, 312, 372, 444, 540, 420, 384, 372, 432, 564, 528, 432, 456, 564, 432, 372, 420, 432, 408, 420, 528, 420, 396, 432, 588, 324, 348, 300, 444, 444, 492, 420, 408, 396, 444, 372, 360, 348, 300, 240, 348, 360, 324, 420, 504, 324, 276, 300, 324, 348, 276, 204, 312, 348, 300, 264, 192, 216, 204, 228, 276, 180, 252, 156, 192, 180, 72, 288, 120, 228, 264, 108, 156, 228, 192, 156, 132, 156, 156, 216, 192, 216, 180, 192, 96, 168, 144, 120, 120, 108, 84, 60, 120, 108, 252, 120, 156]",44.4598649496139,11.3702915439271,5580,16500.0
4.23 4.53 2 1,"[48, 60, 108, 12, 36, 24, 48, 24, 72, 24, 24, 36, 36, 36, 0, 24, 0, 48, 24, 0, 0, 36, 24, 36, 36, 0, 12, 12, 12, 0, 12, 12, 24, 12, 36, 0, 24, 0, 0, 12, 0, 0, 12, 0, 36, 12, 12, 12, 0, 24, 12, 24, 36, 72, 12, 0, 48, 12, 12, 48, 36, 36, 24, 96, 60, 132, 72, 96, 120, 156, 144, 120, 120, 216, 156, 144, 252, 276, 252, 144, 348, 336, 228, 444, 492, 504, 444, 408, 504, 636, 432, 708, 564, 720, 636, 900, 648, 780, 528, 648, 768, 576, 780, 528, 756, 432, 420, 780, 708, 432, 444, 396, 420, 504, 420, 324, 468, 444, 504, 336, 384, 408, 348, 480, 396, 384, 372, 588, 336, 528, 492, 312, 444, 396, 372, 432, 588, 312, 312, 300, 456, 336, 420, 540, 312, 288, 456, 348, 360, 444, 492, 408, 384, 432, 492, 396, 348, 300, 420, 312, 456, 408, 372, 348, 384, 420, 504, 288, 504, 528, 540, 420, 336, 420, 444, 252, 492, 396, 552, 348, 336, 408, 408, 540, 396, 408, 540, 264, 468, 372, 420, 504, 288, 468, 432, 636, 516, 420, 480, 528, 636, 612, 504, 480, 624, 384, 432, 516, 420, 396, 516, 564, 456, 480, 468, 516, 336, 372, 312, 444, 456, 432, 468, 516, 456, 420, 336, 516, 360, 360, 252, 360, 348, 372, 396, 612, 396, 288, 432, 252, 336, 300, 204, 276, 432, 288, 276, 204, 240, 240, 156, 300, 300, 300, 252, 216, 228, 96, 252, 192, 156, 300, 168, 168, 276, 204, 204, 168, 144, 240, 144, 216, 156, 264, 132, 156, 216, 132, 108, 108, 144, 132, 36, 96, 144, 312, 108, 168]",44.4629013966261,11.3708739477502,5707,5710.0
4.23 4.58 6 1,"[348, 132, 204, 168, 240, 252, 156, 192, 144, 132, 120, 264, 156, 132, 72, 132, 84, 96, 108, 48, 48, 84, 96, 72, 24, 120, 36, 12, 48, 60, 156, 12, 72, 72, 0, 48, 0, 36, 72, 24, 12, 24, 60, 0, 0, 0, 0, 0, 12, 12, 48, 0, 24, 0, 24, 48, 48, 12, 48, 84, 48, 0, 0, 60, 72, 36, 72, 72, 144, 180, 96, 108, 132, 204, 120, 96, 108, 252, 108, 324, 336, 360, 372, 600, 780, 504, 960, 816, 588, 876, 828, 1164, 696, 1152, 1152, 1188, 1140, 840, 1152, 1344, 1152, 1284, 744, 756, 828, 708, 948, 780, 840, 732, 876, 576, 504, 840, 828, 720, 768, 612, 708, 768, 732, 864, 684, 948, 732, 804, 744, 1032, 780, 924, 864, 708, 672, 876, 828, 828, 600, 792, 660, 1008, 1116, 780, 912, 720, 1116, 1212, 1020, 804, 936, 792, 636, 876, 744, 720, 792, 876, 708, 756, 564, 696, 936, 744, 984, 648, 864, 1068, 804, 1068, 876, 888, 732, 1116, 804, 864, 888, 924, 792, 708, 948, 600, 504, 600, 972, 660, 948, 636, 972, 792, 1140, 696, 1104, 1248, 840, 876, 936, 624, 1020, 1104, 888, 840, 984, 1212, 1260, 864, 912, 1224, 936, 1056, 768, 900, 1032, 1152, 1188, 1044, 1092, 960, 1200, 1116, 1380, 1164, 768, 960, 1368, 924, 960, 1392, 1188, 912, 900, 660, 1284, 1020, 1092, 1056, 1152, 744, 924, 852, 720, 1320, 1056, 1104, 708, 924, 636, 828, 576, 636, 456, 672, 624, 540, 420, 372, 432, 552, 504, 456, 444, 312, 432, 360, 540, 468, 540, 264, 348, 420, 384, 336, 516, 372, 360, 348, 588, 180, 348, 288, 144, 300, 252, 204, 396, 420, 372, 480, 492, 192]",44.4625028893807,11.3707148436399,5699,5698.0
4.24 0.127 8 1,"[12, 0, 24, 0, 24, 0, 0, 36, 0, 12, 12, 0, 0, 12, 36, 12, 12, 12, 0, 12, 0, 24, 0, 12, 24, 0, 0, 0, 12, 12, 12, 0, 12, 0, 0, 0, 0, 0, 0, 0, 0, 0, 0, 0, 0, 0, 0, 0, 0, 0, 0, 0, 0, 0, 0, 0, 0, 0, 0, 0, 0, 0, 0, 0, 0, 0, 0, 0, 0, 0, 0, 0, 12, 0, 0, 12, 48, 0, 12, 12, 12, 0, 24, 24, 24, 12, 0, 12, 36, 24, 36, 24, 48, 12, 24, 36, 60, 24, 60, 24, 36, 48, 48, 12, 12, 72, 36, 60, 36, 72, 84, 36, 48, 72, 12, 12, 84, 36, 72, 0, 24, 36, 36, 24, 12, 0, 36, 60, 12, 12, 36, 12, 24, 48, 48, 60, 60, 72, 60, 96, 36, 36, 12, 60, 60, 48, 72, 84, 60, 84, 48, 36, 48, 24, 24, 36, 0, 84, 96, 60, 84, 60, 36, 60, 72, 48, 72, 72, 84, 48, 48, 72, 108, 48, 120, 48, 48, 36, 48, 60, 12, 48, 48, 60, 24, 72, 24, 72, 24, 96, 60, 60, 72, 12, 24, 84, 48, 96, 48, 84, 72, 108, 84, 24, 132, 60, 60, 60, 72, 72, 84, 60, 72, 132, 48, 72, 60, 48, 96, 72, 144, 120, 84, 84, 72, 132, 120, 72, 84, 72, 60, 108, 72, 132, 132, 72, 72, 72, 72, 48, 108, 36, 84, 60, 60, 96, 60, 60, 48, 36, 24, 36, 24, 96, 12, 12, 24, 36, 24, 36, 0, 36, 36, 12, 36, 36, 36, 24, 36, 48, 12, 36, 24, 12, 36, 36, 60, 48, 12, 12, 12, 24, 12, 24, 12, 24, 0, 12]",44.4666439191734,11.3705699173522,5726,5745.0
4.24 4.34 2 1,"[72, 72, 144, 36, 36, 24, 120, 48, 84, 36, 72, 96, 60, 48, 24, 36, 36, 60, 36, 12, 0, 12, 36, 48, 12, 12, 0, 36, 12, 0, 12, 24, 24, 12, 36, 12, 24, 12, 12, 12, 0, 0, 24, 36, 24, 36, 12, 12, 0, 12, 12, 60, 36, 60, 60, 24, 48, 24, 24, 24, 60, 48, 48, 84, 132, 132, 132, 120, 192, 192, 192, 204, 144, 288, 156, 324, 240, 360, 384, 312, 444, 432, 312, 576, 696, 696, 552, 780, 792, 984, 720, 1020, 1164, 1020, 1092, 1176, 864, 876, 1068, 984, 1008, 972, 984, 972, 924, 948, 924, 1104, 1188, 912, 876, 732, 828, 624, 624, 768, 588, 768, 624, 528, 756, 660, 672, 684, 600, 564, 696, 744, 732, 792, 816, 780, 708, 792, 600, 516, 912, 768, 600, 420, 600, 744, 816, 708, 480, 672, 648, 672, 528, 732, 660, 684, 612, 720, 720, 660, 672, 600, 516, 552, 672, 696, 588, 564, 636, 552, 612, 528, 756, 756, 780, 672, 588, 624, 468, 516, 684, 708, 696, 600, 612, 612, 564, 840, 588, 660, 888, 564, 792, 624, 636, 720, 480, 624, 744, 732, 912, 696, 612, 864, 768, 960, 948, 660, 924, 768, 720, 768, 648, 684, 876, 984, 660, 756, 960, 636, 792, 672, 456, 636, 804, 780, 744, 708, 636, 744, 852, 636, 684, 564, 624, 564, 720, 624, 636, 744, 600, 684, 756, 576, 540, 516, 468, 468, 684, 444, 444, 396, 480, 468, 252, 492, 396, 288, 504, 228, 324, 228, 312, 276, 312, 372, 360, 228, 216, 312, 372, 204, 180, 264, 228, 156, 216, 336, 228, 168, 276, 204, 144, 216, 144, 180, 120, 156, 216, 276, 144, 180]",44.4670225931516,11.3708342058246,5752,5751.0
4.24 4.53 6 1,"[180, 60, 156, 96, 156, 228, 120, 132, 108, 108, 108, 156, 84, 72, 36, 72, 84, 60, 96, 36, 24, 72, 84, 36, 24, 60, 36, 12, 24, 48, 84, 12, 48, 36, 0, 36, 12, 24, 36, 12, 12, 12, 84, 12, 0, 0, 0, 0, 24, 12, 24, 0, 12, 12, 12, 48, 24, 12, 24, 96, 24, 12, 12, 36, 24, 24, 36, 24, 96, 108, 48, 84, 72, 120, 132, 48, 132, 108, 120, 192, 204, 276, 264, 360, 456, 396, 456, 504, 396, 600, 612, 660, 516, 720, 792, 744, 732, 564, 792, 912, 852, 708, 564, 432, 600, 600, 600, 576, 732, 480, 624, 468, 492, 600, 540, 444, 492, 492, 552, 480, 528, 696, 480, 576, 552, 480, 588, 564, 744, 576, 552, 468, 492, 540, 768, 456, 540, 672, 420, 768, 636, 504, 624, 564, 756, 684, 624, 576, 624, 600, 540, 636, 552, 564, 540, 624, 564, 564, 432, 504, 672, 564, 804, 588, 648, 756, 612, 708, 600, 648, 600, 768, 648, 672, 744, 624, 516, 600, 696, 540, 348, 492, 684, 516, 756, 600, 624, 624, 960, 516, 816, 612, 588, 600, 588, 600, 672, 672, 588, 804, 732, 864, 804, 624, 696, 924, 636, 816, 588, 696, 720, 924, 888, 924, 816, 780, 768, 900, 756, 960, 588, 768, 792, 708, 780, 852, 780, 600, 756, 576, 888, 780, 828, 924, 768, 708, 672, 696, 648, 912, 888, 696, 588, 816, 576, 696, 444, 552, 408, 528, 408, 324, 348, 312, 312, 300, 360, 384, 348, 264, 240, 300, 372, 360, 336, 192, 264, 276, 264, 216, 288, 288, 288, 228, 396, 132, 252, 180, 120, 168, 204, 144, 288, 276, 252, 324, 336, 156]",44.4664615931745,11.370725338393,5745,16478.0
4.24 4.54 6 3,"[-1, -1, -1, -1, -1, -1, -1, -1, -1, -1, -1, -1, -1, -1, -1, -1, -1, -1, -1, -1, -1, -1, -1, -1, -1, -1, -1, -1, -1, -1, -1, -1, -1, -1, -1, -1, -1, -1, -1, -1, -1, -1, -1, -1, -1, -1, -1, -1, -1, -1, -1, -1, -1, -1, -1, -1, -1, -1, -1, -1, -1, -1, -1, -1, -1, -1, -1, -1, -1, -1, -1, -1, -1, -1, -1, -1, -1, -1, -1, -1, -1, -1, -1, -1, -1, -1, -1, -1, -1, -1, -1, -1, -1, -1, -1, -1, -1, -1, -1, -1, -1, -1, -1, -1, -1, -1, -1, -1, -1, -1, -1, -1, -1, -1, -1, -1, -1, -1, -1, -1, -1, -1, -1, -1, -1, -1, -1, -1, -1, -1, -1, -1, -1, -1, -1, -1, -1, -1, -1, -1, -1, -1, -1, -1, -1, -1, -1, -1, -1, -1, -1, -1, -1, -1, -1, -1, -1, -1, -1, -1, -1, -1, -1, -1, -1, -1, -1, -1, -1, -1, -1, -1, -1, -1, -1, -1, -1, -1, -1, -1, -1, -1, -1, -1, -1, -1, -1, -1, -1, -1, -1, -1, -1, -1, -1, -1, -1, -1, -1, -1, -1, -1, -1, -1, -1, -1, -1, -1, -1, -1, -1, -1, -1, -1, -1, -1, -1, -1, -1, -1, -1, -1, -1, -1, -1, -1, -1, -1, -1, -1, -1, -1, -1, -1, -1, -1, -1, -1, -1, -1, -1, -1, -1, -1, -1, -1, -1, -1, -1, -1, -1, -1, -1, -1, -1, -1, -1, -1, -1, -1, -1, -1, -1, -1, -1, -1, -1, -1, -1, -1, -1, -1, -1, -1, -1, -1, -1, -1, -1, -1, -1, -1, -1, -1, -1, -1, -1, -1]",44.4655839759356,11.3758895705749,5692,17647.0
4.24 4.54 6 4,"[-1, -1, -1, -1, -1, -1, -1, -1, -1, -1, -1, -1, -1, -1, -1, -1, -1, -1, -1, -1, -1, -1, -1, -1, -1, -1, -1, -1, -1, -1, -1, -1, -1, -1, -1, -1, -1, -1, -1, -1, -1, -1, -1, -1, -1, -1, -1, -1, -1, -1, -1, -1, -1, -1, -1, -1, -1, -1, -1, -1, -1, -1, -1, -1, -1, -1, -1, -1, -1, -1, -1, -1, -1, -1, -1, -1, -1, -1, -1, -1, -1, -1, -1, -1, -1, -1, -1, -1, -1, -1, -1, -1, -1, -1, -1, -1, -1, -1, -1, -1, -1, -1, -1, -1, -1, -1, -1, -1, -1, -1, -1, -1, -1, -1, -1, -1, -1, -1, -1, -1, -1, -1, -1, -1, -1, -1, -1, -1, -1, -1, -1, -1, -1, -1, -1, -1, -1, -1, -1, -1, -1, -1, -1, -1, -1, -1, -1, -1, -1, -1, -1, -1, -1, -1, -1, -1, -1, -1, -1, -1, -1, -1, -1, -1, -1, -1, -1, -1, -1, -1, -1, -1, -1, -1, -1, -1, -1, -1, -1, -1, -1, -1, -1, -1, -1, -1, -1, -1, -1, -1, -1, -1, -1, -1, -1, -1, -1, -1, -1, -1, -1, -1, -1, -1, -1, -1, -1, -1, -1, -1, -1, -1, -1, -1, -1, -1, -1, -1, -1, -1, -1, -1, -1, -1, -1, -1, -1, -1, -1, -1, -1, -1, -1, -1, -1, -1, -1, -1, -1, -1, -1, -1, -1, -1, -1, -1, -1, -1, -1, -1, -1, -1, -1, -1, -1, -1, -1, -1, -1, -1, -1, -1, -1, -1, -1, -1, -1, -1, -1, -1, -1, -1, -1, -1, -1, -1, -1, -1, -1, -1, -1, -1, -1, -1, -1, -1, -1, -1]",44.4656318560486,11.3759099096151,5692,17647.0
4.25 0.127 4 1,"[0, 24, 0, 36, 36, 24, 48, 48, 0, 24, 12, 36, 24, 24, 0, 0, 0, 0, 0, 0, 0, 12, 0, 0, 0, 12, 0, 0, 12, 0, 0, 0, 12, 0, 0, 0, 0, 0, 0, 0, 0, 0, 0, 0, 24, 0, 12, 0, 0, 0, 0, 0, 0, 12, 36, 0, 0, 0, 0, 12, 0, 0, 0, 12, 0, 0, 24, 0, 0, 12, 12, 0, 24, 12, 24, 12, 24, 60, 60, 36, 48, 12, 48, 60, 72, 72, 84, 84, 72, 108, 132, 120, 60, 180, 192, 192, 252, 132, 180, 216, 168, 156, 252, 228, 168, 132, 144, 228, 180, 180, 96, 240, 120, 108, 60, 156, 132, 180, 84, 84, 144, 96, 168, 96, 24, 96, 72, 180, 204, 72, 144, 108, 144, 132, 72, 144, 120, 24, 120, 96, 60, 144, 192, 120, 168, 132, 132, 144, 144, 96, 168, 120, 144, 132, 108, 72, 144, 72, 132, 192, 216, 96, 84, 96, 72, 144, 192, 228, 156, 120, 156, 108, 72, 108, 156, 108, 168, 168, 108, 132, 144, 120, 156, 120, 120, 96, 108, 96, 144, 180, 144, 156, 168, 132, 144, 204, 84, 168, 120, 144, 132, 228, 108, 108, 144, 168, 168, 72, 168, 144, 144, 132, 120, 108, 72, 180, 120, 192, 144, 132, 156, 96, 96, 120, 192, 132, 120, 96, 120, 132, 132, 84, 156, 168, 108, 168, 132, 156, 72, 48, 120, 120, 216, 108, 84, 84, 96, 84, 48, 96, 96, 72, 120, 108, 120, 36, 120, 48, 48, 24, 36, 72, 36, 24, 84, 36, 12, 12, 36, 24, 12, 48, 36, 36, 48, 36, 0, 72, 24, 24, 60, 48, 36, 60, 60, 36, 36, 36]",44.4725965570622,11.369839612227,5814,5827.0
4.25 0.127 8 1,"[84, 60, 60, 0, 60, 24, 96, 36, 48, 48, 24, 36, 36, 48, 36, 48, 24, 36, 0, 36, 0, 0, 12, 24, 0, 0, 0, 12, 12, 0, 0, 12, 0, 0, 0, 0, 0, 12, 0, 12, 0, 0, 0, 12, 12, 0, 12, 12, 0, 0, 12, 24, 24, 48, 12, 12, 0, 12, 12, 0, 24, 0, 12, 60, 24, 48, 36, 24, 60, 48, 96, 84, 72, 132, 84, 156, 192, 276, 180, 336, 300, 312, 264, 360, 396, 504, 516, 624, 540, 732, 588, 660, 732, 528, 696, 576, 684, 756, 708, 576, 600, 600, 504, 600, 552, 600, 672, 456, 636, 468, 492, 312, 540, 528, 324, 456, 348, 468, 312, 264, 324, 336, 300, 420, 324, 372, 360, 408, 408, 468, 372, 360, 456, 228, 372, 408, 384, 372, 408, 288, 372, 408, 456, 384, 360, 360, 372, 516, 444, 468, 432, 492, 360, 480, 420, 504, 312, 480, 468, 384, 444, 444, 360, 360, 396, 468, 372, 384, 504, 492, 468, 384, 348, 372, 252, 288, 420, 396, 372, 432, 444, 444, 324, 408, 408, 348, 288, 336, 324, 624, 396, 444, 264, 468, 312, 516, 348, 324, 468, 372, 468, 444, 516, 312, 492, 444, 456, 300, 480, 312, 384, 420, 408, 396, 648, 384, 576, 360, 420, 600, 372, 456, 492, 588, 492, 504, 408, 360, 348, 480, 384, 348, 612, 444, 480, 564, 336, 408, 444, 444, 492, 288, 456, 252, 396, 444, 336, 264, 264, 300, 276, 300, 216, 216, 276, 156, 120, 216, 132, 240, 204, 156, 132, 120, 216, 240, 180, 120, 84, 96, 84, 132, 132, 204, 252, 228, 60, 120, 144, 84, 132, 108, 180, 96, 132, 168, 72, 120]",44.4725974554083,11.369270064205,5814,5821.0
4.25 4.28 2 1,"[48, 84, 120, 36, 48, 48, 96, 36, 48, 12, 72, 24, 48, 36, 0, 12, 48, 36, 48, 12, 12, 12, 24, 60, 0, 36, 12, 24, 0, 0, 12, 12, 12, 12, 12, 12, 24, 0, 12, 12, 0, 0, 0, 0, 0, 24, 12, 0, 0, 0, 12, 24, 0, 24, 12, 12, 12, 12, 12, 0, 24, 24, 60, 48, 48, 48, 84, 48, 156, 120, 72, 36, 96, 120, 108, 132, 156, 144, 120, 180, 240, 240, 156, 288, 348, 276, 264, 516, 288, 696, 504, 672, 840, 720, 960, 732, 600, 768, 864, 696, 696, 900, 708, 852, 624, 612, 600, 504, 804, 732, 504, 504, 648, 552, 264, 564, 504, 432, 516, 444, 324, 312, 360, 276, 564, 480, 492, 408, 564, 540, 348, 444, 444, 504, 564, 456, 612, 408, 444, 312, 432, 528, 540, 516, 384, 480, 432, 480, 420, 432, 444, 480, 420, 444, 420, 480, 360, 420, 360, 444, 396, 480, 312, 588, 408, 288, 372, 492, 360, 504, 324, 408, 324, 396, 240, 336, 468, 444, 384, 348, 336, 420, 372, 444, 396, 360, 648, 396, 456, 312, 360, 360, 504, 444, 432, 552, 468, 492, 588, 348, 624, 420, 552, 444, 552, 408, 576, 600, 432, 660, 492, 684, 624, 420, 660, 468, 576, 516, 324, 468, 444, 336, 552, 480, 384, 360, 552, 372, 492, 300, 612, 348, 456, 396, 372, 588, 324, 348, 444, 312, 360, 276, 228, 288, 372, 288, 228, 288, 336, 288, 252, 144, 312, 192, 276, 132, 120, 180, 204, 204, 228, 264, 156, 156, 132, 168, 168, 144, 132, 144, 132, 144, 108, 192, 96, 120, 204, 168, 84, 120, 108, 132, 48, 120, 72, 120, 72, 108]",44.4727678045545,11.3695634627818,5814,5826.0
4.25 4.34 6 1,"[264, 120, 156, 180, 192, 168, 156, 108, 120, 132, 84, 144, 36, 120, 72, 120, 132, 84, 96, 84, 84, 84, 36, 36, 24, 48, 48, 36, 60, 60, 48, 48, 48, 36, 24, 24, 0, 12, 48, 24, 0, 12, 48, 12, 0, 12, 0, 0, 12, 0, 24, 36, 0, 12, 24, 36, 12, 24, 36, 12, 24, 24, 12, 36, 48, 12, 24, 48, 60, 84, 48, 60, 108, 132, 84, 84, 144, 108, 168, 240, 144, 228, 204, 456, 408, 420, 492, 360, 612, 456, 780, 456, 648, 780, 792, 840, 684, 900, 708, 1068, 768, 684, 564, 648, 636, 648, 660, 780, 552, 612, 576, 672, 552, 588, 528, 432, 708, 540, 672, 564, 576, 528, 600, 528, 588, 576, 468, 696, 612, 540, 684, 696, 648, 528, 744, 660, 420, 528, 552, 804, 612, 792, 720, 552, 864, 648, 636, 756, 648, 720, 684, 600, 708, 588, 828, 660, 612, 516, 588, 876, 888, 744, 732, 588, 804, 876, 888, 816, 660, 684, 804, 900, 672, 768, 612, 672, 888, 768, 804, 552, 492, 564, 780, 684, 672, 684, 576, 816, 792, 660, 816, 744, 792, 492, 756, 624, 792, 684, 612, 720, 1020, 888, 684, 804, 756, 864, 804, 648, 648, 888, 924, 780, 1056, 900, 816, 684, 792, 912, 1020, 744, 768, 828, 588, 612, 1068, 720, 732, 684, 936, 732, 1020, 960, 840, 888, 840, 684, 840, 684, 960, 828, 540, 720, 624, 900, 660, 552, 660, 552, 456, 468, 408, 348, 360, 312, 240, 348, 300, 324, 204, 216, 276, 408, 264, 300, 300, 396, 276, 336, 180, 288, 204, 456, 228, 276, 288, 276, 168, 252, 156, 168, 204, 168, 300, 396, 228, 288, 144, 312]",44.4724125296344,11.3695829682712,5814,5811.0
4.26 4.27 4 1,"[96, 36, 84, 12, 72, 48, 84, 36, 24, 36, 84, 84, 60, 36, 36, 36, 48, 12, 12, 12, 24, 0, 48, 24, 12, 24, 12, 12, 12, 24, 60, 24, 0, 12, 12, 36, 12, 12, 0, 24, 0, 12, 36, 12, 12, 60, 36, 24, 12, 60, 12, 24, 24, 48, 24, 12, 36, 60, 60, 36, 24, 48, 36, 108, 168, 120, 144, 132, 120, 120, 84, 144, 216, 168, 84, 120, 144, 156, 288, 228, 324, 264, 252, 348, 384, 420, 624, 456, 600, 720, 996, 672, 948, 876, 792, 936, 792, 936, 780, 732, 756, 912, 780, 936, 816, 852, 564, 864, 804, 684, 756, 840, 672, 720, 792, 708, 576, 828, 552, 756, 732, 660, 660, 624, 744, 612, 708, 516, 672, 552, 792, 660, 576, 756, 564, 744, 708, 552, 576, 660, 564, 552, 564, 660, 504, 528, 456, 756, 456, 588, 576, 624, 624, 636, 708, 744, 492, 600, 408, 600, 624, 672, 360, 552, 588, 408, 612, 432, 624, 516, 636, 564, 564, 492, 336, 600, 540, 612, 480, 684, 612, 504, 408, 636, 468, 612, 624, 576, 456, 612, 528, 480, 564, 708, 756, 552, 972, 636, 696, 876, 720, 768, 792, 600, 708, 840, 768, 852, 588, 672, 780, 732, 744, 600, 792, 636, 672, 756, 768, 552, 624, 684, 612, 768, 624, 672, 804, 420, 744, 516, 672, 504, 648, 300, 696, 468, 564, 696, 624, 624, 480, 576, 504, 672, 480, 288, 384, 456, 408, 444, 312, 264, 276, 204, 360, 264, 264, 264, 132, 204, 96, 204, 264, 252, 108, 120, 360, 132, 252, 240, 108, 204, 264, 144, 192, 156, 204, 156, 156, 180, 180, 144, 96, 108, 276, 192, 108, 96]",44.4680693947503,11.3767241765405,5736,5741.0
4.26 4.54 8 1,"[12, 60, 36, 24, 72, 36, 84, 72, 24, 12, 48, 0, 12, 12, 12, 12, 12, 48, 24, 0, 12, 12, 24, 12, 48, 0, 0, 12, 0, 12, 0, 0, 0, 0, 0, 0, 12, 0, 24, 0, 0, 12, 12, 12, 0, 0, 24, 0, 0, 12, 60, 0, 0, 0, 48, 0, 12, 24, 24, 12, 0, 24, 0, 48, 12, 60, 36, 24, 12, 60, 12, 36, 60, 96, 36, 60, 84, 168, 60, 96, 156, 180, 108, 216, 156, 132, 180, 276, 276, 276, 288, 420, 552, 396, 600, 516, 552, 360, 504, 564, 480, 276, 468, 624, 420, 480, 564, 396, 516, 480, 360, 612, 456, 516, 516, 504, 504, 324, 420, 528, 564, 540, 432, 444, 468, 648, 396, 516, 432, 492, 420, 516, 696, 540, 396, 468, 564, 564, 444, 552, 396, 588, 384, 540, 636, 672, 480, 504, 384, 456, 372, 600, 324, 408, 432, 552, 444, 444, 300, 480, 408, 372, 336, 432, 480, 420, 408, 492, 504, 300, 396, 516, 276, 372, 648, 384, 552, 408, 336, 324, 384, 336, 564, 468, 432, 612, 492, 492, 324, 420, 516, 420, 288, 456, 552, 648, 444, 624, 636, 720, 624, 648, 552, 540, 456, 636, 648, 624, 564, 504, 588, 660, 420, 408, 564, 720, 516, 600, 732, 708, 696, 708, 588, 444, 540, 564, 564, 612, 456, 420, 492, 648, 624, 504, 492, 300, 444, 348, 504, 384, 360, 312, 432, 432, 300, 252, 264, 276, 300, 216, 216, 108, 156, 180, 96, 168, 132, 96, 216, 120, 108, 120, 156, 120, 120, 48, 108, 108, 36, 108, 48, 72, 84, 72, 84, 96, 60, 60, 132, 84, 48, 72, 96, 72, 96, 168, 132, 84]",44.4663851918741,11.3761089277292,5693,5692.0
4.27 4.26 8 1,"[72, 120, 48, 132, 96, 60, 132, 96, 36, 48, 24, 60, 0, 84, 36, 84, 48, 24, 72, 0, 48, 24, 72, 72, 36, 12, 24, 36, 24, 12, 36, 12, 48, 12, 0, 12, 0, 0, 12, 0, 12, 24, 36, 0, 0, 12, 12, 0, 12, 0, 36, 12, 12, 24, 24, 0, 12, 12, 48, 0, 24, 12, 24, 60, 24, 12, 24, 48, 12, 60, 24, 36, 36, 36, 132, 72, 144, 108, 84, 120, 180, 180, 168, 252, 144, 204, 252, 252, 264, 216, 396, 264, 432, 372, 444, 384, 396, 444, 288, 348, 372, 264, 372, 336, 324, 360, 492, 312, 396, 408, 420, 432, 300, 348, 384, 312, 252, 336, 408, 276, 432, 396, 360, 384, 408, 432, 312, 396, 420, 348, 444, 396, 408, 312, 456, 444, 480, 312, 468, 348, 300, 408, 300, 372, 504, 552, 480, 408, 516, 504, 420, 528, 444, 360, 528, 372, 336, 408, 420, 492, 372, 444, 372, 528, 444, 228, 312, 408, 420, 372, 360, 384, 360, 516, 348, 216, 420, 264, 384, 240, 396, 336, 432, 228, 384, 528, 204, 384, 336, 468, 540, 312, 384, 468, 588, 468, 624, 456, 456, 552, 540, 564, 504, 456, 480, 516, 432, 432, 468, 516, 408, 588, 468, 372, 588, 624, 444, 564, 516, 528, 576, 588, 360, 396, 456, 408, 540, 360, 396, 384, 624, 540, 588, 444, 372, 408, 456, 372, 480, 420, 276, 312, 384, 528, 276, 396, 360, 324, 252, 228, 276, 216, 192, 228, 144, 180, 156, 144, 180, 96, 144, 216, 156, 204, 252, 120, 144, 132, 60, 156, 156, 132, 96, 132, 156, 60, 120, 96, 240, 144, 192, 96, 96, 168, 120, 120, 204, 132]",44.4706561605612,11.3772336311311,5838,5740.0
4.27 4.27 4 1,"[120, 36, 84, 84, 96, 36, 36, 108, 60, 0, 72, 84, 84, 24, 48, 36, 60, 12, 12, 60, 12, 12, 24, 12, 0, 12, 24, 0, 0, 60, 36, 36, 12, 24, 12, 36, 12, 12, 0, 24, 0, 12, 36, 0, 12, 36, 48, 24, 24, 48, 12, 36, 24, 24, 36, 24, 12, 72, 36, 48, 24, 48, 84, 48, 120, 84, 96, 156, 84, 204, 96, 120, 240, 168, 108, 180, 96, 240, 264, 348, 252, 264, 300, 396, 396, 468, 564, 612, 660, 636, 744, 708, 900, 936, 924, 1032, 768, 1056, 864, 624, 792, 744, 816, 828, 948, 828, 648, 744, 648, 552, 612, 852, 552, 744, 828, 444, 552, 588, 528, 624, 480, 540, 576, 492, 588, 504, 552, 516, 528, 456, 612, 684, 576, 660, 468, 624, 684, 480, 540, 312, 456, 552, 456, 576, 444, 480, 408, 504, 468, 468, 504, 600, 540, 552, 648, 672, 408, 552, 396, 540, 456, 528, 384, 432, 564, 396, 564, 384, 672, 576, 516, 624, 492, 552, 456, 480, 420, 420, 492, 696, 480, 468, 588, 612, 324, 708, 420, 612, 480, 480, 684, 456, 516, 696, 612, 624, 648, 564, 576, 684, 780, 696, 576, 708, 648, 852, 708, 840, 756, 636, 744, 672, 612, 636, 696, 576, 684, 804, 912, 540, 708, 528, 612, 672, 648, 564, 588, 432, 540, 648, 600, 456, 576, 432, 540, 432, 672, 552, 564, 468, 624, 396, 468, 552, 432, 264, 372, 420, 348, 444, 300, 240, 252, 312, 372, 276, 228, 348, 192, 132, 132, 168, 288, 264, 216, 120, 312, 228, 288, 252, 156, 120, 216, 144, 240, 120, 216, 276, 180, 168, 204, 144, 132, 168, 216, 216, 168, 156]",,,,
4.28 4.25 6 1,"[192, 144, 216, 72, 360, 240, 180, 108, 120, 168, 48, 192, 144, 84, 108, 108, 120, 96, 96, 96, 48, 96, 60, 60, 36, 84, 72, 72, 60, 72, 48, 12, 48, 24, 24, 24, 0, 12, 48, 24, 0, 48, 48, 0, 12, 24, 12, 12, 0, 0, 24, 36, 0, 12, 48, 48, 12, 36, 48, 48, 36, 12, 12, 60, 60, 36, 36, 72, 60, 84, 84, 108, 108, 144, 84, 96, 204, 204, 204, 336, 156, 180, 216, 384, 396, 444, 552, 348, 588, 696, 732, 684, 720, 756, 780, 984, 672, 672, 960, 948, 768, 732, 852, 672, 648, 852, 636, 672, 576, 888, 672, 792, 684, 624, 396, 492, 540, 444, 492, 612, 720, 480, 576, 432, 612, 516, 756, 444, 792, 528, 576, 648, 696, 768, 588, 648, 552, 468, 660, 840, 636, 744, 876, 552, 792, 636, 624, 876, 624, 612, 624, 828, 888, 552, 828, 888, 600, 648, 924, 996, 888, 840, 756, 636, 780, 804, 840, 528, 864, 576, 948, 600, 708, 660, 636, 720, 648, 792, 660, 528, 576, 780, 516, 588, 708, 684, 708, 792, 672, 828, 768, 816, 840, 708, 840, 696, 648, 804, 660, 816, 1224, 732, 948, 696, 948, 1080, 876, 708, 708, 996, 852, 1200, 840, 900, 996, 624, 924, 744, 876, 984, 720, 816, 588, 588, 996, 804, 600, 792, 816, 1056, 912, 936, 708, 1008, 816, 888, 876, 768, 780, 876, 744, 768, 708, 780, 684, 720, 564, 528, 552, 444, 408, 300, 372, 396, 324, 360, 300, 360, 192, 228, 312, 480, 276, 288, 300, 516, 252, 276, 204, 312, 408, 312, 252, 324, 264, 312, 156, 240, 192, 240, 252, 120, 420, 408, 204, 300, 216, 348]",44.4741003130538,11.3681578137543,5800,5816.0
4.28 4.29 2 1,"[36, 96, 108, 84, 0, 48, 72, 12, 24, 24, 36, 12, 12, 12, 0, 12, 12, 24, 24, 0, 12, 48, 24, 36, 0, 24, 24, 12, 12, 0, 0, 0, 12, 0, 12, 0, 48, 12, 0, 0, 0, 0, 0, 0, 0, 12, 12, 0, 0, 0, 0, 0, 0, 12, 0, 0, 0, 12, 0, 0, 12, 24, 12, 24, 0, 24, 48, 48, 60, 48, 72, 24, 84, 72, 60, 96, 108, 96, 48, 132, 144, 240, 60, 192, 228, 228, 168, 444, 264, 444, 480, 564, 660, 480, 540, 612, 552, 636, 504, 684, 600, 528, 864, 528, 516, 528, 480, 420, 444, 684, 324, 180, 228, 408, 288, 360, 360, 372, 360, 468, 204, 276, 252, 348, 456, 216, 432, 384, 348, 432, 312, 348, 324, 396, 372, 240, 492, 192, 0, 228, 252, 264, 336, 216, 240, 180, 180, 264, 168, 372, 204, 420, 384, 252, 324, 396, 168, 336, 216, 240, 288, 312, 252, 360, 312, 168, 276, 276, 228, 396, 204, 276, 300, 276, 156, 252, 408, 360, 288, 240, 300, 324, 372, 372, 300, 264, 468, 432, 300, 312, 396, 252, 504, 264, 432, 336, 456, 408, 588, 372, 540, 432, 468, 588, 480, 492, 396, 564, 384, 600, 528, 432, 300, 552, 420, 492, 528, 540, 348, 396, 444, 492, 504, 492, 408, 384, 336, 300, 396, 276, 468, 312, 336, 360, 240, 276, 312, 276, 420, 288, 216, 288, 204, 240, 288, 168, 264, 264, 192, 192, 132, 156, 228, 144, 240, 144, 120, 168, 192, 180, 144, 216, 144, 204, 84, 132, 144, 132, 108, 120, 120, 120, 84, 192, 48, 108, 132, 120, 108, 36, 48, 96, 72, 84, 72, 132, 60, 72]",44.4746198221316,11.3680344387567,14036,14034.0
4.29 4.28 6 1,"[60, 72, 84, 48, 36, 24, 24, 48, 24, 24, 36, 12, 0, 48, 0, 12, 48, 24, 60, 0, 12, 24, 0, 36, 0, 12, 36, 12, 12, 0, 0, 0, 12, 0, 0, 0, 12, 0, 12, 0, 0, 12, 0, 0, 0, 12, 12, 12, 0, 0, 12, 12, 0, 12, 12, 0, 24, 0, 0, 0, 12, 24, 12, 24, 24, 12, 60, 36, 96, 96, 60, 24, 60, 96, 84, 108, 60, 96, 132, 108, 192, 216, 84, 108, 300, 252, 168, 468, 240, 444, 468, 480, 732, 660, 576, 576, 576, 708, 480, 636, 624, 396, 672, 672, 528, 528, 576, 312, 480, 672, 444, 360, 432, 348, 336, 396, 348, 372, 312, 456, 180, 252, 240, 360, 444, 240, 444, 372, 348, 408, 432, 444, 264, 324, 324, 288, 480, 420, 276, 240, 252, 360, 372, 432, 396, 360, 276, 348, 312, 312, 384, 396, 264, 444, 408, 408, 360, 300, 312, 336, 336, 360, 276, 336, 396, 192, 264, 348, 228, 396, 228, 360, 216, 300, 228, 252, 420, 420, 324, 336, 276, 348, 324, 384, 336, 252, 336, 480, 192, 372, 300, 204, 384, 324, 336, 324, 396, 420, 492, 360, 456, 504, 432, 432, 468, 300, 384, 468, 420, 492, 540, 456, 492, 480, 480, 396, 384, 444, 444, 348, 444, 360, 360, 480, 288, 276, 420, 372, 300, 372, 372, 312, 324, 408, 360, 444, 216, 384, 312, 420, 156, 300, 156, 240, 240, 252, 216, 276, 240, 144, 168, 204, 204, 108, 240, 120, 84, 144, 180, 168, 168, 204, 192, 192, 84, 192, 96, 108, 72, 108, 132, 72, 60, 156, 72, 120, 132, 120, 120, 60, 72, 96, 72, 72, 120, 96, 72, 60]",44.4763799060329,11.366838635113,5850,5841.0
4.29 4.30 4 1,"[120, 84, 60, 96, 48, 60, 36, 60, 84, 48, 72, 12, 0, 60, 36, 60, 36, 36, 24, 24, 48, 36, 24, 72, 12, 0, 24, 12, 0, 0, 12, 12, 12, 0, 12, 0, 0, 12, 0, 12, 0, 0, 24, 0, 12, 12, 0, 0, 12, 0, 0, 0, 0, 24, 12, 24, 24, 12, 12, 0, 12, 36, 12, 36, 12, 36, 36, 36, 108, 120, 60, 24, 60, 120, 84, 84, 168, 96, 168, 120, 204, 252, 144, 108, 348, 288, 228, 540, 324, 552, 624, 504, 996, 840, 660, 780, 804, 912, 516, 744, 828, 456, 828, 732, 648, 708, 600, 444, 588, 780, 600, 516, 612, 516, 420, 456, 516, 456, 396, 540, 264, 348, 336, 444, 684, 348, 576, 552, 420, 576, 576, 504, 420, 456, 456, 336, 612, 480, 312, 396, 384, 492, 528, 492, 528, 384, 396, 420, 372, 396, 492, 600, 372, 420, 504, 612, 480, 432, 444, 504, 444, 576, 408, 408, 504, 228, 360, 456, 360, 492, 372, 456, 384, 336, 432, 384, 456, 552, 396, 432, 444, 468, 468, 504, 480, 264, 492, 660, 324, 492, 456, 348, 516, 516, 468, 444, 492, 540, 564, 504, 564, 696, 648, 564, 660, 396, 540, 552, 480, 648, 720, 600, 756, 612, 660, 600, 492, 612, 600, 456, 600, 480, 540, 792, 408, 360, 540, 504, 432, 564, 480, 372, 492, 576, 516, 516, 336, 456, 528, 504, 324, 384, 264, 336, 336, 288, 312, 288, 396, 228, 252, 252, 240, 276, 324, 168, 144, 156, 264, 192, 204, 264, 204, 192, 168, 240, 168, 120, 132, 168, 216, 132, 144, 216, 72, 108, 144, 144, 120, 48, 132, 96, 96, 144, 108, 120, 144, 132]",44.4767977867337,11.3669184866519,5852,5844.0
4.29 4.31 2 1,"[12, 12, 12, 0, 12, 24, 0, 0, 0, 12, 0, 24, 0, 24, 0, 0, 0, 12, 48, 0, 12, 12, 12, 0, 12, 12, 24, 0, 24, 0, 12, 0, 0, 0, 12, 0, 12, 0, 0, 0, 0, 0, 0, 0, 0, 0, 12, 0, 0, 0, 0, 24, 0, 0, 0, 0, 0, 0, 12, 0, 12, 0, 0, 12, 12, 0, 48, 0, 0, 12, 24, 24, 0, 48, 24, 24, 24, 12, 24, 12, 48, 0, 24, 84, 96, 36, 60, 84, 48, 72, 132, 96, 108, 108, 48, 84, 120, 72, 60, 144, 120, 132, 72, 84, 72, 144, 36, 72, 156, 132, 48, 96, 60, 120, 72, 84, 84, 60, 36, 48, 60, 72, 24, 48, 72, 36, 36, 36, 60, 72, 60, 36, 12, 60, 84, 24, 60, 84, 48, 48, 96, 108, 48, 60, 72, 96, 72, 96, 60, 36, 96, 36, 72, 72, 60, 48, 36, 48, 60, 36, 72, 60, 36, 72, 60, 24, 36, 48, 60, 72, 48, 72, 84, 48, 60, 36, 84, 60, 36, 60, 48, 36, 36, 60, 84, 60, 84, 48, 36, 48, 48, 60, 84, 36, 36, 108, 36, 108, 48, 24, 36, 36, 36, 72, 72, 48, 36, 48, 108, 96, 36, 36, 72, 84, 60, 84, 36, 12, 24, 72, 108, 36, 48, 60, 48, 72, 60, 48, 60, 84, 60, 24, 84, 0, 36, 24, 72, 72, 24, 48, 24, 36, 60, 12, 48, 48, 36, 12, 24, 48, 24, 12, 12, 12, 12, 36, 12, 0, 12, 12, 0, 12, 0, 24, 24, 36, 12, 24, 0, 12, 12, 0, 12, 12, 12, 24, 24, 24, 24, 24, 36, 24, 0, 0, 36, 24, 12, 12]",44.4769638679106,11.3666410165123,5852,5864.0
4.30 4.29 8 1,"[0, 0, 12, 0, 0, 0, 0, 0, 0, 0, 0, 0, 0, 0, 0, 0, 0, 0, 0, 24, 0, 0, 0, 0, 0, 0, 0, 0, 0, 0, 0, 0, 0, 0, 0, 0, 0, 0, 0, 0, 0, 12, 0, 0, 0, 0, 0, 0, 0, 0, 0, 0, 0, 0, 0, 0, 0, 0, 0, 12, 0, 0, 0, 0, 0, 0, 0, 0, 0, 0, 0, 0, 0, 12, 0, 0, 24, 12, 12, 0, 12, 12, 12, 0, 0, 12, 0, 0, 0, 12, 0, 0, 24, 36, 12, 36, 24, 12, 24, 12, 12, 0, 12, 36, 36, 12, 12, 0, 24, 0, 0, 12, 48, 0, 12, 0, 12, 12, 0, 24, 24, 0, 0, 0, 24, 12, 60, 0, 24, 60, 0, 0, 12, 12, 0, 12, 0, 24, 12, 0, 48, 12, 0, 12, 12, 0, 48, 0, 24, 0, 12, 12, 0, 12, 12, 12, 12, 24, 0, 24, 12, 0, 0, 12, 12, 0, 24, 0, 12, 12, 12, 0, 12, 12, 12, 24, 36, 0, 0, 0, 36, 24, 0, 12, 12, 0, 0, 12, 0, 36, 0, 0, 36, 24, 12, 12, 12, 0, 0, 0, 48, 12, 12, 24, 24, 12, 0, 0, 36, 0, 60, 12, 60, 0, 24, 24, 0, 12, 0, 0, 12, 36, 0, 0, 24, 0, 24, 12, 12, 24, 24, 12, 24, 0, 0, 24, 12, 12, 0, 0, 12, 0, 0, 0, 12, 0, 0, 0, 0, 0, 12, 0, 12, 0, 12, 0, 12, 0, 0, 0, 0, 0, 0, 12, 12, 12, 0, 0, 0, 0, 0, 0, 0, 0, 0, 0, 0, 0, 0, 0, 24, 0, 0, 0, 12, 0, 12, 0]",44.4778436718302,11.3684033954059,5849,5844.0
4.30 4.31 2 1,"[96, 48, 168, 204, 96, 132, 60, 120, 84, 48, 36, 84, 60, 12, 12, 36, 84, 48, 48, 60, 48, 0, 60, 48, 24, 12, 24, 0, 24, 36, 0, 36, 12, 12, 12, 0, 0, 12, 12, 0, 0, 0, 12, 0, 12, 24, 0, 12, 0, 12, 24, 0, 24, 12, 36, 12, 48, 0, 12, 12, 12, 36, 36, 12, 24, 60, 108, 60, 84, 60, 96, 96, 60, 168, 120, 120, 180, 132, 228, 108, 132, 240, 216, 324, 324, 264, 444, 372, 516, 540, 648, 648, 552, 588, 516, 600, 612, 648, 612, 516, 552, 552, 600, 660, 612, 528, 492, 552, 624, 624, 648, 516, 516, 528, 552, 396, 516, 480, 420, 396, 480, 348, 492, 576, 528, 504, 384, 456, 444, 420, 564, 396, 456, 516, 444, 516, 540, 492, 552, 384, 432, 468, 456, 516, 420, 516, 672, 432, 300, 600, 564, 564, 588, 492, 516, 636, 480, 672, 600, 540, 420, 516, 588, 552, 492, 492, 420, 468, 552, 588, 600, 672, 588, 456, 468, 564, 420, 396, 564, 528, 528, 444, 444, 336, 468, 408, 624, 600, 576, 348, 684, 492, 336, 612, 552, 576, 528, 624, 672, 600, 552, 648, 828, 576, 600, 564, 636, 600, 576, 636, 636, 768, 636, 684, 648, 480, 636, 480, 600, 672, 684, 576, 624, 624, 600, 648, 648, 744, 504, 492, 600, 540, 756, 564, 576, 564, 552, 672, 552, 588, 576, 588, 516, 420, 468, 516, 408, 312, 336, 384, 312, 180, 312, 396, 336, 72, 0, 204, 156, 312, 264, 264, 216, 240, 228, 276, 192, 252, 228, 168, 204, 252, 312, 144, 108, 132, 132, 108, 156, 180, 168, 120, 156, 132, 132, 144, 144, 348]",44.4781303401538,11.3683062927828,5849,5863.0
4.30 4.35 6 1,"[180, 132, 120, 180, 168, 180, 144, 168, 96, 60, 108, 108, 108, 84, 132, 36, 96, 36, 60, 96, 108, 36, 60, 120, 36, 24, 24, 12, 48, 48, 60, 12, 0, 12, 24, 12, 0, 24, 12, 12, 12, 12, 12, 24, 24, 60, 0, 24, 12, 0, 24, 24, 12, 0, 24, 24, 24, 24, 12, 0, 0, 48, 24, 12, 36, 12, 36, 48, 72, 48, 60, 84, 108, 72, 84, 36, 132, 228, 156, 240, 192, 336, 264, 312, 264, 372, 372, 372, 492, 480, 636, 732, 780, 648, 540, 612, 660, 624, 672, 816, 600, 636, 540, 624, 636, 684, 684, 624, 672, 636, 708, 672, 588, 744, 564, 612, 672, 708, 420, 624, 492, 636, 396, 360, 372, 636, 672, 396, 396, 564, 504, 492, 624, 636, 624, 576, 612, 432, 600, 660, 636, 444, 720, 516, 540, 612, 504, 624, 564, 468, 576, 732, 600, 612, 360, 552, 600, 600, 552, 696, 708, 804, 432, 480, 540, 816, 648, 624, 588, 600, 720, 660, 804, 708, 672, 660, 624, 672, 612, 528, 492, 612, 636, 552, 624, 732, 660, 576, 744, 624, 684, 696, 516, 792, 588, 672, 780, 612, 816, 636, 552, 708, 756, 648, 312, 672, 708, 636, 624, 684, 600, 696, 708, 612, 672, 684, 660, 864, 600, 744, 768, 660, 516, 456, 744, 456, 732, 660, 576, 756, 792, 732, 456, 660, 576, 552, 612, 624, 432, 492, 444, 636, 612, 456, 672, 588, 360, 456, 516, 372, 384, 324, 264, 240, 360, 336, 252, 288, 264, 312, 228, 156, 300, 216, 192, 144, 192, 168, 168, 240, 264, 300, 240, 228, 204, 228, 372, 336, 204, 216, 264, 204, 204, 348, 240, 240, 276, 336]",44.4778405666346,11.368950677832,5849,5873.0
4.30 4.96 4 1,"[108, 72, 120, 96, 48, 48, 60, 84, 36, 60, 12, 48, 12, 84, 48, 48, 72, 60, 24, 48, 48, 48, 36, 24, 12, 0, 24, 36, 12, 12, 12, 0, 12, 0, 0, 24, 12, 12, 12, 12, 12, 0, 12, 12, 12, 0, 0, 0, 12, 0, 12, 0, 0, 24, 12, 12, 36, 12, 0, 12, 24, 12, 48, 12, 48, 24, 48, 24, 120, 84, 84, 48, 60, 120, 84, 108, 108, 132, 132, 168, 180, 204, 204, 108, 336, 192, 348, 372, 492, 624, 612, 600, 948, 876, 552, 780, 780, 768, 768, 720, 840, 744, 720, 708, 828, 756, 648, 600, 612, 708, 576, 708, 528, 504, 432, 696, 540, 504, 432, 468, 492, 540, 516, 540, 516, 504, 492, 540, 492, 408, 516, 540, 576, 504, 456, 408, 588, 348, 444, 456, 372, 480, 432, 600, 504, 468, 396, 504, 456, 420, 420, 624, 384, 564, 576, 480, 588, 528, 468, 456, 528, 540, 468, 372, 588, 324, 444, 564, 420, 492, 372, 504, 468, 324, 360, 372, 384, 492, 444, 444, 420, 504, 456, 432, 492, 444, 420, 636, 540, 540, 396, 552, 624, 456, 456, 660, 624, 552, 504, 528, 588, 540, 516, 516, 540, 564, 540, 576, 600, 576, 660, 516, 564, 672, 636, 780, 540, 540, 732, 516, 444, 528, 552, 624, 504, 516, 504, 456, 564, 696, 504, 360, 456, 468, 504, 588, 396, 372, 576, 540, 372, 360, 396, 456, 372, 408, 264, 384, 432, 276, 324, 264, 228, 216, 264, 216, 240, 156, 156, 168, 132, 180, 240, 192, 120, 204, 108, 120, 168, 168, 168, 108, 168, 216, 156, 156, 132, 180, 216, 108, 168, 144, 108, 108, 132, 96, 84, 144]",44.4781479012374,11.3687527990111,5849,16353.0
4.31 4.29 6 1,"[264, 132, 264, 72, 372, 288, 144, 132, 168, 156, 108, 180, 144, 132, 156, 108, 84, 144, 96, 120, 96, 108, 84, 72, 60, 132, 72, 60, 60, 72, 48, 24, 60, 12, 60, 12, 0, 24, 60, 48, 0, 36, 60, 36, 36, 0, 12, 36, 0, 12, 48, 60, 0, 12, 36, 36, 12, 24, 60, 36, 36, 36, 0, 48, 72, 12, 48, 36, 36, 144, 60, 96, 84, 168, 84, 108, 168, 144, 120, 252, 180, 180, 216, 396, 540, 612, 504, 396, 588, 708, 612, 444, 816, 876, 660, 672, 792, 948, 972, 696, 840, 672, 708, 540, 672, 624, 756, 936, 552, 840, 684, 888, 540, 624, 504, 576, 804, 672, 600, 516, 504, 504, 600, 444, 624, 504, 852, 684, 636, 624, 780, 792, 468, 768, 624, 732, 672, 588, 672, 996, 804, 672, 696, 660, 792, 648, 672, 768, 720, 768, 744, 588, 900, 552, 864, 600, 744, 672, 936, 948, 900, 708, 720, 636, 996, 744, 876, 804, 624, 648, 972, 864, 816, 936, 780, 684, 684, 924, 612, 624, 660, 888, 588, 660, 732, 696, 636, 768, 696, 888, 744, 744, 876, 840, 756, 732, 720, 624, 720, 804, 948, 900, 852, 936, 1044, 828, 912, 744, 924, 1044, 936, 1032, 1020, 960, 948, 1176, 1188, 1068, 804, 948, 792, 876, 648, 1080, 888, 780, 588, 900, 912, 1008, 960, 984, 948, 1080, 948, 636, 996, 852, 804, 1032, 792, 696, 1032, 684, 708, 720, 540, 708, 564, 576, 552, 348, 348, 540, 444, 348, 324, 384, 240, 300, 348, 468, 360, 312, 276, 564, 312, 276, 204, 384, 456, 312, 288, 396, 228, 252, 204, 288, 216, 228, 312, 192, 444, 336, 264, 300, 324, 336]",44.4788109038563,11.3650719516748,5871,5869.0
4.31 4.30 6 1,"[144, 156, 120, 156, 168, 216, 192, 144, 96, 72, 72, 108, 120, 60, 120, 48, 144, 36, 84, 108, 108, 24, 48, 96, 12, 24, 24, 36, 48, 36, 60, 0, 0, 12, 12, 12, 0, 24, 24, 0, 24, 24, 0, 24, 12, 60, 0, 24, 12, 36, 36, 0, 24, 12, 12, 24, 12, 0, 0, 12, 0, 60, 36, 0, 24, 24, 36, 60, 60, 36, 24, 96, 72, 24, 60, 24, 144, 180, 168, 204, 144, 324, 204, 228, 288, 336, 384, 276, 576, 492, 516, 744, 792, 576, 432, 780, 756, 564, 672, 600, 696, 432, 612, 504, 816, 540, 648, 732, 624, 708, 528, 612, 600, 696, 468, 612, 624, 648, 408, 588, 480, 564, 432, 420, 384, 564, 696, 372, 360, 444, 432, 492, 600, 576, 624, 600, 456, 384, 600, 600, 612, 468, 648, 504, 600, 504, 504, 660, 528, 444, 576, 684, 588, 420, 384, 624, 588, 456, 588, 816, 636, 672, 372, 444, 720, 708, 684, 612, 684, 600, 684, 840, 708, 696, 636, 684, 480, 744, 516, 552, 468, 648, 564, 648, 600, 768, 588, 564, 672, 636, 756, 732, 636, 636, 552, 792, 564, 564, 780, 528, 492, 756, 684, 732, 624, 696, 636, 552, 720, 636, 744, 660, 708, 612, 516, 840, 612, 792, 672, 792, 612, 636, 492, 612, 624, 660, 540, 696, 684, 744, 780, 672, 420, 792, 528, 588, 624, 576, 444, 576, 444, 624, 660, 516, 648, 504, 372, 432, 468, 396, 384, 312, 216, 240, 276, 300, 324, 276, 216, 324, 192, 168, 324, 240, 216, 156, 120, 180, 180, 228, 216, 312, 216, 192, 240, 216, 324, 336, 216, 288, 252, 204, 228, 384, 324, 204, 264, 312]",44.4790502983208,11.365487154574,13250,5872.0
4.31 4.32 2 1,"[12, 24, 24, 36, 12, 48, 0, 48, 24, 24, 12, 12, 24, 48, 0, 12, 24, 12, 60, 0, 24, 12, 36, 12, 24, 24, 36, 12, 0, 12, 0, 24, 0, 0, 24, 0, 12, 12, 12, 0, 0, 12, 0, 0, 0, 0, 24, 0, 0, 12, 12, 24, 24, 0, 0, 0, 12, 0, 24, 0, 12, 12, 24, 24, 0, 24, 60, 48, 0, 36, 48, 12, 24, 24, 36, 48, 36, 24, 72, 24, 108, 36, 48, 108, 120, 132, 36, 120, 132, 120, 180, 168, 252, 204, 108, 84, 180, 132, 156, 120, 228, 120, 252, 144, 192, 180, 132, 120, 120, 228, 120, 204, 60, 192, 168, 96, 180, 108, 120, 84, 168, 108, 60, 72, 108, 108, 36, 24, 132, 120, 36, 36, 48, 108, 108, 96, 84, 108, 96, 96, 144, 192, 108, 84, 180, 156, 84, 132, 96, 48, 108, 156, 144, 144, 132, 96, 72, 96, 72, 96, 108, 132, 108, 72, 120, 84, 24, 144, 96, 108, 84, 108, 144, 120, 132, 48, 96, 84, 96, 96, 60, 60, 48, 108, 96, 120, 144, 96, 96, 72, 36, 72, 96, 72, 108, 120, 144, 96, 132, 72, 72, 84, 108, 156, 108, 120, 96, 144, 108, 132, 60, 120, 96, 168, 96, 84, 84, 84, 48, 96, 132, 84, 60, 168, 132, 132, 120, 156, 120, 156, 204, 96, 96, 132, 120, 144, 84, 120, 72, 120, 60, 96, 120, 96, 60, 108, 84, 96, 48, 60, 72, 108, 84, 84, 36, 36, 60, 36, 60, 60, 48, 60, 72, 36, 24, 36, 24, 84, 12, 24, 12, 36, 36, 36, 72, 72, 60, 36, 96, 24, 48, 36, 12, 24, 12, 72, 0, 24]",44.4796382908622,11.3644041645797,14040,6333.0
4.31 4.39 4 1,"[96, 60, 132, 96, 96, 72, 72, 48, 24, 48, 12, 36, 48, 0, 24, 24, 36, 36, 36, 36, 36, 12, 48, 12, 48, 12, 24, 12, 12, 48, 0, 24, 0, 12, 0, 0, 0, 12, 12, 0, 0, 0, 12, 12, 12, 0, 0, 0, 0, 0, 12, 12, 12, 24, 60, 12, 36, 0, 0, 12, 12, 24, 12, 24, 24, 48, 72, 24, 84, 48, 60, 84, 72, 96, 36, 132, 72, 108, 144, 144, 120, 180, 168, 204, 300, 240, 384, 444, 588, 396, 588, 684, 456, 612, 600, 672, 408, 480, 612, 540, 576, 444, 408, 84, 612, 336, 528, 456, 528, 588, 516, 480, 396, 456, 492, 396, 300, 420, 384, 384, 324, 324, 312, 312, 336, 240, 144, 300, 360, 360, 336, 360, 264, 312, 240, 348, 384, 336, 324, 252, 264, 372, 384, 312, 252, 372, 336, 348, 288, 396, 396, 300, 444, 480, 276, 420, 384, 372, 348, 384, 420, 324, 384, 492, 456, 384, 432, 288, 336, 432, 528, 228, 420, 444, 408, 420, 348, 300, 408, 408, 408, 324, 336, 336, 372, 348, 348, 396, 324, 168, 420, 396, 432, 348, 444, 360, 372, 396, 468, 372, 420, 492, 516, 468, 528, 624, 516, 528, 384, 492, 336, 456, 564, 432, 420, 468, 504, 480, 480, 576, 492, 612, 468, 216, 432, 336, 492, 516, 468, 360, 456, 492, 384, 576, 324, 480, 504, 432, 408, 492, 468, 480, 540, 504, 432, 408, 360, 300, 276, 216, 264, 120, 204, 252, 240, 252, 252, 168, 144, 276, 204, 156, 144, 192, 120, 156, 192, 240, 132, 180, 132, 168, 180, 144, 120, 144, 144, 108, 132, 96, 120, 72, 48, 180, 120, 72, 108, 216]",44.4796678794742,11.365165730682,13249,6388.0
4.32 4.31 6 1,"[156, 84, 168, 132, 132, 120, 120, 60, 84, 48, 84, 132, 60, 60, 48, 96, 72, 36, 60, 84, 36, 36, 12, 36, 36, 36, 24, 48, 24, 72, 36, 12, 24, 36, 12, 12, 12, 24, 0, 24, 0, 24, 24, 24, 12, 12, 0, 36, 0, 0, 24, 12, 0, 0, 48, 12, 12, 0, 48, 0, 12, 12, 24, 24, 36, 24, 12, 36, 84, 60, 12, 48, 36, 132, 0, 108, 120, 84, 204, 96, 108, 144, 144, 228, 276, 204, 264, 192, 408, 564, 360, 444, 564, 540, 576, 564, 576, 660, 672, 432, 432, 396, 360, 516, 516, 540, 624, 468, 456, 528, 432, 492, 444, 300, 468, 468, 528, 408, 360, 336, 360, 348, 360, 288, 372, 420, 432, 468, 408, 372, 396, 504, 360, 444, 468, 336, 372, 396, 456, 504, 516, 576, 300, 480, 480, 372, 576, 564, 408, 360, 624, 492, 564, 612, 516, 324, 384, 456, 480, 684, 408, 420, 420, 624, 552, 588, 468, 480, 576, 408, 564, 600, 552, 504, 552, 396, 576, 552, 456, 492, 312, 528, 432, 492, 552, 396, 672, 576, 468, 612, 612, 540, 564, 456, 588, 492, 456, 492, 588, 600, 648, 732, 660, 576, 732, 492, 492, 600, 588, 696, 648, 612, 636, 444, 624, 672, 516, 624, 504, 504, 672, 456, 564, 528, 504, 540, 540, 720, 552, 672, 552, 456, 600, 624, 504, 492, 528, 636, 516, 288, 552, 528, 420, 540, 444, 432, 420, 348, 348, 360, 348, 240, 168, 204, 264, 180, 228, 324, 156, 204, 216, 252, 216, 204, 132, 300, 180, 156, 180, 240, 144, 216, 156, 168, 156, 264, 192, 180, 168, 168, 180, 156, 144, 204, 204, 192, 168, 204]",44.4809822507437,11.3623774818951,6320,5781.0
4.32 4.33 2 1,"[12, 36, 0, 12, 0, 48, 0, 36, 24, 12, 12, 24, 24, 48, 0, 12, 36, 0, 48, 0, 12, 12, 36, 12, 12, 24, 36, 12, 12, 12, 0, 24, 12, 0, 24, 12, 12, 12, 0, 12, 0, 24, 0, 0, 12, 0, 36, 12, 0, 0, 12, 24, 12, 0, 0, 0, 24, 12, 12, 0, 12, 12, 24, 24, 0, 24, 24, 72, 0, 24, 36, 12, 12, 12, 24, 48, 12, 84, 84, 36, 72, 24, 36, 48, 96, 72, 36, 60, 84, 60, 216, 84, 240, 144, 156, 48, 132, 120, 180, 60, 180, 72, 216, 108, 84, 204, 120, 84, 132, 144, 168, 108, 48, 168, 144, 60, 120, 84, 132, 96, 168, 96, 60, 72, 60, 96, 72, 48, 144, 108, 48, 48, 36, 120, 96, 96, 60, 156, 96, 108, 108, 144, 84, 60, 72, 180, 60, 120, 84, 36, 72, 144, 96, 120, 156, 108, 72, 108, 96, 72, 72, 120, 60, 84, 132, 60, 48, 168, 72, 144, 72, 60, 120, 108, 120, 24, 72, 120, 72, 36, 60, 24, 48, 84, 96, 108, 108, 72, 60, 72, 36, 36, 84, 72, 132, 96, 72, 60, 108, 84, 84, 84, 60, 96, 108, 84, 84, 96, 96, 96, 84, 96, 84, 108, 48, 96, 48, 60, 60, 60, 108, 96, 72, 132, 84, 108, 72, 84, 84, 108, 96, 84, 84, 84, 48, 48, 12, 108, 48, 48, 72, 24, 72, 48, 24, 84, 24, 96, 36, 24, 36, 48, 0, 48, 24, 0, 12, 12, 24, 24, 36, 12, 60, 12, 12, 48, 12, 36, 12, 24, 24, 0, 72, 24, 36, 24, 24, 12, 36, 12, 12, 36, 12, 36, 24, 60, 0, 24]",44.4816763128599,11.3608448141484,6326,15068.0
4.32 4.40 4 1,"[12, 36, 60, 48, 24, 24, 12, 24, 24, 12, 12, 0, 0, 12, 0, 12, 0, 0, 0, 0, 0, 0, 12, 0, 0, 0, 0, 0, 0, 12, 12, 0, 0, 0, 0, 24, 12, 0, 0, 0, 0, 0, 0, 0, 0, 0, 0, 0, 12, 0, 0, 0, 0, 0, 12, 0, 0, 12, 0, 0, 0, 0, 12, 0, 0, 0, 36, 0, 12, 24, 24, 0, 24, 24, 12, 24, 24, 36, 12, 36, 24, 72, 72, 60, 96, 72, 168, 168, 156, 228, 180, 300, 456, 480, 312, 420, 312, 300, 336, 288, 264, 168, 228, 324, 288, 276, 288, 336, 276, 228, 228, 120, 168, 204, 192, 192, 108, 156, 132, 84, 108, 204, 156, 180, 144, 144, 72, 108, 120, 204, 108, 120, 132, 96, 156, 108, 96, 36, 156, 108, 144, 132, 168, 84, 132, 192, 216, 156, 132, 120, 192, 264, 204, 96, 84, 108, 108, 108, 144, 204, 192, 132, 96, 168, 132, 204, 168, 216, 132, 216, 216, 288, 240, 60, 60, 84, 192, 156, 84, 132, 180, 168, 96, 192, 132, 60, 96, 132, 156, 84, 180, 180, 120, 168, 216, 96, 204, 168, 120, 240, 180, 108, 156, 168, 120, 192, 132, 228, 156, 96, 84, 192, 132, 156, 144, 132, 192, 144, 204, 168, 204, 108, 264, 156, 132, 132, 192, 168, 120, 84, 144, 132, 156, 108, 132, 144, 204, 132, 144, 108, 180, 132, 120, 120, 84, 156, 120, 120, 84, 96, 60, 36, 36, 72, 24, 72, 60, 60, 48, 12, 48, 24, 36, 48, 24, 0, 36, 0, 12, 36, 24, 12, 12, 0, 24, 48, 0, 48, 24, 36, 0, 0, 36, 12, 72, 48, 24, 36]",44.481222592007,11.3623145431352,6320,6319.0
4.32 4.40 4 2,"[72, 84, 84, 120, 84, 72, 24, 48, 36, 36, 24, 60, 12, 36, 48, 24, 0, 24, 24, 12, 36, 0, 24, 0, 0, 0, 48, 0, 12, 36, 24, 0, 12, 0, 0, 12, 12, 0, 0, 12, 0, 0, 0, 24, 12, 0, 12, 12, 24, 0, 12, 0, 12, 0, 12, 0, 0, 12, 0, 0, 0, 0, 0, 0, 0, 24, 48, 24, 12, 24, 72, 0, 36, 60, 36, 48, 60, 84, 96, 120, 120, 144, 132, 108, 204, 216, 348, 336, 300, 480, 384, 708, 744, 660, 588, 636, 576, 672, 828, 588, 576, 456, 588, 564, 624, 540, 564, 480, 552, 432, 492, 468, 372, 384, 348, 504, 372, 348, 312, 300, 300, 348, 336, 300, 384, 276, 276, 324, 324, 360, 240, 384, 288, 300, 312, 216, 276, 264, 372, 348, 312, 336, 384, 336, 360, 420, 348, 336, 372, 312, 372, 480, 360, 336, 360, 252, 324, 384, 384, 552, 372, 276, 336, 300, 276, 384, 372, 432, 432, 408, 480, 552, 492, 216, 360, 192, 300, 396, 264, 372, 456, 324, 264, 360, 228, 252, 336, 288, 360, 300, 300, 456, 288, 456, 468, 216, 336, 372, 492, 636, 324, 384, 432, 540, 336, 348, 432, 480, 432, 324, 324, 564, 480, 372, 432, 408, 468, 444, 348, 504, 420, 480, 372, 348, 396, 336, 372, 312, 252, 228, 432, 444, 444, 336, 324, 312, 384, 360, 456, 276, 384, 384, 348, 360, 324, 312, 312, 156, 180, 156, 180, 156, 84, 132, 120, 180, 192, 96, 144, 216, 120, 96, 132, 72, 144, 72, 156, 72, 168, 120, 60, 24, 72, 108, 96, 156, 48, 108, 156, 96, -1, 96, 120, 108, 144, 72, 120, 132]",44.4835649713172,11.3643886404592,6341,6343.0
4.33 4.32 6 1,"[360, 312, 456, 432, 540, 300, 396, 288, 216, 156, 360, 348, 216, 336, 240, 180, 132, 96, 264, 276, 144, 144, 120, 120, 72, 144, 132, 144, 120, 132, 96, 36, 84, 24, 36, 60, 12, 48, 48, 12, 24, 72, 12, 36, 60, 60, 48, 48, 12, 0, 48, 36, 12, 36, 96, 36, 12, 48, 48, 48, 48, 96, 48, 72, 60, 84, 72, 72, 132, 168, 96, 132, 156, 180, 96, 204, 336, 216, 504, 300, 432, 396, 600, 672, 672, 828, 636, 852, 972, 1176, 1284, 1536, 1416, 960, 1656, 1668, 1440, 1560, 1560, 1248, 1464, 1164, 1536, 1440, 1308, 1452, 1596, 1548, 1284, 1512, 1488, 1332, 1260, 1140, 1320, 1452, 1332, 1164, 1008, 1152, 1056, 972, 1020, 1056, 1008, 1296, 1212, 1128, 1008, 996, 1116, 1224, 1128, 1104, 1368, 1164, 1116, 1056, 1284, 1584, 1248, 1392, 1464, 1236, 1296, 1308, 1404, 1296, 1476, 1224, 1572, 1368, 1488, 1236, 1272, 1212, 1236, 1380, 1896, 1536, 1644, 1332, 1404, 1572, 1200, 1752, 1284, 1632, 1464, 1284, 1848, 1428, 1500, 1476, 1380, 1140, 1416, 1248, 1176, 1284, 1464, 1248, 1224, 1248, 1320, 1356, 1416, 1536, 1260, 1704, 1440, 1296, 1440, 1308, 1440, 1728, 1176, 1764, 1500, 1548, 1824, 1752, 1536, 1656, 1524, 1404, 1524, 1848, 1740, 1548, 1512, 1572, 1632, 1524, 1788, 1476, 1596, 1464, 1752, 1620, 1596, 1500, 1548, 1560, 1548, 1524, 1368, 1788, 1656, 1716, 1572, 1308, 1860, 1332, 1428, 1416, 1428, 1428, 1548, 1068, 1596, 1332, 1356, 1344, 1224, 1008, 1008, 1092, 1104, 996, 732, 672, 708, 588, 684, 600, 804, 552, 552, 612, 636, 540, 528, 576, 612, 552, 420, 432, 528, 492, 624, 564, 384, 684, 408, 564, 792, 588, 420, 672, 504, 720, 588, 816, 588, 504, 660, 696]",44.4828926506319,11.3589294955386,6301,15062.0
4.34 4.24 6 1,"[228, 132, 168, 168, 168, 240, 204, 156, 108, 144, 108, 132, 36, 132, 72, 84, 144, 60, 108, 72, 48, 120, 60, 48, 24, 72, 48, 60, 72, 24, 84, 24, 60, 36, 0, 48, 12, 12, 48, 36, 0, 12, 72, 12, 0, 12, 12, 0, 36, 0, 24, 24, 12, 24, 36, 24, 12, 24, 24, 60, 24, 24, 24, 24, 84, 48, 36, 48, 84, 72, 84, 60, 132, 84, 108, 48, 180, 120, 228, 312, 228, 252, 216, 360, 468, 468, 624, 432, 588, 564, 852, 660, 636, 960, 912, 852, 684, 1020, 1056, 1056, 1008, 816, 576, 984, 792, 684, 792, 744, 768, 648, 792, 636, 744, 840, 636, 516, 612, 600, 732, 720, 708, 708, 624, 624, 684, 492, 732, 792, 588, 732, 912, 684, 876, 696, 888, 648, 744, 660, 672, 756, 852, 756, 804, 672, 756, 876, 672, 648, 828, 672, 672, 864, 720, 828, 708, 864, 636, 444, 792, 648, 1032, 828, 852, 672, 876, 840, 984, 936, 708, 876, 912, 936, 792, 936, 672, 744, 984, 732, 768, 732, 492, 660, 696, 744, 792, 804, 552, 924, 804, 816, 744, 972, 756, 708, 780, 780, 744, 576, 816, 852, 1056, 972, 792, 744, 996, 864, 912, 768, 696, 876, 936, 936, 984, 1152, 996, 828, 804, 876, 1140, 972, 636, 1020, 504, 792, 816, 948, 744, 804, 744, 864, 972, 972, 888, 924, 864, 696, 900, 888, 936, 948, 840, 672, 768, 732, 756, 696, 624, 528, 600, 480, 480, 432, 360, 348, 240, 396, 324, 252, 216, 204, 252, 420, 336, 432, 288, 360, 336, 444, 264, 252, 228, 360, 228, 264, 312, 324, 240, 264, 168, 204, 312, 204, 264, 300, 324, 288, 216, 300]",44.4698348581648,11.3710301103881,5831,5731.0
4.34 4.25 2 1,"[60, 84, 120, 72, 60, 24, 144, 36, 48, 48, 72, 48, 36, 36, 0, 12, 24, 60, 48, 12, 12, 12, 36, 48, 12, 12, 0, 36, 12, 0, 12, 24, 12, 12, 12, 12, 24, 0, 24, 24, 0, 0, 12, 0, 12, 36, 12, 24, 0, 12, 12, 48, 48, 36, 24, 12, 12, 24, 24, 0, 48, 36, 72, 96, 48, 108, 96, 72, 180, 156, 108, 108, 144, 252, 168, 228, 240, 252, 348, 312, 300, 492, 216, 552, 564, 696, 540, 840, 564, 960, 924, 1008, 1032, 876, 1224, 1104, 948, 1080, 1068, 984, 840, 1044, 1020, 1092, 900, 960, 804, 972, 1104, 852, 816, 672, 912, 720, 624, 684, 612, 600, 480, 516, 564, 564, 636, 564, 672, 504, 696, 696, 684, 636, 624, 576, 672, 636, 696, 648, 756, 684, 576, 504, 648, 804, 708, 660, 612, 672, 660, 720, 588, 732, 600, 624, 624, 636, 564, 768, 552, 684, 564, 564, 540, 612, 504, 684, 528, 624, 588, 696, 732, 660, 552, 624, 408, 516, 396, 516, 708, 564, 528, 588, 564, 552, 576, 756, 504, 480, 732, 600, 744, 456, 684, 528, 660, 612, 624, 660, 696, 612, 624, 636, 816, 876, 720, 732, 684, 672, 708, 744, 624, 684, 780, 756, 576, 756, 780, 672, 720, 804, 516, 768, 672, 744, 720, 852, 648, 576, 768, 492, 588, 552, 684, 504, 780, 600, 684, 648, 492, 576, 600, 444, 552, 444, 528, 396, 684, 420, 444, 312, 348, 420, 288, 492, 384, 288, 420, 192, 264, 180, 264, 276, 300, 372, 324, 192, 240, 276, 264, 156, 156, 156, 216, 192, 180, 288, 228, 216, 240, 240, 96, 192, 204, 168, 144, 132, 156, 228, 120, 144]",44.470288172293,11.371099621073,5831,5812.0
4.35 4.30 2 1,"[60, 96, 264, 168, 168, 192, 72, 144, 120, 84, 12, 132, 60, 72, 84, 72, 96, 72, 36, 96, 72, 48, 72, 48, 36, 36, 48, 0, 24, 36, 0, 48, 12, 0, 0, 12, 12, 12, 36, 0, 0, 12, 24, 12, 24, 12, 0, 12, 0, 12, 24, 0, 36, 24, 24, 36, 48, 0, 48, 12, 36, 24, 72, 12, 84, 60, 144, 60, 108, 120, 108, 84, 120, 204, 156, 108, 240, 180, 216, 264, 300, 312, 288, 300, 480, 360, 624, 612, 816, 732, 900, 876, 504, 576, 552, 492, 600, 420, 492, 588, 432, 636, 420, 588, 864, 528, 636, 552, 528, 588, 552, 804, 612, 768, 816, 708, 600, 840, 552, 648, 696, 660, 816, 864, 588, 696, 336, 588, 648, 672, 684, 600, 720, 732, 696, 660, 744, 552, 828, 720, 672, 576, 648, 672, 744, 636, 768, 672, 612, 708, 768, 756, 648, 852, 708, 972, 792, 708, 984, 744, 600, 924, 816, 744, 756, 828, 768, 792, 780, 804, 792, 864, 756, 672, 600, 744, 624, 600, 732, 636, 660, 612, 636, 600, 780, 684, 948, 732, 804, 756, 720, 864, 828, 612, 972, 912, 828, 936, 840, 768, 1020, 732, 924, 768, 840, 768, 780, 756, 492, 708, 612, 576, 600, 492, 540, 684, 732, 576, 852, 744, 540, 696, 864, 684, 876, 1020, 708, 744, 984, 816, 816, 780, 876, 876, 792, 732, 744, 888, 936, 816, 720, 804, 708, 852, 696, 696, 552, 564, 552, 480, 444, 360, 384, 528, 312, 444, 312, 312, 228, 396, 360, 300, 336, 276, 288, 444, 252, 240, 372, 192, 336, 300, 336, 288, 204, 276, 180, 168, 300, 180, 324, 180, 228, 240, 180, 108, 240, 384]",44.4768321749516,11.3717311496117,5882,5890.0
4.35 4.35 2 1,"[36, 96, 228, 168, 120, 168, 96, 96, 120, 60, 12, 132, 36, 48, 60, 60, 84, 72, 48, 84, 48, 48, 72, 36, 24, 24, 24, 0, 36, 24, 12, 48, 12, 0, 0, 12, 0, 0, 48, 0, 0, 0, 24, 24, 24, 12, 0, 12, 0, 12, 36, 24, 24, 24, 24, 36, 24, 0, 48, 0, 24, 24, 24, 0, 60, 84, 156, 48, 48, 120, 120, 84, 144, 168, 144, 132, 228, 192, 192, 240, 240, 324, 216, 300, 432, 396, 552, 624, 840, 660, 876, 840, 996, 780, 624, 720, 828, 648, 720, 768, 588, 696, 732, 720, 972, 672, 636, 852, 876, 780, 636, 792, 516, 612, 900, 564, 600, 744, 516, 624, 648, 648, 696, 828, 636, 576, 228, 492, 576, 576, 552, 696, 636, 588, 720, 564, 432, 564, 744, 600, 600, 564, 564, 636, 612, 600, 720, 648, 576, 552, 696, 672, 504, 780, 648, 912, 684, 672, 804, 708, 540, 804, 744, 708, 636, 816, 756, 744, 768, 636, 780, 804, 684, 708, 564, 696, 492, 576, 648, 696, 624, 504, 612, 564, 636, 600, 912, 684, 720, 624, 648, 840, 756, 684, 948, 864, 624, 1068, 684, 636, 1056, 720, 900, 648, 780, 600, 828, 912, 828, 864, 528, 684, 948, 756, 792, 720, 852, 756, 852, 996, 708, 972, 828, 684, 816, 1008, 864, 672, 888, 780, 624, 648, 804, 720, 720, 696, 720, 768, 948, 732, 720, 684, 588, 732, 684, 624, 456, 432, 600, 372, 444, 312, 288, 516, 288, 336, 240, 276, 216, 372, 348, 264, 288, 288, 300, 396, 228, 228, 312, 144, 324, 228, 348, 204, 120, 288, 144, 120, 228, 156, 336, 132, 228, 240, 168, 144, 252, 312]",44.4765822745447,11.3729144441691,15591,5877.0
4.35 4.36 6 1,"[360, 180, 192, 228, 192, 228, 180, 180, 168, 96, 108, 144, 108, 96, 132, 72, 168, 72, 84, 60, 132, 36, 60, 108, 72, 60, 36, 12, 48, 36, 60, 36, 48, 36, 24, 24, 24, 12, 48, 12, 12, 12, 12, 24, 48, 60, 0, 60, 12, 0, 36, 24, 12, 24, 48, 36, 36, 24, 12, 12, 24, 48, 72, 48, 48, 48, 96, 72, 96, 72, 72, 120, 108, 108, 156, 72, 156, 276, 360, 312, 360, 456, 360, 408, 468, 564, 576, 600, 684, 936, 936, 1116, 1164, 1176, 816, 852, 1188, 1032, 936, 1116, 900, 1032, 912, 1284, 1128, 1212, 912, 1200, 1104, 972, 972, 900, 744, 936, 972, 888, 816, 1032, 912, 744, 780, 684, 708, 708, 648, 708, 888, 864, 612, 756, 768, 756, 840, 816, 840, 804, 936, 744, 564, 864, 972, 660, 900, 780, 852, 876, 768, 828, 804, 768, 684, 1080, 888, 852, 792, 660, 876, 708, 924, 732, 1128, 1116, 828, 600, 792, 1116, 936, 972, 912, 960, 900, 984, 936, 996, 888, 924, 768, 852, 960, 744, 756, 780, 888, 900, 876, 888, 924, 804, 1044, 1044, 900, 876, 768, 1080, 1032, 900, 936, 1080, 888, 1056, 1140, 924, 948, 1080, 912, 1176, 948, 972, 828, 984, 864, 876, 996, 924, 792, 936, 768, 1008, 996, 1008, 948, 1056, 720, 888, 732, 900, 804, 828, 1044, 936, 912, 1080, 948, 732, 936, 864, 876, 840, 816, 684, 744, 780, 900, 588, 780, 624, 624, 696, 564, 636, 612, 480, 420, 336, 360, 468, 360, 408, 348, 348, 324, 204, 348, 240, 240, 204, 204, 168, 192, 288, 312, 324, 384, 276, 240, 264, 372, 528, 228, 228, 312, 228, 228, 324, 324, 324, 264, 456]",44.4764952546261,11.3731127878587,5877,15591.0
4.36 4.27 8 1,"[84, 204, 120, 180, 120, 108, 192, 108, 72, 72, 60, 72, 0, 84, 108, 48, 72, 48, 96, 48, 72, 24, 84, 72, 24, 36, 0, 36, 36, 24, 36, 12, 84, 12, 12, 12, 0, 0, 36, 12, 12, 24, 12, 0, 0, 24, 24, 0, 12, 24, 24, 24, 12, 12, 24, 0, 12, 12, 36, 12, 24, 12, 36, 96, 24, 12, 24, 84, 72, 96, 48, 36, 24, 60, 120, 120, 120, 108, 72, 120, 192, 264, 180, 204, 180, 204, 276, 276, 264, 384, 396, 324, 468, 468, 552, 492, 432, 516, 348, 432, 408, 396, 552, 384, 552, 444, 504, 444, 444, 468, 480, 480, 192, 432, 444, 384, 252, 396, 480, 300, 432, 396, 360, 492, 492, 396, 468, 408, 492, 372, 516, 468, 516, 240, 492, 468, 564, 408, 552, 456, 396, 384, 540, 552, 504, 588, 564, 552, 540, 444, 624, 564, 492, 456, 528, 492, 456, 504, 648, 528, 456, 552, 420, 624, 444, 324, 444, 480, 528, 456, 456, 504, 408, 624, 468, 480, 420, 360, 456, 384, 396, 456, 432, 312, 564, 444, 348, 492, 360, 576, 564, 456, 384, 552, 696, 576, 564, 600, 540, 672, 588, 780, 564, 528, 588, 660, 720, 468, 660, 624, 600, 492, 672, 576, 708, 684, 468, 696, 624, 636, 684, 696, 600, 552, 672, 432, 720, 492, 600, 516, 576, 756, 588, 648, 528, 552, 540, 600, 564, 552, 408, 444, 492, 624, 420, 612, 408, 444, 348, 432, 372, 336, 240, 324, 192, 300, 264, 180, 252, 132, 168, 168, 276, 264, 252, 180, 120, 252, 216, 240, 276, 216, 216, 192, 192, 168, 132, 204, 300, 180, 228, 144, 228, 264, 132, 192, 264, 216]",44.4729030573811,11.3775444623257,6691,5838.0
4.36 4.35 2 1,"[60, 72, 192, 156, 120, 156, 84, 96, 96, 48, 48, 60, 60, 24, 36, 60, 48, 72, 24, 48, 36, 36, 60, 24, 12, 36, 0, 0, 12, 24, 12, 24, 12, 0, 0, 12, 0, 0, 36, 0, 0, 12, 12, 12, 24, 0, 0, 12, 0, 12, 0, 0, 12, 24, 12, 36, 12, 0, 48, 0, 24, 24, 24, 0, 60, 48, 108, 36, 36, 132, 72, 60, 120, 120, 120, 156, 132, 120, 156, 252, 204, 276, 216, 312, 312, 384, 504, 576, 744, 768, 756, 828, 924, 912, 708, 840, 780, 672, 864, 636, 588, 708, 696, 624, 864, 732, 648, 636, 504, 528, 744, 624, 576, 552, 684, 552, 528, 600, 408, 576, 504, 588, 840, 600, 576, 576, 432, 420, 516, 564, 564, 660, 564, 624, 552, 564, 588, 564, 588, 528, 588, 540, 624, 516, 588, 492, 780, 576, 468, 528, 732, 588, 648, 576, 768, 648, 660, 672, 744, 612, 516, 732, 684, 732, 576, 684, 708, 780, 684, 588, 732, 732, 636, 636, 540, 624, 468, 528, 600, 672, 528, 588, 540, 516, 612, 552, 804, 600, 636, 660, 648, 636, 768, 660, 852, 744, 732, 816, 684, 720, 816, 840, 840, 552, 816, 696, 612, 972, 768, 804, 948, 612, 972, 648, 768, 900, 708, 900, 864, 876, 672, 888, 636, 792, 792, 732, 828, 708, 684, 768, 684, 588, 588, 816, 684, 612, 552, 828, 816, 648, 660, 732, 504, 720, 600, 600, 444, 372, 492, 300, 348, 312, 204, 408, 276, 228, 240, 204, 192, 300, 348, 264, 240, 204, 204, 288, 216, 192, 264, 120, 264, 252, 216, 180, 144, 204, 96, 96, 192, 156, 216, 96, 216, 180, 120, 132, 240, 264]",44.4756352204794,11.3779772275529,17210,5887.0
4.36 4.37 6 1,"[360, 216, 168, 156, 204, 108, 252, 144, 144, 36, 132, 132, 180, 120, 132, 60, 96, 24, 24, 144, 132, 48, 12, 108, 60, 36, 24, 24, 60, 60, 60, 24, 48, 48, 0, 24, 0, 12, 24, 24, 12, 0, 12, 24, 24, 0, 24, 12, 12, 24, 12, 0, 0, 0, 24, 12, 24, 36, 12, 0, 0, 36, 72, 36, 12, 48, 48, 84, 72, 84, 48, 72, 84, 84, 96, 60, 156, 192, 336, 264, 336, 372, 348, 348, 348, 564, 456, 516, 696, 984, 852, 1044, 1020, 1344, 1008, 1308, 1104, 1308, 1176, 1068, 1044, 1116, 1164, 1032, 1092, 1092, 1080, 972, 1080, 852, 804, 828, 1020, 756, 792, 864, 720, 840, 852, 732, 864, 744, 612, 720, 672, 612, 720, 780, 408, 636, 684, 744, 744, 840, 852, 708, 816, 744, 456, 1140, 888, 816, 744, 876, 648, 780, 792, 840, 924, 516, 672, 900, 936, 792, 720, 792, 780, 660, 888, 636, 1080, 864, 1080, 624, 684, 1092, 840, 864, 768, 972, 792, 1104, 876, 840, 948, 864, 684, 948, 888, 624, 720, 648, 780, 852, 912, 792, 1056, 696, 756, 1140, 828, 648, 864, 984, 972, 792, 696, 1068, 1080, 948, 984, 756, 972, 732, 864, 1116, 948, 1020, 888, 816, 816, 996, 852, 1116, 804, 972, 888, 876, 1104, 816, 864, 1020, 984, 828, 840, 888, 648, 924, 936, 768, 1032, 828, 1104, 660, 972, 756, 804, 684, 804, 720, 588, 684, 984, 576, 660, 672, 648, 528, 564, 420, 480, 396, 492, 420, 444, 348, 288, 468, 300, 228, 300, 216, 348, 288, 252, 192, 276, 228, 192, 312, 192, 276, 336, 228, 192, 300, 420, 492, 240, 204, 288, 336, 252, 372, 444, 372, 264, 264]",44.4752096947446,11.3786958463985,6728,6699.0
4.36 4.91 4 1,"[156, 132, 84, 204, 84, 84, 132, 132, 60, 12, 96, 96, 84, 96, 24, 24, 60, 84, 48, 48, 60, 48, 36, 24, 36, 12, 12, 12, 0, 24, 24, 12, 12, 36, 0, 36, 12, 36, 24, 12, 0, 24, 48, 0, 24, 24, 60, 84, 24, 48, 36, 36, 24, 24, 72, 72, 36, 48, 84, 84, 84, 48, 84, 96, 144, 72, 96, 144, 108, 144, 96, 108, 168, 144, 132, 156, 156, 204, 372, 360, 312, 396, 312, 312, 384, 576, 540, 624, 720, 696, 684, 948, 792, 804, 900, 792, 720, 948, 948, 876, 864, 744, 696, 924, 912, 756, 780, 612, 732, 732, 636, 660, 780, 540, 708, 672, 612, 576, 672, 408, 684, 468, 624, 600, 384, 480, 612, 600, 528, 504, 660, 540, 636, 492, 420, 564, 636, 492, 540, 516, 504, 564, 516, 444, 540, 504, 564, 408, 468, 528, 360, 552, 600, 684, 504, 528, 552, 492, 456, 624, 516, 552, 552, 408, 576, 552, 552, 492, 696, 540, 684, 672, 492, 660, 636, 600, 516, 528, 612, 348, 600, 528, 540, 624, 312, 708, 540, 480, 444, 708, 528, 540, 540, 492, 684, 624, 636, 636, 588, 684, 1032, 720, 840, 876, 552, 696, 816, 600, 1044, 564, 840, 768, 648, 636, 468, 588, 624, 780, 732, 672, 552, 636, 612, 564, 492, 588, 504, 516, 468, 504, 480, 432, 420, 564, 696, 648, 672, 552, 612, 372, 336, 468, 420, 432, 504, 324, 324, 396, 420, 528, 384, 228, 288, 228, 312, 396, 300, 288, 156, 180, 144, 192, 192, 120, 192, 156, 216, 144, 96, 156, 120, 204, 180, 216, 120, 168, 144, 156, 240, 144, 168, 156, 144, 132, 144, 228, 300, 228]",44.476834330981,11.3794001479584,15891,15894.0
4.37 4.36 2 1,"[144, 180, 240, 180, 180, 144, 168, 120, 72, 24, 60, 108, 96, 120, 96, 36, 36, 60, 72, 72, 36, 24, 96, 48, 36, 24, 0, 0, 48, 12, 36, 36, 0, 24, 12, 12, 12, 24, 24, 12, 0, 12, 0, 0, 36, 0, 0, 12, 24, 12, 24, 0, 0, 24, 36, 24, 12, 12, 48, 12, 60, 12, 36, 36, 84, 48, 60, 84, 96, 108, 60, 96, 120, 132, 192, 228, 264, 156, 228, 288, 372, 444, 240, 396, 336, 372, 648, 792, 924, 972, 924, 1200, 1188, 1032, 1212, 1044, 1272, 936, 1200, 1068, 900, 804, 936, 756, 888, 732, 984, 840, 864, 756, 708, 720, 672, 696, 720, 768, 744, 684, 660, 780, 912, 588, 696, 948, 564, 720, 588, 720, 636, 720, 768, 540, 600, 624, 768, 756, 696, 744, 780, 756, 756, 648, 696, 648, 624, 732, 684, 888, 636, 840, 732, 792, 828, 1032, 804, 792, 624, 876, 792, 708, 852, 888, 768, 852, 708, 912, 696, 864, 768, 876, 972, 852, 792, 792, 648, 744, 768, 720, 732, 732, 684, 720, 468, 780, 672, 924, 756, 720, 600, 732, 768, 528, 852, 876, 852, 900, 780, 900, 876, 1128, 972, 900, 876, 828, 1032, 888, 828, 1176, 996, 984, 984, 1032, 1008, 1068, 924, 1140, 1260, 1008, 1284, 996, 960, 1032, 1020, 1200, 1104, 936, 696, 1044, 888, 804, 672, 840, 900, 984, 816, 1008, 828, 996, 732, 708, 732, 804, 636, 552, 936, 732, 576, 660, 516, 324, 552, 432, 324, 408, 480, 348, 312, 288, 324, 336, 396, 324, 264, 252, 492, 420, 324, 348, 348, 216, 276, 336, 264, 276, 228, 240, 180, 216, 240, 240, 240, 144, 348, 324, 264, 264, 312, 288]",44.4741227481875,11.3818747370089,6699,6728.0
4.37 4.38 6 1,"[348, 168, 192, 96, 228, 96, 240, 120, 192, 48, 108, 192, 168, 96, 96, 60, 72, 36, 48, 84, 120, 72, 12, 84, 48, 12, 12, 36, 60, 36, 48, 24, 36, 72, 0, 24, 0, 12, 36, 24, 24, 0, 12, 24, 12, 0, 36, 0, 24, 24, 12, 12, 0, 0, 24, 12, 36, 24, 60, 0, 12, 72, 72, 108, 24, 48, 132, 84, 48, 120, 120, 72, 120, 120, 108, 72, 156, 192, 360, 360, 348, 420, 372, 420, 372, 516, 492, 588, 768, 1092, 924, 1116, 1140, 1248, 1056, 1152, 960, 1128, 1308, 1080, 1212, 1212, 1296, 1092, 1044, 1188, 1188, 972, 1140, 792, 888, 852, 924, 636, 840, 744, 624, 924, 816, 828, 840, 600, 612, 780, 576, 624, 720, 576, 660, 540, 756, 576, 588, 828, 756, 684, 720, 804, 480, 876, 948, 672, 564, 768, 660, 732, 816, 780, 732, 696, 540, 816, 1020, 708, 648, 612, 852, 600, 888, 576, 888, 756, 936, 588, 684, 1104, 792, 804, 804, 900, 828, 984, 936, 720, 960, 816, 780, 792, 912, 636, 720, 588, 708, 780, 948, 660, 936, 756, 672, 960, 852, 696, 780, 852, 852, 876, 684, 1008, 972, 876, 816, 792, 864, 816, 876, 1080, 948, 888, 804, 804, 780, 936, 876, 1044, 672, 768, 828, 792, 996, 816, 840, 900, 924, 684, 816, 816, 624, 756, 876, 840, 1068, 732, 972, 708, 900, 804, 732, 708, 744, 756, 540, 780, 828, 600, 672, 648, 492, 648, 564, 408, 540, 372, 444, 420, 348, 396, 288, 444, 396, 252, 288, 288, 324, 288, 324, 240, 324, 204, 276, 276, 192, 288, 336, 204, 144, 288, 396, 504, 228, 192, 360, 264, 216, 312, 384, 288, 264, 288]",44.4738130016986,11.3823859617204,6699,6705.0
4.38 4.14 4 1,"[60, 60, 48, 48, 72, 84, 48, 36, 72, 36, 60, 96, 60, 96, 24, 12, 36, 48, 36, 24, 24, 60, 24, 24, 0, 36, 0, 36, 12, 0, 24, 36, 12, 0, 0, 12, 0, 0, 12, 12, 0, 12, 12, 0, 0, 0, 12, 0, 12, 24, 12, 12, 24, 12, 12, 12, 36, 12, 24, 36, 0, 12, 48, 36, 48, 36, 96, 24, 36, 96, 48, 24, 108, 36, 96, 96, 60, 120, 84, 96, 96, 144, 108, 132, 144, 288, 216, 336, 348, 432, 420, 444, 612, 528, 600, 744, 528, 684, 432, 660, 660, 396, 552, 720, 732, 636, 504, 576, 600, 396, 264, 624, 504, 420, 348, 372, 168, 432, 468, 324, 444, 540, 384, 348, 396, 468, 492, 420, 444, 408, 396, 420, 408, 288, 336, 444, 336, 384, 444, 408, 540, 432, 360, 456, 276, 348, 384, 396, 360, 408, 408, 276, 432, 348, 408, 456, 432, 348, 528, 372, 360, 252, 348, 276, 360, 216, 468, 528, 540, 468, 480, 336, 420, 324, 324, 240, 408, 288, 444, 348, 312, 264, 264, 432, 348, 396, 420, 372, 264, 528, 396, 564, 396, 552, 444, 516, 492, 384, 312, 624, 480, 576, 624, 552, 540, 456, 492, 636, 672, 588, 468, 504, 492, 552, 516, 408, 396, 420, 384, -1, -1, -1, -1, -1, -1, -1, -1, -1, -1, -1, -1, -1, -1, -1, -1, -1, -1, -1, -1, -1, -1, -1, -1, -1, -1, -1, -1, -1, -1, -1, -1, -1, -1, -1, -1, -1, -1, -1, -1, -1, -1, -1, -1, -1, -1, -1, -1, -1, -1, -1, -1, -1, -1, -1, -1, -1, -1, -1, -1, -1, -1, -1, -1, -1, -1, -1, -1, -1]",44.4747110941585,11.3888235224726,6727,6714.0
4.38 4.14 4 2,"[108, 72, 48, 60, 72, 72, 24, 36, 60, 36, 60, 96, 60, 84, 36, 24, 36, 72, 36, 24, 12, 36, 24, 36, 0, 36, 0, 24, 12, 12, 12, 36, 24, 0, 0, 12, 0, 0, 24, 0, 0, 12, 12, 0, 0, 0, 12, 0, 12, 24, 12, 0, 24, 0, 0, 12, 36, 12, 24, 36, 0, 12, 36, 24, 60, 24, 96, 36, 24, 96, 48, 24, 120, 48, 84, 84, 108, 144, 84, 108, 156, 156, 168, 168, 132, 336, 180, 372, 336, 492, 444, 444, 636, 528, 684, 888, 624, 768, 612, 744, 660, 564, 624, 756, 696, 648, 624, 684, 612, 408, 492, 600, 600, 516, 360, 408, 576, 444, 432, 480, 468, 528, 444, 360, 432, 432, 528, 540, 480, 432, 468, 396, 468, 312, 348, 468, 360, 396, 540, 420, 648, 420, 384, 492, 348, 396, 444, 420, 408, 432, 396, 420, 480, 432, 528, 480, 468, 372, 552, 456, 468, 276, 336, 288, 396, 252, 516, 612, 540, 468, 492, 408, 456, 312, 444, 240, 516, 300, 516, 336, 384, 300, 336, 492, 408, 420, 540, 444, 264, 492, 468, 588, 480, 600, 504, 600, 528, 432, 372, 732, 612, 744, 732, 576, 588, 612, 504, 672, 792, 516, 552, 492, 600, 732, 624, 516, 504, 468, 660, 600, 588, 408, 444, 528, 384, 492, 324, 468, 408, 456, 492, 468, 672, 396, 396, 372, 408, 516, 384, 492, 360, 360, 540, 396, 348, 372, 300, 252, 300, 324, 192, 276, 216, 180, 228, 192, 180, 120, 276, 108, 204, 180, 132, 144, 120, 60, 276, 144, 120, 168, 180, 96, 120, 108, 108, 120, 108, 120, 144, 168, 72, 144, 132, 72, 96, 48, 156, 108]",44.4730112592351,11.3875399104494,6712,6710.0
4.38 4.37 2 1,"[120, 204, 264, 132, 240, 144, 168, 120, 96, 36, 96, 120, 120, 60, 96, 12, 48, 48, 60, 48, 72, 36, 84, 36, 24, 36, 0, 0, 60, 0, 24, 60, 0, 12, 12, 12, 12, 24, 12, 12, 0, 12, 0, 0, 36, 12, 0, 12, 12, 12, 24, 0, 0, 24, 24, 24, 12, 24, 36, 0, 48, 12, 24, 24, 60, 48, 60, 12, 72, 132, 60, 84, 156, 84, 132, 240, 240, 132, 204, 264, 276, 468, 204, 408, 288, 384, 672, 660, 780, 960, 792, 1008, 972, 912, 1140, 996, 1104, 1116, 972, 1104, 972, 756, 948, 816, 972, 852, 948, 876, 816, 732, 756, 648, 756, 708, 660, 696, 732, 708, 672, 624, 888, 648, 684, 924, 588, 576, 708, 672, 660, 636, 672, 648, 600, 624, 672, 648, 840, 684, 744, 684, 660, 720, 600, 684, 552, 660, 840, 684, 888, 828, 708, 828, 660, 1020, 816, 852, 696, 912, 780, 804, 744, 912, 900, 852, 792, 840, 792, 828, 768, 804, 1020, 852, 756, 768, 756, 648, 684, 648, 696, 636, 708, 708, 624, 792, 780, 768, 792, 828, 612, 828, 744, 876, 648, 816, 888, 768, 768, 984, 840, 900, 1032, 1080, 648, 924, 1104, 828, 984, 1248, 1008, 1032, 912, 1104, 960, 1224, 984, 1176, 1404, 888, 1044, 840, 1152, 1176, 1260, 1080, 972, 1032, 696, 1104, 864, 840, 684, 792, 912, 1020, 936, 756, 792, 1020, 780, 648, 804, 900, 600, 636, 720, 852, 576, 672, 444, 372, 504, 432, 420, 516, 324, 456, 300, 360, 240, 324, 456, 264, 228, 324, 456, 336, 348, 348, 228, 300, 240, 348, 288, 252, 228, 264, 120, 240, 240, 276, 204, 180, 396, 324, 300, 264, 324, 288]",44.4724692779208,11.3861065748172,17054,6726.0
4.38 4.38 2 1,"[312, 276, 156, 84, 252, 192, 204, 156, 144, 120, 72, 180, 168, 84, 120, 132, 120, 60, 60, 84, 84, 36, 36, 84, 48, 12, 24, 36, 48, 24, 0, 48, 36, 48, 0, 24, 0, 24, 36, 12, 12, 0, 24, 12, 36, 12, 24, 48, 12, 24, 12, 12, 12, 24, 36, 48, 36, 84, 36, 0, 60, 144, 132, 120, 108, 84, 156, 300, 108, 108, 156, 156, 132, 204, 156, 228, 228, 300, 528, 552, 600, 648, 720, 540, 756, 936, 792, 924, 1068, 1212, 1560, 1740, 1692, 1572, 1776, 1560, 1344, 1644, 1572, 1668, 1512, 1308, 1572, 1308, 1632, 1356, 1512, 1260, 1392, 1140, 1080, 1032, 1296, 816, 1020, 1092, 996, 708, 1212, 852, 912, 720, 900, 816, 756, 888, 972, 840, 852, 768, 936, 852, 804, 1092, 888, 828, 864, 792, 888, 960, 912, 972, 852, 1020, 768, 732, 1032, 852, 960, 1044, 648, 900, 972, 900, 996, 732, 1008, 672, 1188, 732, 876, 828, 1116, 876, 948, 1176, 960, 1032, 1092, 900, 1164, 1080, 1116, 840, 1032, 1272, 936, 996, 1056, 744, 876, 648, 996, 852, 840, 876, 1008, 1020, 816, 972, 948, 852, 816, 1032, 840, 1308, 1080, 1200, 1128, 1164, 864, 1104, 948, 1056, 984, 1080, 960, 1188, 1116, 780, 900, 1224, 1056, 924, 1092, 768, 1080, 900, 1356, 804, 1080, 900, 1008, 660, 960, 1080, 924, 780, 960, 948, 1212, 924, 1056, 852, 1008, 936, 840, 912, 996, 840, 816, 732, 888, 756, 744, 744, 612, 696, 672, 444, 552, 552, 492, 564, 492, 408, 408, 468, 492, 360, 384, 336, 300, 420, 408, 432, 360, 432, 372, 300, 312, 312, 444, 300, 156, 336, 444, 504, 276, 216, 312, 324, 276, 336, 480, 336, 264, 288]",44.4719189827996,11.3876344425958,17052,6682.0
4.38 4.38 4 1,"[108, 72, 48, 72, 84, 72, 24, 36, 60, 48, 60, 72, 60, 72, 36, 24, 36, 60, 36, 12, 24, 36, 24, 36, 0, 36, 0, 24, 12, 12, 12, 36, 24, 0, 0, 12, 0, 0, 24, 0, 0, 12, 0, 0, 0, 0, 12, 0, 12, 24, 12, 0, 24, 0, 0, 12, 36, 0, 24, 36, 0, 12, 36, 12, 48, 24, 72, 36, 24, 96, 48, 36, 96, 60, 96, 72, 108, 108, 96, 108, 156, 144, 168, 144, 132, 324, 204, 300, 348, 444, 468, 444, 588, 564, 588, 792, 636, 768, 648, 636, 744, 552, 540, 576, 708, 564, 600, 600, 576, 384, 504, 648, 600, 516, 348, 408, 468, 444, 408, 432, 528, 492, 480, 396, 372, 456, 516, 516, 384, 372, 432, 432, 492, 264, 348, 468, 348, 432, 504, 456, 648, 468, 396, 444, 360, 456, 468, 420, 444, 480, 444, 420, 516, 432, 432, 456, 408, 408, 552, 384, 480, 300, 336, 312, 396, 324, 468, 636, 588, 504, 468, 408, 432, 300, 444, 276, 480, 336, 528, 336, 372, 312, 324, 492, 420, 456, 540, 468, 276, 456, 564, 540, 480, 600, 540, 540, 552, 432, 396, 660, 540, 756, 708, 600, 624, 576, 588, 636, 864, 516, 516, 528, 612, 672, 648, 576, 504, 396, 660, 588, 624, 444, 444, 516, 432, 468, 348, 384, 468, 396, 480, 516, 588, 396, 396, 336, 432, 480, 336, 480, 384, 360, 528, 384, 360, 360, 312, 252, 324, 288, 216, 276, 228, 192, 216, 216, 192, 144, 228, 132, 168, 168, 144, 144, 108, 108, 264, 144, 144, 156, 180, 108, 180, 48, 120, 120, 96, 144, 132, 144, 72, 180, 120, 84, 96, 36, 168, 108]",44.4728145659173,11.387388537581,17051,6712.0
4.39 4.31 8 1,"[108, 24, 36, 60, 60, 60, 12, 12, 60, 48, 12, 12, 108, 24, 12, 48, 36, 12, 12, 12, 60, 12, 48, 36, 0, 24, 24, 0, 24, 24, 24, 0, 0, 12, 12, 0, 0, 12, 0, 12, 0, 0, 12, 12, 0, 0, 0, 0, 12, 12, 12, 0, 0, 0, 0, 0, 0, 0, 0, 0, 0, 12, 0, 0, 36, 12, 12, 24, 0, 24, 12, 12, 0, 36, 36, 36, 36, 48, 0, 24, 36, 48, 36, 60, 60, 144, 108, 144, 132, 108, 72, 180, 216, 396, 252, 336, 456, 180, 348, 156, 420, 240, 264, 192, 96, 276, 72, 168, 264, 156, 180, 288, 156, 96, 168, 48, 144, 180, 180, 192, 168, 168, 96, 96, 156, 228, 168, 96, 156, 96, 132, 132, 264, 156, 192, 180, 156, 204, 96, 120, 180, 168, 228, 192, 180, 300, 252, 216, 204, 192, 228, 204, 240, 204, 192, 276, 324, 216, 240, 228, 252, 288, 204, 192, 240, 204, 384, 300, 324, 276, 348, 156, 132, 228, 192, 156, 204, 108, 240, 204, 192, 180, 144, 120, 216, 96, 168, 144, 264, 300, 228, 120, 228, 228, 204, 240, 252, 312, 192, 180, 348, 180, 216, 192, 336, 276, 252, 228, 264, 252, 360, 276, 336, 276, 180, 324, 204, 312, 276, 108, 216, 360, 336, 360, 240, 264, 240, 180, 264, 312, 240, 384, 312, 216, 240, 276, 300, 180, 336, 216, 216, 384, 180, 276, 264, 228, 204, 228, 156, 204, 120, 96, 108, 84, 108, 132, 132, 72, 144, 60, 108, 132, 132, 156, 132, 48, 48, 60, 120, 48, 84, 60, 84, 108, 120, 120, 60, 108, 72, 36, 108, 72, 120, 84, 48, 36, 60, 24]",44.4825933334386,11.3670159912373,6400,6401.0
4.39 4.40 2 1,"[168, 144, 144, 204, 60, 120, 108, 60, 96, 132, 36, 120, 144, 168, 24, 36, 84, 48, 60, 108, 0, 48, 36, 48, 24, 24, 24, 24, 36, 24, 0, 12, 24, 0, 0, 12, 0, 36, 0, 0, 0, 0, 12, 24, 12, 36, 0, 0, 12, 0, 12, 0, 12, 48, 84, 0, 60, 12, 0, 48, 24, 36, 96, 60, 84, 96, 120, 60, 156, 204, 120, 72, 180, 180, 156, 228, 228, 276, 252, 288, 288, 348, 468, 372, 648, 660, 660, 780, 972, 1116, 1140, 1128, 1272, 1080, 1092, 1008, 792, 1116, 1056, 900, 756, 1068, 1128, 1176, 1140, 912, 1176, 924, 732, 1104, 1104, 1092, 1152, 1008, 696, 1020, 768, 732, 732, 564, 852, 888, 684, 780, 720, 720, 660, 780, 732, 588, 708, 780, 756, 684, 756, 528, 840, 720, 696, 720, 696, 744, 852, 852, 540, 852, 948, 648, 696, 540, 972, 660, 924, 792, 828, 720, 780, 924, 708, 696, 612, 888, 792, 636, 840, 744, 780, 600, 792, 696, 972, 648, 1044, 684, 660, 576, 720, 708, 624, 804, 744, 708, 864, 696, 648, 948, 708, 888, 960, 780, 780, 744, 888, 672, 696, 756, 876, 816, 900, 1068, 516, 816, 1020, 864, 972, 840, 792, 1128, 780, 1080, 924, 912, 1224, 984, 684, 864, 924, 1056, 1080, 972, 840, 1008, 996, 828, 948, 684, 720, 624, 792, 804, 900, 1008, 504, 1056, 864, 780, 1212, 744, 732, 876, 732, 660, 756, 684, 948, 624, 684, 576, 564, 588, 372, 288, 348, 408, 504, 372, 360, 228, 216, 300, 444, 300, 336, 372, 264, 120, 336, 276, 192, 252, 204, 264, 324, 264, 288, 216, 216, 300, 252, 192, 240, 240, 192, 288, 288, 204, 144, 240]",44.4829285635813,11.3667176695924,6400,16338.0
4.39 4.93 4 1,"[108, 24, 84, 12, 108, 12, 72, 12, 72, 12, 0, 0, 12, 24, 0, 48, 24, 0, 24, 36, 24, 36, 48, 36, 24, 24, 24, 0, 0, 24, 0, 0, 0, 0, 0, 0, 0, 0, 0, 0, 0, 0, 0, 12, 0, 0, 0, 0, 0, 0, 0, 0, 0, 0, 12, 12, 12, 0, 0, 0, 0, 36, 12, 12, 0, 12, 24, 48, 24, 60, 36, 24, 24, 48, 36, 48, 60, 96, 12, 156, 96, 228, 36, 180, 108, 108, 120, 492, 240, 252, 336, 432, 444, 444, 600, 780, 804, 816, 600, 540, 528, 600, 684, 396, 420, 516, 684, 528, 456, 492, 240, 444, 216, 300, 360, 384, 252, 288, 360, 288, 324, 324, 432, 348, 300, 372, 276, 300, 288, 228, 360, 444, 288, 168, 192, 300, 156, 252, 180, 156, 228, 372, 336, 276, 180, 180, 480, 492, 384, 216, 300, 336, 420, 180, 300, 252, 336, 204, 420, 372, 432, 324, 552, 204, 252, 204, 204, 288, 324, 396, 264, 180, 432, 312, 432, 372, 252, 360, 204, 264, 504, 228, 288, 192, 324, 324, 204, 300, 156, 204, 312, 312, 492, 276, 324, 300, 540, 288, 588, 384, 720, 444, 456, 408, 432, 600, 420, 516, 456, 288, 396, 420, 408, 240, 360, 384, 348, 324, 372, 264, 516, 336, 384, 360, 504, 336, 504, 384, 396, 432, 348, 312, 384, 612, 384, 288, 204, 228, 456, 444, 324, 312, 384, 408, 300, 288, 204, 336, 192, 348, 252, 108, 120, 180, 156, 144, 228, 240, 216, 192, 96, 120, 108, 96, 156, 48, 96, 72, 144, 48, 48, 180, 72, 156, 96, 204, 60, 192, 60, 72, 84, 84, 36, 180, 84, 60, 120, 144]",44.4829451527088,11.3673749396989,6400,6383.0
4.40 4.32 8 1,"[36, 60, 60, 24, 12, 48, 36, 36, 12, 24, 12, 0, 12, 24, 12, 24, 12, 12, 0, 24, 24, 0, 0, 0, 0, 0, 24, 0, 0, 24, 12, 24, 0, 12, 12, 0, 0, 0, 0, 24, 12, 24, 0, 0, 12, 24, 0, 0, 0, 0, 0, 0, 0, 0, 0, 0, 0, 0, 0, 0, 0, 0, 0, 12, 0, 0, 24, 0, 12, 0, 24, 0, 36, 0, 12, 12, 0, 48, 24, 36, 24, 12, 24, 36, 48, 48, 48, 72, 60, 108, 108, 96, 96, 216, 156, 156, 288, 120, 204, 168, 108, 180, 108, 156, 132, 204, 120, 168, 132, 168, 108, 132, 156, 108, 180, 132, 156, 120, 192, 84, 168, 120, 144, 84, 72, 108, 84, 120, 120, 180, 72, 156, 144, 108, 192, 108, 156, 180, 168, 120, 168, 216, 108, 180, 120, 228, 156, 240, 84, 132, 216, 192, 216, 120, 120, 156, 120, 168, 204, 204, 192, 204, 180, 240, 216, 216, 120, 216, 144, 84, 180, 168, 204, 192, 108, 120, 120, 132, 144, 156, 216, 204, 240, 156, 96, 108, 96, 96, 144, 168, 96, 216, 132, 132, 216, 156, 132, 228, 144, 156, 108, 132, 228, 288, 192, 132, 144, 144, 180, 252, 156, 264, 288, 192, 204, 264, 252, 264, 276, 228, 252, 216, 204, 216, 180, 204, 240, 180, 288, 108, 204, 276, 156, 252, 132, 132, 348, 204, 252, 156, 168, 252, 228, 180, 216, 84, 36, 72, 60, 108, 24, 60, 48, 72, 72, 96, 72, 12, 84, 84, 72, 60, 48, 120, 12, 12, 60, 24, 96, 120, 24, 72, 48, 36, 24, 36, 48, 72, 60, 36, -1, 96, 84, 36, 72, 84, 36, 48]",44.4836102814556,11.3642661752622,6343,6341.0
4.40 4.94 4 1,"[0, 0, 0, 0, 0, 0, 0, 0, 0, 0, 0, 0, 0, 0, 0, 0, 0, 0, 0, 0, 0, 0, 0, 0, 0, 0, 0, 0, 0, 0, 0, 0, 0, 0, 0, 0, 0, 0, 0, 0, 0, 0, 0, 0, 0, 0, 0, 0, 0, 0, 0, 0, 0, 0, 0, 0, 0, 0, 0, 0, 0, 0, 0, 0, 0, 0, 0, 0, 0, 0, 0, 0, 0, 0, 0, 0, 0, 0, 0, 0, 0, 0, 0, 0, 0, 0, 0, 0, 0, 0, 0, 0, 0, 0, 0, 0, 0, 0, 0, 0, 0, 0, 0, 0, 0, 0, 0, 0, 0, 0, 0, 0, 0, 0, 0, 0, 0, 0, 0, 0, 0, 0, 0, 0, 0, 0, 0, 0, 0, 0, 0, 0, 0, 0, 0, 0, 0, 0, 0, 0, 0, 0, 0, 0, 0, 0, 0, 0, 0, 0, 0, 0, 0, 0, 0, 0, 0, 0, 0, 0, 0, 0, 0, 0, 0, 0, 0, 0, 0, 0, 0, 0, 0, 0, 0, 0, 0, 0, 0, 0, 0, 0, 0, 0, 0, 0, 0, 0, 0, 0, 0, 0, 0, 0, 0, 0, 0, 0, 0, 0, 0, 0, 0, 0, 0, 0, 0, 0, 0, 0, 0, 0, 0, 0, 0, 0, 0, 0, 0, 0, 0, 0, 0, 0, 0, 0, 0, 0, 0, 0, 0, 0, 0, 0, 0, 0, 0, 0, 0, 0, 0, 0, 0, 0, 0, 0, 0, 0, 0, 0, 0, 0, 0, 0, 0, 0, 0, 0, 0, 0, 0, 0, 0, 0, 0, 0, 0, 0, 0, 0, 0, 0, 0, 0, 0, 0, 0, 0, 0, 0, -1, 0, 0, 0, 0, 0, 0, 0]",44.4839777366129,11.3646619218246,6343,6448.0
4.41 0.127 8 1,"[336, 192, 228, 360, 216, 144, 204, 144, 108, 168, 132, 48, 72, 108, 108, 120, 84, 72, 96, 60, 120, 144, 72, 24, 48, 60, 96, 48, 84, 36, 36, 12, 48, 12, 12, 12, 12, 0, 12, 0, 0, 36, 12, 36, 0, 24, 24, 0, 12, 36, 24, 0, 12, 36, 36, 36, 48, 24, 48, 48, 24, 60, 84, 60, 72, 72, 72, 132, 48, 60, 108, 96, 132, 180, 228, 288, 156, 216, 240, 384, 456, 372, 324, 504, 492, 912, 996, 828, 792, 1068, 1548, 1500, 1560, 1872, 1560, 1548, 996, 1392, 1260, 1020, 1464, 1152, 1332, 1548, 1248, 1164, 1800, 1416, 1044, 1284, 1164, 1344, 1032, 864, 1200, 792, 1104, 924, 948, 828, 648, 840, 840, 840, 768, 912, 840, 732, 924, 780, 780, 684, 1008, 984, 828, 780, 732, 852, 804, 888, 588, 828, 960, 624, 948, 888, 912, 1008, 1032, 828, 864, 1068, 888, 984, 1104, 1116, 864, 876, 1284, 1140, 984, 900, 1104, 696, 948, 888, 852, 840, 816, 816, 1248, 828, 864, 1044, 828, 888, 744, 996, 984, 792, 852, 852, 852, 1020, 780, 744, 696, 756, 840, 1104, 744, 828, 804, 1104, 660, 1092, 984, 816, 1092, 792, 1104, 732, 1080, 1248, 1428, 708, 1104, 1116, 972, 924, 1020, 1152, 1164, 1080, 936, 1104, 984, 1188, 972, 1188, 996, 1008, 1236, 888, 1200, 1080, 984, 1080, 696, 876, 984, 1152, 840, 900, 1224, 720, 912, 1140, 900, 984, 816, 816, 816, 732, 864, 780, 564, 636, 696, 600, 624, 432, 408, 396, 492, 420, 564, 288, 264, 408, 384, 288, 336, 372, 300, 204, 384, 432, 384, 432, 288, 264, 420, 348, 348, 300, 432, 420, 432, 408, 336, 456, 456, 348, 348, 348, 396, 228]",,,,
4.41 4.33 6 1,"[828, 516, 564, 576, 840, 492, 600, 408, 288, 264, 636, 564, 324, 420, 216, 396, 432, 324, 348, 288, 204, 324, 360, 228, 108, 144, 144, 300, 276, 168, 120, 72, 108, 144, 192, 144, 12, 120, 60, 156, 72, 96, 12, 60, 132, 168, 72, 48, 0, 36, 276, 216, 96, 60, 96, 192, 180, 336, 84, 36, 84, 240, 264, 264, 48, 72, 108, 276, 372, 336, 168, 120, 228, 456, 252, 384, 360, 300, 708, 516, 624, 552, 588, 948, 1008, 1008, 876, 1068, 1200, 1608, 1728, 1596, 1788, 1632, 1476, 2040, 2004, 1992, 1812, 1464, 1500, 1596, 1572, 2076, 1596, 1848, 1884, 2004, 1392, 1860, 1740, 1608, 1608, 1248, 1776, 1608, 1356, 1320, 1284, 1524, 1236, 1260, 1068, 1356, 1344, 1620, 1452, 1488, 1188, 1296, 1488, 1464, 1500, 1572, 1428, 1452, 1308, 1152, 1680, 1656, 1380, 1812, 1716, 1452, 1656, 1536, 1560, 1776, 1860, 1764, 1824, 1488, 2028, 1620, 1680, 1260, 1872, 1728, 2028, 2136, 1884, 1728, 1884, 1692, 2076, 1908, 1896, 1716, 1572, 2064, 1416, 1992, 1872, 1716, 1644, 1548, 1668, 1800, 1380, 1488, 1608, 1836, 1512, 1536, 1548, 1752, 1764, 1680, 1764, 1824, 1632, 1752, 2040, 1284, 1752, 2016, 1512, 2016, 1764, 1956, 1764, 1296, 1920, 2004, 1788, 1836, 1752, 2136, 1956, 1860, 2016, 1908, 1884, 2004, 2040, 1824, 2052, 1836, 2136, 1824, 2016, 1836, 1896, 1920, 1860, 1620, 1944, 1872, 1896, 1992, 2016, 2088, 2076, 1908, 1836, 1584, 1980, 1776, 1848, 1656, 2052, 2064, 1680, 1896, 1704, 1380, 1284, 1440, 1356, 1524, 1092, 948, 900, 924, 1008, 876, 1128, 852, 768, 720, 924, 756, 912, 672, 660, 804, 696, 672, 768, 624, 960, 864, 708, 924, 744, 528, 900, 960, 756, 936, 732, 1080, 804, 1224, 732, 888, 912, 840]",44.484174704252,11.3569282955534,6353,6299.0
4.41 4.42 4 1,"[192, 120, 168, 180, 156, 108, 24, 60, 84, 108, 84, 156, 72, 84, 72, 36, 60, 24, 36, 24, 72, 12, 84, 24, 48, 12, 12, 36, 24, 36, 24, 24, 60, 36, 12, 12, 0, 12, 36, 0, 12, 12, 24, 24, 12, 0, 36, 24, 12, 0, 48, 24, 48, 24, 0, 36, 60, 60, 12, 48, 12, 60, 24, 48, 24, 72, 48, 36, 108, 120, 36, 84, 84, 132, 180, 120, 96, 168, 144, 96, 312, 144, 228, 300, 324, 492, 336, 540, 348, 588, 576, 372, 732, 696, 648, 660, 588, 744, 936, 792, 744, 816, 672, 744, 1020, 708, 588, 684, 660, 816, 348, 888, 672, 564, 768, 384, 744, 408, 552, 324, 588, 660, 456, 624, 456, 708, 444, 612, 348, 492, 384, 504, 636, 444, 600, 444, 384, 372, 492, 768, 396, 744, 540, 576, 684, 624, 528, 588, 576, 432, 648, 516, 516, 540, 492, 444, 396, 528, 768, 672, 588, 552, 408, 444, 624, 576, 672, 432, 672, 432, 804, 528, 600, 516, 432, 660, 444, 564, 612, 468, 480, 384, 696, 348, 528, 564, 384, 624, 408, 696, 480, 720, 552, 600, 468, 480, 600, 612, 576, 444, 888, 624, 768, 612, 756, 588, 504, 864, 576, 492, 588, 576, 552, 552, 612, 768, 408, 756, 396, 624, 588, 384, 552, 432, 552, 564, 648, 456, 444, 528, 672, 468, 624, 588, 456, 480, 456, 396, 540, 612, 540, 456, 432, 480, 408, 504, 312, 408, 324, 348, 288, 240, 252, 372, 288, 348, 384, 300, 216, 144, 264, 216, 204, 252, 168, 348, 180, 264, 300, 192, 252, 228, 108, 180, 324, 204, 264, 192, 180, 264, 228, 252, 276, 288, 144, 288, 168, 264]",44.4850088582394,11.3570871308025,6352,6351.0
4.41 4.44 8 1,"[312, 180, 228, 348, 216, 132, 192, 144, 108, 168, 120, 36, 72, 96, 108, 120, 96, 72, 96, 60, 120, 144, 60, 24, 48, 60, 96, 48, 72, 48, 36, 12, 48, 12, 12, 12, 12, 0, 12, 0, 0, 36, 12, 36, 0, 24, 24, 0, 12, 12, 36, 0, 12, 36, 36, 36, 48, 36, 48, 48, 24, 48, 84, 60, 72, 60, 72, 132, 48, 60, 108, 84, 120, 168, 216, 288, 132, 216, 228, 348, 444, 348, 324, 504, 468, 888, 912, 852, 756, 1092, 1488, 1512, 1548, 1812, 1488, 1572, 996, 1380, 1248, 1020, 1464, 1164, 1284, 1548, 1212, 1080, 1812, 1368, 1020, 1272, 1104, 1356, 1032, 888, 1236, 780, 1056, 900, 948, 780, 600, 828, 828, 828, 768, 876, 840, 696, 900, 756, 780, 672, 984, 936, 804, 780, 720, 864, 756, 888, 588, 852, 948, 624, 912, 876, 876, 996, 1020, 756, 840, 1032, 864, 960, 1104, 1044, 876, 804, 1248, 1176, 960, 912, 1056, 696, 924, 876, 816, 828, 828, 780, 1224, 816, 840, 1044, 804, 864, 744, 960, 960, 756, 840, 852, 804, 1044, 792, 720, 720, 756, 828, 1056, 756, 804, 792, 1092, 636, 1044, 948, 792, 972, 768, 1068, 720, 1080, 1212, 1404, 708, 1128, 1080, 948, 924, 960, 1152, 1116, 1080, 936, 1080, 984, 1116, 924, 1140, 1008, 972, 1224, 828, 1236, 1068, 960, 1032, 684, 828, 948, 1104, 816, 924, 1188, 756, 912, 1116, 864, 912, 732, 816, 792, 660, 912, 768, 576, 612, 648, 588, 648, 384, 384, 372, 492, 432, 600, 264, 276, 372, 372, 264, 324, 372, 264, 180, 396, 384, 360, 408, 252, 240, 420, 312, 336, 264, 420, 420, 444, 384, 372, 456, 456, 312, 348, 312, 396, 228]",44.4846020155325,11.3554769864748,6346,6347.0
4.42 0.127 4 1,"[228, 144, 168, 216, 204, 144, 84, 96, 84, 120, 84, 156, 108, 96, 84, 60, 60, 36, 48, 48, 72, 24, 84, 48, 36, 36, 24, 24, 24, 36, 24, 12, 60, 36, 12, 12, 12, 12, 36, 0, 12, 12, 36, 24, 12, 12, 36, 12, 12, 12, 36, 72, 36, 36, 36, 24, 36, 84, 24, 48, 12, 36, 36, 84, 36, 60, 96, 72, 108, 108, 60, 120, 120, 168, 192, 144, 144, 180, 180, 120, 216, 228, 432, 264, 444, 456, 336, 624, 552, 672, 660, 708, 804, 1044, 780, 900, 1176, 972, 1092, 1056, 852, 1176, 960, 888, 1224, 984, 936, 876, 984, 828, 876, 780, 1140, 768, 876, 936, 792, 516, 552, 684, 624, 1032, 600, 636, 732, 660, 768, 600, 624, 504, 684, 504, 708, 588, 612, 516, 516, 492, 696, 852, 684, 768, 684, 720, 744, 744, 660, 648, 708, 540, 720, 744, 624, 672, 600, 456, 432, 636, 876, 696, 612, 624, 516, 528, 648, 672, 792, 516, 864, 516, 816, 684, 708, 600, 564, 720, 636, 624, 768, 576, 696, 516, 732, 660, 552, 600, 612, 708, 576, 720, 648, 744, 648, 708, 564, 648, 720, 672, 636, 528, 864, 780, 804, 816, 900, 780, 756, 960, 768, 624, 840, 684, 552, 660, 756, 720, 672, 708, 660, 672, 588, 552, 768, 528, 540, 780, 768, 504, 624, 624, 684, 516, 708, 552, 624, 624, 624, 636, 576, 732, 684, 516, 564, 636, 576, 612, 492, 432, 324, 504, 372, 312, 288, 420, 372, 324, 432, 360, 312, 180, 276, 264, 228, 312, 252, 300, 252, 264, 396, 216, 264, 192, 192, 192, 180, 324, 216, 264, 192, 348, 216, 264, 252, 336, 180, 324, 252, 288]",,,,
4.42 4.41 8 1,"[384, 480, 372, 468, 408, 324, 384, 252, 264, 252, 324, 228, 168, 240, 120, 228, 156, 180, 216, 132, 204, 144, 60, 48, 168, 120, 180, 108, 48, 96, 60, 12, 72, 24, 36, 48, 24, 0, 12, 12, 36, 36, 36, 24, 12, 24, 12, 12, 12, 60, 48, 0, 12, 120, 24, 96, 48, 84, 48, 60, 48, 84, 84, 60, 144, 120, 120, 132, 120, 96, 192, 84, 240, 276, 276, 300, 216, 228, 384, 480, 516, 552, 492, 624, 732, 948, 1140, 1044, 1236, 1392, 1668, 1932, 1740, 2160, 1836, 1656, 1632, 1908, 1500, 1584, 1644, 1704, 1728, 1872, 1788, 1872, 2052, 1776, 1452, 1488, 1872, 1776, 1428, 1356, 1380, 1128, 1320, 1524, 1068, 1116, 960, 1092, 1164, 936, 1224, 1440, 1056, 1116, 1116, 1140, 1164, 1032, 1512, 1320, 1080, 1188, 1176, 1080, 1260, 1140, 1200, 1344, 1356, 1056, 1248, 1068, 1392, 1464, 1548, 1188, 1272, 1536, 1500, 1332, 1428, 1524, 1356, 1440, 1848, 1596, 1608, 1332, 1812, 1248, 1452, 1344, 1104, 1356, 1248, 1404, 1488, 1404, 1452, 1368, 1200, 1164, 1200, 1500, 1344, 1128, 1512, 1308, 1308, 1356, 1212, 1104, 1380, 1320, 1296, 1512, 1344, 2760, 1224, 1416, 1140, 1488, 1428, 1404, 1344, 1368, 1452, 1644, 1584, 1692, 1692, 924, 1788, 1584, 1584, 1320, 1704, 1812, 1512, 1524, 1620, 1500, 1596, 1680, 1692, 1644, 1584, 1632, 1380, 1584, 1812, 1512, 1536, 1332, 1548, 1524, 1524, 1596, 1260, 1332, 1380, 1632, 1308, 1512, 1404, 1404, 1260, 1236, 1488, 1128, 1296, 1020, 1092, 1104, 936, 936, 792, 780, 636, 588, 684, 636, 984, 516, 528, 528, 504, 540, 588, 504, 516, 456, 612, 648, 576, 636, 480, 444, 564, 468, 240, 540, 588, 516, 600, 624, 540, 600, 636, 720, 528, 540, 540, 492]",44.4856164898333,11.3577870726647,16767,16766.0
4.42 4.43 4 1,"[264, 144, 168, 228, 204, 132, 108, 84, 96, 120, 108, 156, 120, 84, 84, 72, 72, 36, 72, 48, 72, 24, 108, 48, 48, 36, 24, 24, 24, 36, 24, 12, 60, 48, 12, 12, 12, 12, 36, 0, 12, 12, 24, 24, 12, 12, 36, 12, 12, 12, 36, 84, 60, 36, 36, 24, 36, 84, 24, 60, 12, 36, 48, 72, 36, 72, 84, 72, 108, 120, 60, 120, 108, 192, 216, 156, 156, 204, 192, 120, 216, 240, 456, 276, 468, 468, 348, 588, 576, 624, 672, 732, 828, 996, 792, 960, 1212, 984, 1200, 1080, 876, 1188, 948, 936, 1200, 984, 1008, 972, 972, 948, 852, 864, 1116, 744, 924, 996, 852, 612, 540, 744, 660, 1020, 612, 684, 816, 768, 780, 600, 672, 504, 696, 588, 768, 672, 648, 576, 564, 528, 756, 828, 756, 708, 732, 672, 804, 804, 708, 564, 720, 528, 732, 804, 696, 744, 660, 624, 432, 612, 948, 732, 636, 672, 504, 468, 684, 720, 840, 480, 876, 540, 888, 720, 732, 648, 636, 816, 648, 660, 804, 612, 708, 576, 768, 660, 576, 612, 636, 720, 636, 804, 648, 768, 672, 744, 636, 624, 768, 756, 732, 540, 888, 816, 876, 864, 996, 2304, 756, 1032, 864, 564, 888, 516, 624, 720, 864, 792, 744, 744, 708, 732, 636, 588, 828, 552, 600, 852, 792, 576, 672, 684, 744, 684, 744, 600, 684, 648, 708, 660, 600, 780, 756, 516, 648, 660, 588, 720, 468, 432, 408, 552, 384, 312, 312, 432, 396, 324, 492, 384, 348, 192, 300, 288, 240, 312, 276, 312, 264, 276, 408, 216, 312, 204, 192, 192, 192, 348, 240, 264, 204, 396, 240, 288, 252, 360, 180, 372, 240, 300]",44.4863901940841,11.3580509660641,16763,6358.0
4.43 0.127 4 1,"[192, 240, 132, 168, 204, 132, 72, 108, 72, 60, 132, 96, 120, 96, 72, 120, 60, 60, 48, 48, 48, 24, 132, 24, 48, 72, 24, 48, 36, 24, 24, 24, 60, 36, 12, 12, 12, 36, 24, 0, 0, 12, 48, 24, 36, 0, 36, 48, 12, 12, 48, 60, 48, 36, 48, 24, 36, 84, 36, 48, 24, 36, 36, 96, 84, 72, 84, 132, 84, 168, 84, 84, 108, 204, 204, 168, 228, 216, 216, 144, 264, 240, 516, 300, 456, 552, 396, 708, 636, 792, 744, 756, 1140, 1164, 1056, 1116, 1104, 1284, 1176, 1140, 1032, 1140, 1308, 1224, 1308, 840, 1092, 1236, 876, 888, 792, 816, 1248, 912, 1056, 924, 864, 588, 744, 636, 720, 996, 624, 756, 768, 792, 900, 612, 672, 672, 660, 516, 852, 756, 744, 744, 504, 588, 708, 912, 612, 648, 756, 684, 864, 708, 828, 600, 780, 756, 732, 732, 744, 696, 660, 612, 756, 696, 732, 816, 576, 408, 612, 648, 636, 624, 792, 720, 636, 852, 516, 840, 624, 564, 624, 708, 732, 564, 720, 648, 588, 540, 624, 612, 540, 732, 648, 804, 792, 636, 588, 744, 696, 648, 600, 708, 540, 672, 864, 576, 828, 756, 732, 816, 648, 732, 828, 816, 756, 564, 672, 696, 540, 672, 540, 624, 696, 624, 816, 528, 744, 660, 540, 504, 696, 768, 540, 828, 504, 636, 636, 696, 624, 528, 660, 720, 840, 552, 600, 648, 636, 576, 564, 660, 576, 624, 468, 384, 336, 468, 444, 480, 288, 456, 372, 372, 300, 324, 288, 264, 300, 180, 252, 336, 216, 252, 204, 276, 336, 228, 216, 228, 216, 132, 204, 264, 252, 216, 264, 312, 300, 240, 156, 240, 240, 252, 228, 276]",,,,
4.43 4.19 4 1,"[204, 252, 132, 180, 252, 168, 72, 96, 108, 60, 144, 108, 168, 96, 84, 120, 84, 60, 60, 48, 48, 24, 132, 24, 48, 60, 24, 60, 36, 36, 24, 36, 84, 36, 12, 12, 12, 36, 24, 0, 0, 24, 48, 36, 36, 0, 36, 48, 12, 12, 48, 60, 48, 48, 48, 24, 48, 84, 36, 48, 24, 48, 36, 84, 108, 96, 96, 132, 84, 192, 108, 84, 120, 204, 204, 168, 252, 252, 252, 180, 276, 276, 588, 336, 528, 588, 432, 756, 720, 828, 816, 756, 1200, 1284, 1140, 1224, 1188, 1380, 1296, 1224, 1116, 1272, 1452, 1368, 1392, 912, 1140, 1332, 1008, 984, 852, 852, 1320, 996, 1188, 912, 936, 612, 768, 660, 756, 1056, 660, 780, 804, 816, 948, 648, 708, 732, 672, 564, 888, 780, 768, 804, 528, 612, 840, 912, 672, 696, 816, 756, 900, 720, 876, 684, 804, 768, 780, 756, 756, 720, 684, 684, 816, 780, 768, 864, 588, 456, 624, 708, 672, 660, 852, 768, 684, 900, 552, 888, 648, 624, 672, 756, 828, 600, 756, 672, 612, 612, 696, 624, 588, 828, 696, 852, 840, 672, 636, 876, 768, 696, 672, 768, 576, 720, 924, 648, 900, 768, 792, 864, 720, 792, 936, 936, 792, 648, 732, 816, 612, 732, 588, 636, 756, 684, 888, 540, 792, 732, 588, 576, 780, 780, 564, 876, 576, 708, 696, 792, 672, 600, 720, 720, 924, 672, 648, 708, 708, 660, 636, 720, 612, 672, 540, 420, 384, 492, 456, 468, 312, 456, 420, 408, 336, 336, 360, 252, 300, 240, 264, 372, 228, 288, 204, 312, 372, 240, 228, 252, 264, 168, 228, 276, 276, 204, 276, 372, 324, 240, 216, 240, 240, 300, 228, 288]",44.4875616072423,11.3579148059143,6358,6357.0
4.43 4.42 8 1,"[216, 372, 168, 348, 348, 240, 192, 156, 168, 156, 252, 192, 120, 156, 120, 132, 120, 120, 120, 120, 132, 60, 24, 60, 96, 144, 120, 96, 36, 72, 72, 12, 72, 36, 24, 36, 0, 0, 0, 12, 36, 12, 12, 0, 12, 12, 0, 0, 12, 36, 36, 0, 12, 84, 36, 72, 24, 60, 36, 36, 36, 72, 48, 48, 72, 48, 60, 108, 48, 24, 120, 84, 108, 156, 168, 120, 168, 144, 192, 216, 288, 228, 240, 372, 324, 492, 408, 384, 372, 588, 600, 504, 756, 672, 564, 780, 552, 696, 708, 624, 732, 480, 576, 852, 648, 576, 780, 816, 360, 648, 672, 612, 672, 324, 720, 600, 564, 660, 372, 552, 504, 636, 348, 468, 576, 624, 672, 480, 612, 552, 588, 528, 684, 708, 396, 552, 420, 576, 744, 564, 540, 660, 756, 492, 624, 528, 684, 648, 624, 816, 684, 504, 864, 624, 660, 540, 756, 684, 948, 924, 744, 636, 828, 636, 672, 756, 516, 684, 480, 588, 672, 636, 672, 624, 396, 600, 552, 684, 636, 612, 720, 600, 624, 552, 684, 540, 684, 552, 732, 612, 564, 624, 552, 732, 360, 768, 576, 720, 684, 576, 948, 576, 672, 840, 456, 552, 684, 900, 756, 552, 768, 708, 828, 780, 684, 720, 792, 972, 648, 768, 588, 912, 612, 648, 936, 768, 660, 864, 720, 648, 804, 600, 744, 612, 756, 780, 660, 900, 720, 660, 480, 756, 720, 780, 468, 612, 456, 540, 696, 420, 432, 420, 396, 324, 312, 396, 480, 288, 336, 312, 372, 252, 348, 324, 312, 336, 444, 300, 300, 360, 312, 252, 384, 240, 204, 288, 372, 264, 408, 408, 288, 384, 540, 348, 264, 312, 288, 336]",44.4868707985229,11.3578224490571,16764,16767.0
4.43 4.95 6 1,"[48, 48, 72, 96, 48, 84, 36, 60, 36, 12, 48, 48, 48, 12, 12, 24, 0, 12, 12, 12, 24, 0, 0, 12, 12, 24, 12, 0, 0, 12, 0, 0, 0, 12, 0, 0, 0, 0, 12, 12, 12, 0, 0, 12, 0, 24, 0, 0, 0, 12, 12, 0, 0, 0, 0, 0, 0, 0, 0, 12, 0, 12, 12, 24, 12, 48, 12, 24, 60, 36, 36, 48, 36, 12, 84, 60, 60, 48, 48, 48, 96, 72, 132, 36, 120, 156, 84, 144, 216, 228, 252, 312, 300, 420, 420, 444, 324, 360, 432, 372, 468, 324, 492, 492, 492, 432, 324, 432, 300, 372, 504, 408, 336, 240, 384, 348, 276, 228, 192, 252, 276, 372, 312, 228, 288, 216, 276, 264, 144, 240, 252, 252, 312, 120, 180, 228, 132, 276, 348, 336, 288, 252, 336, 252, 324, 240, 276, 288, 312, 264, 168, 216, 360, 372, 276, 192, 180, 444, 504, 432, 264, 264, 300, 312, 228, 288, 240, 252, 252, 144, 276, 444, 384, 312, 228, 348, 252, 228, 216, 384, 252, 288, 312, 168, 264, 240, 276, 240, 264, 228, 228, 312, 312, 360, 216, 228, 480, 288, 324, 336, 444, 432, 360, 288, 300, 288, 360, 384, 384, 300, 300, 432, 324, 360, 468, 432, 324, 432, 348, 276, 180, 288, 372, 276, 204, 348, 312, 372, 312, 300, 384, 372, 240, 300, 240, 240, 300, 276, 180, 288, 228, 300, 156, 228, 192, 168, 216, 240, 252, 156, 132, 48, 132, 216, 120, 84, 132, 132, 120, 72, 36, 72, 144, 108, 132, 132, 84, 36, 168, 60, 96, 120, 48, 120, 36, 60, 96, 96, 60, 120, 192, 72, 60, 60, 36, 120, 144, 156]",44.4873862282118,11.3581757757654,6358,16328.0
4.44 0.127 4 1,"[276, 120, 168, 204, 276, 156, 144, 84, 132, 168, 156, 84, 60, 144, 36, 144, 72, 36, 84, 60, 96, 72, 60, 12, 24, 48, 60, 36, 48, 60, 24, 36, 60, 12, 48, 24, 0, 48, 36, 12, 0, 12, 24, 36, 24, 0, 36, 0, 0, 12, 36, 24, 12, 48, 0, 12, 36, 72, 24, 12, 12, 48, 36, 48, 0, 60, 36, 36, 96, 84, 24, 84, 144, 96, 108, 84, 168, 156, 204, 192, 144, 228, 360, 300, 372, 444, 432, 456, 612, 672, 732, 780, 540, 564, 876, 912, 876, 708, 972, 804, 684, 540, 756, 804, 804, 780, 732, 720, 648, 864, 768, 480, 672, 588, 636, 540, 672, 528, 504, 552, 600, 444, 576, 684, 372, 636, 384, 492, 492, 468, 540, 624, 576, 480, 456, 540, 372, 540, 660, 708, 576, 660, 612, 636, 696, 516, 564, 516, 624, 660, 660, 600, 708, 708, 576, 552, 528, 600, 804, 708, 528, 696, 732, 888, 756, 600, 684, 732, 456, 864, 780, 828, 492, 624, 684, 588, 612, 720, 516, 504, 696, 492, 612, 492, 564, 708, 576, 612, 684, 780, 600, 684, 708, 432, 696, 840, 648, 780, 588, 768, 960, 828, 804, 888, 756, 636, 912, 744, 636, 768, 876, 912, 624, 660, 960, 768, 684, 576, 948, 612, 768, 660, 648, 780, 864, 804, 696, 852, 816, 792, 696, 768, 672, 648, 696, 684, 708, 480, 564, 804, 624, 504, 600, 792, 492, 468, 504, 312, 444, 396, 264, 264, 396, 312, 312, 348, 372, 312, 240, 300, 288, 348, 288, 252, 312, 204, 204, 252, 228, 288, 312, 168, 240, 324, 288, 348, 264, 324, 276, 336, 240, 420, 360, 336, 276, 348, 336, 312]",,,,
4.44 0.127 8 1,"[420, 264, 360, 276, 288, 228, 168, 252, 168, 252, 240, 60, 120, 96, 144, 108, 132, 96, 132, 96, 108, 180, 72, 36, 84, 120, 48, 12, 60, 96, 72, 24, 36, 36, 12, 0, 12, 12, 12, 24, 0, 24, 48, 24, 24, 48, 72, 12, 24, 12, 60, 24, 24, 72, 60, 60, 60, 72, 36, 60, 36, 60, 120, 84, 144, 120, 132, 132, 96, 132, 180, 96, 180, 228, 228, 288, 240, 348, 276, 372, 444, 540, 492, 492, 696, 948, 1380, 1260, 1248, 1380, 1788, 1812, 1668, 1476, 1764, 1404, 1248, 1476, 1452, 1728, 1320, 1404, 1368, 1488, 1488, 1380, 1164, 1464, 1740, 1488, 1356, 1320, 1404, 1224, 1164, 1272, 1212, 1272, 1128, 1068, 852, 732, 1032, 1164, 1020, 1020, 1008, 1164, 1212, 1104, 984, 996, 1068, 1092, 1008, 936, 1008, 972, 1152, 948, 960, 984, 1008, 936, 816, 1188, 1008, 1236, 1128, 1068, 1164, 1272, 1116, 1308, 1116, 1212, 1008, 1284, 1248, 1248, 1104, 1068, 1200, 1212, 948, 900, 948, 972, 1104, 1416, 1368, 1296, 1140, 1224, 1116, 900, 1116, 1128, 1200, 1212, 1152, 984, 900, 1236, 1116, 1032, 1164, 864, 1272, 1128, 1368, 1128, 792, 1296, 972, 1140, 1236, 1008, 1020, 972, 1152, 924, 1380, 1392, 1692, 1140, 1188, 1380, 1104, 1248, 1152, 1320, 1224, 1212, 1092, 1212, 1284, 1212, 1368, 1260, 1176, 1308, 1308, 1176, 1308, 1320, 984, 1392, 1128, 1032, 1056, 1320, 1032, 876, 1452, 1188, 1140, 1200, 1332, 1056, 948, 816, 936, 1128, 1176, 924, 648, 828, 864, 672, 972, 624, 636, 516, 480, 696, 480, 444, 396, 456, 456, 420, 456, 336, 432, 444, 384, 456, 348, 420, 360, 348, 480, 432, 492, 360, 456, 468, 324, 588, 612, 432, 684, 336, 576, 444, 504, 468]",,,,
4.44 4.41 4 1,"[636, 156, 420, 396, 444, 168, 300, 180, 180, 216, 240, 156, 144, 348, 96, 180, 108, 108, 168, 120, 168, 120, 108, 60, 84, 48, 96, 72, 96, 96, 60, 72, 72, 48, 60, 36, 12, 84, 48, 12, 12, 48, 48, 60, 60, 12, 48, 12, 12, 24, 60, 36, 48, 60, 12, 36, 72, 108, 48, 48, 60, 96, 60, 72, 48, 72, 60, 84, 228, 168, 84, 180, 228, 192, 180, 276, 444, 420, 384, 480, 396, 420, 744, 684, 828, 984, 1008, 1068, 1308, 1500, 1584, 1824, 1200, 1596, 1956, 2136, 1752, 1692, 1920, 1812, 1548, 1332, 1920, 1788, 1968, 1956, 1572, 1836, 1500, 2088, 1512, 1344, 1452, 1212, 1488, 1476, 1476, 1128, 1152, 1344, 1368, 912, 1020, 1428, 888, 1512, 924, 1092, 1068, 1044, 1212, 1284, 1236, 1248, 1212, 1212, 744, 1524, 1476, 1476, 1188, 1356, 1308, 1500, 1356, 1416, 1620, 1356, 1428, 1428, 1692, 1368, 1584, 1428, 1140, 1140, 1404, 1464, 1932, 1656, 1164, 1404, 1524, 1692, 1788, 1452, 1836, 1704, 1056, 1872, 1848, 1764, 1392, 1500, 1440, 1392, 1176, 1572, 1200, 1200, 1548, 1248, 1464, 1068, 1488, 1488, 1392, 1416, 1740, 1560, 1464, 1476, 1500, 1212, 1560, 1776, 1476, 1788, 1416, 1596, 2064, 1860, 1896, 1908, 1584, 1404, 1692, 1692, 1548, 1680, 1776, 1740, 1548, 1464, 2004, 1680, 1668, 1500, 2016, 1428, 1476, 1296, 1452, 1452, 1740, 1656, 1524, 1896, 1836, 1800, 1296, 1704, 1512, 1596, 1740, 1416, 1560, 1188, 1368, 1740, 1452, 1152, 1476, 1512, 1200, 1104, 1176, 792, 864, 1104, 672, 588, 840, 696, 672, 660, 636, 576, 516, 588, 444, 756, 588, 504, 540, 396, 528, 468, 540, 588, 624, 384, 396, 684, 696, 564, 780, 540, 516, 756, 432, 756, 732, 684, 636, 804, 624, 636]",44.4851510112396,11.3496520720243,16771,16768.0
4.44 4.45 8 1,"[420, 276, 336, 300, 288, 252, 180, 240, 168, 228, 228, 72, 120, 84, 144, 120, 144, 96, 132, 72, 120, 192, 72, 48, 84, 108, 60, 12, 60, 96, 72, 24, 36, 36, 12, 12, 12, 24, 12, 24, 0, 36, 48, 36, 36, 48, 60, 12, 24, 12, 60, 24, 36, 60, 60, 72, 48, 60, 36, 60, 36, 48, 120, 84, 132, 144, 144, 132, 84, 132, 180, 96, 180, 252, 228, 276, 252, 360, 276, 372, 444, 528, 492, 480, 708, 936, 1416, 1284, 1236, 1332, 1812, 1872, 1656, 1548, 1812, 1464, 1344, 1536, 1548, 1824, 1380, 1476, 1404, 1596, 1512, 1416, 1308, 1536, 1752, 1524, 1416, 1356, 1464, 1260, 1212, 1296, 1236, 1284, 1140, 1068, 876, 768, 1104, 1188, 996, 1044, 1020, 1236, 1248, 1152, 948, 1044, 1092, 1116, 972, 960, 1068, 1020, 1176, 972, 984, 996, 1008, 936, 804, 1200, 1044, 1200, 1140, 1116, 1176, 1332, 1152, 1332, 1140, 1260, 1068, 1356, 1260, 1272, 1128, 1104, 1224, 1224, 960, 936, 924, 972, 1128, 1500, 1404, 1308, 1200, 1332, 1152, 936, 1116, 1164, 1188, 1248, 1152, 972, 924, 1308, 1104, 1092, 1188, 888, 1308, 1140, 1368, 1128, 864, 1332, 984, 1152, 1272, 1044, 1044, 1032, 1152, 948, 1452, 1428, 1740, 1188, 1188, 1344, 1188, 1272, 1176, 1392, 1272, 1236, 1068, 1308, 1284, 1212, 1440, 1308, 1224, 1416, 1356, 1272, 1392, 1356, 996, 1344, 1152, 1044, 1020, 1296, 1068, 888, 1500, 1224, 1200, 1236, 1404, 1092, 1032, 852, 948, 1140, 1224, 972, 660, 852, 876, 720, 984, 624, 744, 516, 492, 756, 492, 468, 408, 456, 468, 456, 456, 396, 456, 480, 396, 480, 348, 420, 372, 360, 492, 408, 492, 384, 456, 468, 336, 576, 636, 432, 696, 372, 564, 444, 528, 492]",44.4856263849042,11.3468934808921,16667,5976.0
4.45 0.127 8 1,"[372, 384, 264, 276, 360, 264, 156, 288, 192, 192, 264, 144, 144, 84, 180, 84, 144, 144, 144, 60, 108, 192, 84, 48, 96, 120, 48, 24, 60, 108, 48, 60, 24, 60, 12, 0, 12, 12, 12, 24, 0, 24, 48, 24, 24, 48, 48, 12, 24, 24, 60, 36, 48, 60, 36, 72, 72, 48, 48, 60, 24, 60, 108, 120, 144, 96, 144, 156, 96, 72, 168, 144, 132, 240, 276, 276, 324, 288, 276, 480, 444, 540, 456, 540, 624, 1044, 1452, 1284, 1344, 1452, 1812, 1656, 1608, 1644, 1920, 1416, 1404, 1524, 1512, 1548, 1236, 1464, 1416, 1284, 1692, 1296, 1380, 1344, 1764, 1500, 1440, 1404, 1488, 1188, 1152, 1308, 1344, 1008, 1428, 1140, 1008, 780, 984, 1248, 1248, 960, 1044, 1392, 1284, 1416, 1068, 1152, 1224, 1044, 1332, 864, 1104, 1176, 1236, 876, 1164, 1044, 1164, 1080, 1008, 1092, 1248, 1164, 1188, 1020, 1332, 1260, 1440, 1332, 1140, 1440, 1272, 1284, 1140, 1440, 1344, 1296, 1164, 1272, 1080, 1068, 1068, 1116, 1320, 1392, 1392, 1392, 1152, 1440, 1176, 852, 1488, 1200, 1248, 1188, 1104, 1344, 948, 1356, 1356, 1080, 1224, 1008, 1248, 1380, 1260, 1188, 948, 1296, 1176, 1332, 1272, 1164, 912, 1236, 1176, 1092, 1464, 1236, 1908, 1464, 1188, 1464, 1056, 1440, 1284, 1260, 1284, 1344, 1284, 1140, 1536, 1200, 1416, 1380, 1152, 1512, 1284, 1404, 1428, 1284, 1164, 1476, 1140, 1104, 1140, 1332, 1248, 876, 1260, 1428, 1188, 1248, 1392, 1236, 924, 864, 996, 1044, 1200, 1224, 708, 684, 924, 840, 1044, 636, 660, 588, 456, 828, 528, 516, 480, 432, 408, 540, 372, 396, 456, 408, 420, 540, 396, 420, 228, 480, 540, 492, 456, 444, 456, 540, 408, 540, 708, 540, 612, 588, 540, 456, 552, 576]",,,,
4.45 4.44 4 1,"[348, 360, 324, 228, 348, 168, 252, 252, 168, 192, 264, 120, 144, 264, 144, 132, 144, 108, 132, 144, 132, 84, 108, 36, 60, 144, 48, 84, 96, 60, 24, 96, 60, 48, 24, 12, 24, 84, 24, 12, 12, 36, 36, 60, 48, 0, 24, 12, 0, 24, 72, 36, 36, 72, 12, 36, 48, 84, 72, 48, 48, 84, 84, 60, 24, 48, 48, 120, 180, 156, 132, 180, 192, 240, 132, 204, 480, 384, 528, 456, 360, 396, 660, 840, 744, 1116, 672, 1236, 1368, 1296, 1428, 1596, 1536, 1584, 1368, 1020, 1152, 1644, 1692, 1104, 1248, 1320, 1716, 1248, 1428, 972, 1332, 1452, 1164, 1236, 1308, 1044, 864, 1416, 1128, 840, 1224, 888, 756, 1224, 996, 768, 1008, 924, 1044, 912, 1008, 900, 828, 972, 1260, 888, 1128, 912, 1200, 1092, 372, 1488, 1284, 1080, 1104, 1248, 1116, 1284, 1020, 1152, 1308, 1200, 1260, 1104, 1116, 1056, 1428, 1164, 936, 1008, 1212, 1068, 1536, 1416, 1248, 1212, 1452, 732, 1260, 1440, 1296, 1152, 1236, 1344, 1116, 1620, 1104, 1368, 1020, 1128, 1032, 1236, 1320, 1080, 960, 1500, 876, 1476, 1176, 1128, 1128, 1488, 1380, 1332, 912, 1656, 1104, 1164, 1380, 1332, 1524, 1008, 1260, 1800, 1548, 1212, 1824, 1164, 1356, 1380, 1344, 1236, 1284, 1524, 1488, 1344, 1560, 1464, 1944, 1356, 1284, 1344, 1644, 1344, 1188, 1212, 1200, 1704, 1236, 1452, 1344, 1788, 1344, 1380, 1332, 1416, 1620, 1368, 1272, 1380, 1080, 1440, 1260, 1080, 1188, 1308, 1296, 1044, 1104, 1020, 1188, 804, 816, 864, 660, 552, 576, 648, 600, 336, 636, 456, 480, 636, 576, 384, 480, 504, 396, 348, 348, 552, 540, 456, 444, 408, 456, 456, 720, 432, 744, 396, 480, 516, 540, 552, 684, 480, 696, 492, 708, 636]",44.4857569454701,11.3446657559792,16668,16666.0
4.45 4.46 8 1,"[432, 444, 276, 300, 396, 276, 192, 288, 180, 228, 252, 120, 168, 144, 156, 84, 180, 144, 144, 120, 120, 228, 84, 48, 108, 120, 48, 24, 72, 96, 60, 84, 36, 60, 12, 0, 24, 60, 12, 24, 0, 24, 36, 48, 12, 48, 84, 12, 24, 36, 72, 60, 36, 60, 48, 84, 84, 72, 60, 72, 36, 72, 120, 108, 132, 120, 156, 180, 108, 132, 180, 156, 168, 288, 276, 264, 348, 312, 300, 516, 504, 576, 480, 564, 756, 1092, 1500, 1356, 1416, 1488, 2016, 1860, 1764, 1872, 2004, 1656, 1608, 1752, 1584, 1788, 1464, 1620, 1620, 1512, 1848, 1632, 1716, 1632, 1944, 1620, 1512, 1512, 1524, 1392, 1308, 1404, 1464, 1128, 1560, 1308, 1116, 984, 1188, 1488, 1284, 1032, 1080, 1368, 1284, 1452, 1128, 1260, 1404, 1176, 1320, 1032, 1248, 1308, 1380, 1032, 1260, 1080, 1356, 1080, 1044, 1224, 1404, 1284, 1272, 1080, 1500, 1380, 1572, 1440, 1248, 1548, 1452, 1536, 1164, 1476, 1464, 1356, 1236, 1512, 1284, 1140, 1212, 1212, 1476, 1536, 1584, 1536, 1320, 1560, 1296, 936, 1644, 1248, 1392, 1344, 1308, 1404, 972, 1368, 1524, 1200, 1404, 1020, 1368, 1440, 1368, 1476, 1116, 1416, 1308, 1488, 1260, 1212, 1116, 1320, 1380, 1260, 1584, 1440, 2016, 1596, 1404, 1584, 1164, 1620, 1464, 1464, 1392, 1476, 1380, 1164, 1656, 1296, 1560, 1548, 1320, 1644, 1548, 1440, 1488, 1404, 1428, 1560, 1260, 1332, 1428, 1368, 1416, 1128, 1332, 1644, 1368, 1368, 1572, 1452, 1080, 1032, 1080, 1200, 1332, 1248, 888, 696, 1020, 828, 1092, 792, 840, 636, 564, 840, 564, 600, 576, 480, 456, 600, 468, 492, 528, 492, 456, 648, 504, 540, 264, 516, 588, 612, 480, 516, 564, 576, 480, 600, 792, 564, 636, 624, 624, 504, 612, 732]",44.4861740041159,11.342337785016,5968,16671.0
4.46 0.127 6 1,"[96, 132, 120, 96, 144, 96, 84, 48, 60, 36, 96, 36, 60, 36, 60, 36, 24, 108, 60, 36, 12, 96, 36, 0, 60, 12, 24, 36, 0, 12, 12, 24, 12, 24, 24, 0, 24, 12, 0, 0, 12, 0, 0, 12, 24, 0, 12, 12, 0, 24, 0, 0, 0, 0, 24, 12, 0, 0, 0, 12, 12, 24, 24, 0, 0, 24, 36, 48, 60, 84, 108, 60, 84, 72, 144, 192, 192, 180, 204, 228, 204, 324, 360, 240, 216, 228, 300, 336, 384, 432, 456, 432, 576, 564, 516, 552, 648, 504, 732, 744, 516, 456, 456, 528, 540, 372, 336, 468, 468, 420, 288, 504, 480, 324, 552, 480, 312, 264, 240, 300, 432, 312, 384, 384, 312, 300, 396, 336, 420, 288, 420, 396, 168, 372, 276, 312, 408, 384, 312, 312, 504, 348, 408, 408, 396, 564, 372, 444, 348, 552, 324, 384, 468, 300, 480, 540, 624, 660, 636, 720, 564, 408, 444, 360, 300, 456, 432, 276, 492, 360, 528, 552, 552, 312, 492, 420, 396, 372, 288, 468, 336, 372, 384, 324, 348, 312, 264, 324, 444, 384, 396, 348, 444, 360, 576, 552, 612, 444, 504, 348, 384, 588, 348, 420, 420, 492, 384, 408, 420, 456, 408, 336, 516, 516, 480, 492, 384, 552, 528, 444, 516, 336, 372, 636, 504, 588, 516, 516, 492, 384, 528, 504, 420, 528, 744, 564, 528, 600, 612, 612, 372, 492, 468, 540, 540, 336, 492, 288, 420, 360, 168, 336, 252, 144, 180, 276, 288, 192, 216, 228, 300, 132, 216, 228, 240, 204, 192, 240, 216, 288, 216, 180, 228, 192, 240, 180, 252, 216, 324, 228, 276, 276, 300, 276, 240, 192, 288, 252]",44.4861244548773,11.3394786003338,16642,5927.0
4.46 1.14 2 1,"[48, 36, 72, 36, 48, 12, 12, 36, 12, 24, 36, 0, 36, 48, 12, 36, 24, 12, 12, 0, 24, 0, 12, 12, 12, 36, 24, 0, 12, 24, 12, 0, 12, 0, 0, 12, 0, 0, 0, 12, 0, 0, 0, 0, 0, 12, 0, 24, 0, 12, 0, 0, 0, 0, 0, 0, 12, 0, 0, 0, 0, 24, 0, 0, 0, 12, 12, 0, 12, 0, 12, 24, 24, 24, 72, 72, 0, 24, 24, 24, 24, 24, 12, 84, 60, 36, 96, 36, 60, 96, 72, 144, 132, 180, 180, 96, 0, 132, 192, 240, 204, 120, 264, 216, 324, 288, 324, 300, 168, 192, 180, 252, 324, 36, 96, 192, 204, 144, 252, 120, 132, 96, 168, 180, 156, 108, 168, 156, 228, 24, 0, 132, 168, 192, 144, 168, 168, 216, 144, 216, 156, 240, 192, 204, 216, 204, 120, 228, 84, 108, 108, 84, 84, 108, 132, 120, 168, 156, 108, 192, 204, 168, 96, 96, 132, 156, 108, 84, 168, 192, 72, 132, 120, 96, 144, 96, 84, 168, 144, 36, 144, 156, 156, 180, 144, 156, 276, 120, 132, 120, 168, 180, 216, 204, 84, 120, 132, 120, 108, 180, 108, 132, 216, 96, 120, 180, 168, 132, 156, 156, 228, 168, 120, 84, 60, 84, 108, 60, 168, 120, 168, 180, 72, 84, 108, 156, 84, 168, 96, 204, 132, 192, 144, 216, 108, 96, 96, 204, 132, 156, 48, 72, 144, 180, 108, 120, 108, 48, 84, 84, 120, 144, 132, 24, 72, 84, 24, 72, 72, 36, 24, 12, 48, 36, 60, 48, 24, 60, 36, 24, 36, 60, 72, 48, 144, 60, 72, 48, 12, 24, 0, 12, 60, 48, 36, 24, 48, 48]",44.4899336200031,11.3410210370743,6044,117.0
4.46 4.45 4 1,"[444, 372, 348, 276, 372, 312, 384, 264, 240, 240, 360, 264, 216, 312, 192, 276, 252, 252, 216, 180, 144, 96, 96, 48, 120, 96, 36, 84, 72, 60, 36, 216, 84, 36, 24, 12, 24, 60, 60, 12, 0, 36, 36, 48, 204, 0, 36, 12, 0, 24, 84, 48, 276, 288, 216, 228, 216, 228, 216, 180, 168, 204, 192, 192, 108, 132, 156, 180, 252, 156, 180, 252, 216, 372, 252, 312, 516, 444, 612, 432, 468, 492, 792, 804, 588, 1164, 876, 1332, 1596, 1416, 1440, 1488, 1704, 1812, 1704, 1944, 1788, 1560, 1680, 1476, 1464, 1092, 1380, 1236, 1704, 1404, 1128, 1632, 1572, 1428, 1116, 1164, 1212, 1332, 1212, 1068, 1200, 1128, 1032, 1224, 1200, 852, 1224, 948, 1320, 1032, 1080, 912, 1212, 1056, 1020, 1008, 1260, 948, 1164, 960, 1164, 840, 1356, 1080, 1236, 1236, 1500, 1332, 1068, 1452, 1332, 1200, 1224, 1368, 1260, 1176, 1260, 1248, 708, 1128, 1392, 1260, 1416, 1440, 1332, 1116, 1488, 1260, 1368, 1584, 960, 1356, 1500, 1320, 1308, 1212, 1476, 1428, 1320, 1092, 936, 1248, 1560, 1236, 1212, 1704, 852, 1560, 1212, 1368, 1116, 1392, 1188, 1356, 1140, 1392, 1272, 1116, 1476, 1560, 1416, 1344, 1236, 1692, 1692, 1680, 1548, 1212, 1428, 1356, 1692, 1272, 1344, 1680, 1500, 1800, 1284, 1872, 1692, 1404, 1452, 1680, 1644, 1500, 1248, 1380, 1428, 1728, 1584, 1152, 1812, 1488, 1428, 1308, 1524, 1632, 1440, 1644, 1200, 1668, 1104, 1440, 1404, 1332, 1284, 1068, 1404, 1056, 1104, 1116, 1152, 768, 1008, 936, 696, 804, 648, 660, 720, 600, 504, 660, 660, 588, 696, 540, 612, 600, 492, 504, 408, 792, 588, 600, 456, 468, 624, 684, 708, 516, 804, 540, 612, 576, 540, 648, 852, 480, 768, 756, 564, 756]",44.4862876958404,11.3400679866928,16642,16669.0
4.46 4.47 8 1,"[432, 396, 276, 348, 396, 204, 192, 336, 336, 180, 312, 168, 168, 108, 156, 132, 120, 96, 192, 228, 48, 264, 72, 72, 132, 96, 96, 36, 72, 72, 108, 108, 12, 60, 12, 12, 12, 60, 36, 12, 0, 36, 72, 36, 24, 48, 48, 24, 36, 12, 60, 108, 48, 72, 108, 132, 96, 84, 84, 72, 48, 48, 72, 180, 144, 120, 168, 144, 96, 144, 144, 144, 156, 300, 156, 336, 348, 324, 360, 468, 564, 528, 600, 696, 672, 1116, 1476, 1536, 1608, 1836, 2136, 2016, 1956, 2052, 1812, 2064, 1632, 1620, 1716, 1956, 1680, 1860, 1716, 1428, 1536, 1860, 1764, 1464, 1788, 1848, 1668, 1476, 1392, 1584, 1536, 1392, 1296, 1488, 1596, 1488, 1044, 1068, 1488, 1356, 1380, 1188, 1248, 1488, 1404, 1368, 1116, 1164, 1416, 1188, 1380, 1092, 1296, 1524, 1248, 1356, 1332, 1200, 1428, 1212, 1092, 1356, 1548, 1236, 1152, 1248, 1596, 1572, 1644, 1248, 1260, 1560, 1344, 1692, 1272, 1356, 1584, 1680, 1248, 1740, 1728, 1272, 1524, 1476, 1644, 1656, 1584, 1584, 1812, 1464, 1500, 1380, 1308, 1584, 1536, 1260, 1428, 1260, 1224, 1428, 1512, 1380, 1512, 1092, 1452, 1596, 1584, 1548, 1212, 1620, 1536, 1296, 1452, 1416, 1500, 1596, 1536, 1476, 1440, 1764, 2064, 1560, 1620, 1968, 1560, 1668, 1572, 1524, 1536, 1740, 1548, 1368, 1716, 1500, 1452, 1956, 1668, 1788, 1536, 1548, 1428, 1656, 1656, 1536, 1308, 1524, 1608, 1488, 1464, 1356, 1332, 1716, 1440, 1644, 1704, 1476, 1344, 1200, 1116, 1344, 1236, 1176, 1104, 828, 828, 924, 1200, 1020, 744, 756, 588, 960, 492, 588, 540, 504, 456, 756, 432, 348, 432, 528, 468, 756, 444, 432, 336, 564, 552, 672, 360, 480, 612, 552, 564, 480, 672, 564, 780, 612, 540, 612, 564, 708]",44.4866906050182,11.3390206758832,16640,16656.0
4.47 2.6 8 1,"[372, 348, 192, 360, 336, 264, 156, 264, 204, 252, 168, 216, 168, 72, 192, 96, 144, 96, 156, 168, 24, 168, 60, 108, 132, 72, 96, 12, 60, 60, 84, 84, 24, 96, 12, 24, 12, 36, 48, 12, 12, 36, 24, 12, 36, 48, 36, 24, 48, 0, 84, 48, 60, 84, 72, 84, 84, 60, 84, 72, 24, 36, 60, 168, 132, 96, 120, 156, 96, 96, 96, 108, 144, 204, 240, 288, 324, 360, 288, 468, 468, 492, 564, 600, 648, 996, 1248, 1356, 1392, 1380, 1956, 1800, 2040, 2004, 1620, 1776, 1332, 1692, 1644, 1584, 1572, 1680, 1524, 1200, 1704, 1368, 1716, 1524, 1440, 1440, 1644, 1368, 1488, 1368, 1392, 1068, 1116, 1236, 1236, 1428, 1176, 840, 1260, 1140, 1140, 1056, 1344, 1128, 1248, 936, 1296, 864, 1140, 1452, 1212, 960, 1056, 1428, 1008, 1332, 1272, 1176, 1260, 1020, 1044, 1200, 1428, 1044, 1440, 972, 1608, 1200, 1692, 1032, 1116, 1188, 1344, 1560, 1260, 948, 1452, 1332, 1260, 1404, 1560, 1116, 1296, 1368, 1272, 1740, 1500, 1416, 1632, 1116, 1512, 1200, 1284, 1212, 1536, 1260, 1296, 1284, 1104, 1344, 1356, 1116, 1164, 1368, 1320, 1224, 1284, 1560, 1344, 1572, 1044, 1428, 1260, 1176, 1296, 1344, 1284, 1332, 1536, 1164, 1896, 1560, 1524, 1512, 1788, 1512, 1476, 1296, 1608, 1164, 1644, 1380, 1404, 1356, 1236, 1644, 1404, 1512, 1632, 1308, 1116, 1620, 1224, 1320, 1272, 1404, 1488, 924, 1668, 972, 1260, 1440, 1044, 1632, 1332, 1344, 1272, 1116, 1020, 1140, 984, 1284, 936, 804, 804, 672, 1008, 936, 732, 636, 528, 768, 540, 552, 360, 480, 576, 648, 480, 348, 516, 384, 444, 504, 540, 324, 372, 528, 480, 576, 480, 408, 456, 492, 528, 444, 564, 528, 672, 648, 600, 480, 552, 516]",44.4889773127449,11.3330972864426,16657,16652.0
4.47 4.46 4 1,"[372, 300, 252, 324, 396, 240, 168, 132, 168, 156, 180, 132, 144, 180, 144, 132, 72, 192, 108, 168, 132, 84, 60, 36, 144, 108, 36, 48, 84, 60, 48, 84, 48, 24, 60, 0, 12, 96, 24, 12, 0, 24, 24, 84, 48, 12, 36, 24, 0, 72, 36, 72, 24, 72, 12, 36, 36, 120, 72, 36, 48, 72, 96, 72, 60, 84, 120, 84, 240, 192, 168, 216, 252, 240, 384, 384, 636, 696, 636, 600, 420, 852, 1116, 600, 1068, 996, 1092, 1524, 1188, 1752, 1788, 1584, 2100, 1092, 1512, 1944, 1860, 1848, 1956, 1968, 1692, 1884, 1464, 1536, 1500, 1608, 1092, 1836, 1032, 1224, 1284, 1140, 1416, 1524, 1212, 1380, 1008, 984, 840, 1356, 804, 1128, 1092, 1092, 1116, 972, 1176, 828, 1080, 960, 1416, 672, 1224, 1080, 1344, 1104, 996, 1152, 1200, 1320, 1176, 1320, 1476, 972, 1332, 1500, 1248, 924, 1572, 1164, 1008, 1140, 1104, 1200, 1056, 1164, 1440, 1380, 1632, 1212, 1140, 1464, 1128, 1296, 1224, 1176, 1092, 1344, 1416, 1020, 1704, 1044, 1272, 1320, 1200, 1008, 1032, 1152, 1200, 1320, 1392, 1068, 804, 1452, 1224, 1344, 864, 1596, 1476, 1092, 948, 1296, 1272, 1320, 1404, 1632, 1476, 1308, 1512, 1584, 1452, 1260, 1584, 1320, 1284, 1488, 1416, 1248, 1428, 1776, 1308, 1140, 1824, 1476, 1548, 1320, 1536, 1320, 1764, 1200, 1536, 1260, 1476, 1668, 1224, 1944, 1500, 1716, 1368, 1200, 1716, 1392, 1344, 1344, 1500, 1464, 1188, 1284, 1476, 1488, 1080, 1104, 1512, 1092, 1056, 1080, 1008, 996, 900, 804, 744, 660, 648, 744, 396, 612, 636, 348, 588, 648, 744, 504, 420, 600, 420, 384, 552, 468, 420, 660, 360, 432, 600, 360, 636, 564, 552, 564, 684, 432, 552, 516, 684, 684, 492, 648, 528, 564]",44.4885305147658,11.3338189829154,16644,5928.0
4.48 4.2 6 1,"[36, 12, 12, 12, 12, 36, 0, 12, 24, 36, 12, 0, 0, 0, 24, 0, 0, 0, 0, 12, 0, 0, 12, 12, 12, 0, 36, 12, 0, 0, 0, 0, 24, 0, 0, 0, 0, 0, 0, 0, 0, 0, 12, 0, 12, 12, 12, 0, 0, 0, 0, 0, 0, 0, 0, 0, 0, 0, 0, 0, 0, 0, 12, 0, 24, 12, 0, 24, 12, 12, 12, 12, 12, 48, 12, 12, 24, 60, 12, 24, 24, 12, 48, 36, 48, 36, 48, 60, 36, 36, 24, 60, 132, 60, 60, 60, 72, 48, 96, 60, 36, 120, 0, 72, 84, 60, 72, 36, 120, 72, 60, 24, 36, 84, 60, 36, 24, 60, 12, 60, 48, 60, 36, 24, 60, 36, 36, 24, 12, 48, 12, 36, 36, 60, 60, 24, 12, 48, 60, 36, 60, 24, 108, 24, 24, 24, 48, 48, 60, 72, 60, 48, 72, 48, 72, 36, 0, 36, 36, 36, 24, 24, 36, 48, 36, 48, 36, 36, 36, 24, 36, 132, 72, 24, 84, 36, 60, 72, 24, 84, 60, 24, 48, 48, 48, 48, 36, 24, 24, 48, 12, 72, 48, 48, 36, 24, 72, 60, 48, 84, 36, 48, 108, 48, 72, 36, 60, 60, 48, 60, 36, 84, 48, 48, 72, 48, 48, 96, 84, 84, 96, 180, 48, 12, 72, 60, 96, 60, 60, 24, 84, 84, 60, 12, 84, 48, 48, 36, 84, 72, 48, 24, 36, 36, 36, 24, 24, 48, 24, 48, 36, 12, 24, 12, 48, 24, 24, 36, 24, 24, 72, 12, 12, 0, 0, 24, 48, 36, 12, 48, 24, 12, 48, 24, 24, 24, 48, 12, 60, 24, 36, 36, 36, 0, 12, 12, 0, 12]",44.4934777662392,11.3826176171504,6966,6976.0
4.48 4.4 2 1,"[504, 456, 456, 468, 396, 420, 204, 312, 216, 204, 228, 108, 204, 144, 264, 156, 144, 192, 192, 96, 60, 132, 96, 108, 60, 108, 96, 48, 48, 36, 108, 48, 36, 60, 72, 48, 60, 72, 36, 48, 108, 36, 24, 12, 48, 60, 72, 36, 72, 120, 132, 72, 48, 24, 96, 96, 108, 132, 84, 60, 96, 96, 156, 156, 228, 300, 300, 312, 228, 216, 204, 288, 324, 564, 576, 372, 660, 684, 528, 828, 456, 660, 768, 804, 1188, 1056, 864, 1212, 1068, 1428, 936, 1512, 1308, 1320, 1140, 1320, 1368, 1260, 1512, 1152, 1476, 1548, 1176, 1272, 1416, 1044, 1512, 1284, 1212, 1344, 1068, 1188, 1164, 996, 1128, 1200, 1044, 1116, 1200, 1368, 1176, 840, 1212, 1284, 1092, 1056, 1152, 1032, 1008, 984, 1152, 1080, 1056, 1140, 1188, 1176, 1140, 1212, 1176, 1260, 1224, 1224, 936, 1296, 1092, 1080, 1188, 1392, 1140, 1164, 1248, 1392, 1284, 1188, 1320, 1260, 1104, 1116, 1260, 1140, 1020, 1308, 1332, 1380, 1116, 1140, 1308, 1104, 1140, 900, 1416, 1224, 1308, 1284, 1248, 1320, 1368, 1068, 1248, 1236, 1356, 1176, 1200, 1152, 1224, 948, 1176, 1212, 1152, 1044, 1152, 1140, 1092, 1176, 1236, 1248, 1296, 1032, 1356, 1440, 1284, 1608, 1224, 1608, 1380, 1488, 1272, 1224, 1440, 1344, 1320, 1176, 1488, 1272, 1248, 1332, 1320, 1068, 1116, 1500, 1224, 1236, 1428, 1104, 1320, 1320, 1356, 1476, 1224, 1416, 1440, 1476, 1164, 1032, 1284, 1140, 1128, 1416, 1164, 1176, 936, 1296, 1176, 1260, 1320, 1116, 1008, 900, 1068, 912, 984, 768, 636, 516, 696, 756, 612, 720, 684, 516, 588, 504, 564, 600, 540, 420, 600, 408, 612, 564, 492, 372, 372, 408, 432, 564, 504, 504, 432, 540, 492, 552, 576, 468, 372, 432, 348, 336]",44.4935534050699,11.3824175176279,6976,6966.0
4.49 4.65 6 1,"[-1, -1, -1, -1, -1, -1, -1, -1, -1, -1, -1, -1, -1, -1, -1, -1, -1, -1, -1, -1, -1, -1, -1, -1, -1, -1, -1, -1, -1, -1, -1, -1, -1, -1, -1, -1, -1, -1, -1, -1, -1, -1, -1, -1, -1, -1, -1, -1, -1, -1, -1, -1, -1, -1, -1, -1, -1, -1, -1, -1, -1, -1, -1, -1, -1, -1, -1, -1, -1, -1, -1, -1, -1, -1, -1, -1, -1, -1, -1, -1, -1, -1, -1, -1, -1, -1, -1, -1, -1, -1, -1, -1, -1, -1, -1, -1, -1, -1, -1, -1, -1, -1, -1, -1, -1, -1, -1, -1, -1, -1, -1, -1, -1, -1, -1, -1, -1, -1, -1, -1, -1, -1, -1, -1, -1, -1, -1, -1, -1, -1, -1, -1, -1, -1, -1, -1, -1, -1, -1, -1, -1, -1, -1, -1, -1, -1, -1, -1, -1, -1, -1, -1, -1, -1, -1, -1, -1, -1, -1, -1, -1, -1, -1, -1, -1, -1, -1, -1, -1, -1, -1, -1, -1, -1, -1, -1, -1, -1, -1, -1, -1, -1, -1, -1, -1, -1, -1, -1, -1, -1, -1, -1, -1, -1, -1, -1, -1, -1, -1, -1, -1, -1, -1, -1, -1, -1, -1, -1, -1, -1, -1, -1, -1, -1, -1, -1, -1, -1, -1, -1, -1, -1, -1, -1, -1, -1, -1, -1, -1, -1, -1, -1, -1, -1, -1, -1, -1, -1, -1, -1, -1, -1, -1, -1, -1, -1, -1, -1, -1, -1, -1, -1, -1, -1, -1, -1, -1, -1, -1, -1, -1, -1, -1, -1, -1, -1, -1, -1, -1, -1, -1, -1, -1, -1, -1, -1, -1, -1, -1, -1, -1, -1, -1, -1, -1, -1, -1, -1]",,,,
4.49 4.65 6 2,"[36, 24, 0, 0, 0, 0, 12, 24, 12, 0, 0, 0, 0, 0, 0, 0, 24, 0, 12, 0, 0, 0, 0, 0, 12, 12, 0, 0, 0, 0, 0, 0, 0, 0, 0, 0, 0, 0, 0, 0, 0, 0, 0, 0, 0, 0, 0, 0, 0, 0, 0, 0, 0, 0, 0, 0, 0, 12, 12, 12, 0, 12, 0, 0, 0, 24, 0, 24, 12, 12, 24, 12, 0, 0, 12, 12, 12, 24, 12, 36, 12, 0, 24, 60, 12, 0, 24, 12, 36, 60, 36, 24, 108, 144, 192, 144, 264, 120, 108, 144, 108, 60, 288, 216, 72, 204, 96, 108, 72, 12, 96, 60, 36, 72, 48, 60, 60, 84, 72, 36, 96, 60, 48, 12, 48, 60, 36, 84, 60, 84, 84, 96, 36, 60, 60, 120, 72, 48, 60, 60, 48, 60, 12, 60, 12, 108, 60, 96, 84, 24, 96, 72, 48, 48, 72, 24, 84, 156, 96, 12, 48, 24, 36, 48, 24, 96, 36, 60, 120, 60, 72, 60, 36, 108, 120, 36, 132, 48, 84, 96, 60, 24, 12, 60, 48, 36, 24, 72, 48, 60, 84, 72, 84, 96, 96, 60, 72, 84, 264, 276, 144, 132, 120, 60, 108, 108, 108, 132, 108, 48, 60, 72, 96, 108, 48, 192, 96, 120, 120, 84, 48, 60, 144, 84, 132, 24, 84, 96, 96, 48, 36, 36, 72, 48, 72, 84, 60, 36, 72, 24, 84, 48, 108, 24, 48, 24, 36, 36, 0, 0, 48, 12, 36, 24, 24, 0, 24, 24, 36, 12, 12, 36, 48, 12, 0, 24, 24, 36, 48, 12, 24, 0, 12, 0, 48, 24, 36, 36, 12, 24, 0, 108, 24, 12, 12, 12, 12, 36]",44.46611909194948,11.37916056713014,6657,6661.0
4.53 4.23 6 1,"[180, 96, 108, 132, 120, 204, 84, 132, 96, 84, 84, 156, 60, 72, 36, 84, 72, 48, 96, 24, 36, 48, 144, 24, 24, 72, 36, 12, 24, 48, 72, 12, 36, 36, 0, 36, 12, 24, 36, 12, 12, 12, 60, 0, 0, 0, 0, 0, 12, 12, 24, 0, 12, 24, 12, 36, 12, 12, 24, 72, 24, 0, 24, 24, 36, 24, 24, 60, 108, 84, 48, 72, 108, 96, 108, 48, 132, 84, 84, 156, 216, 204, 240, 360, 468, 420, 492, 468, 444, 660, 600, 660, 696, 732, 756, 816, 720, 564, 840, 816, 876, 720, 588, 516, 600, 468, 576, 516, 636, 504, 612, 408, 456, 516, 492, 528, 516, 396, 516, 468, 456, 588, 564, 492, 504, 564, 468, 564, 528, 612, 528, 456, 480, 588, 636, 540, 432, 540, 480, 720, 600, 552, 624, 480, 804, 684, 648, 576, 624, 576, 504, 600, 528, 576, 528, 624, 504, 516, 396, 420, 648, 564, 708, 552, 660, 660, 636, 660, 564, 600, 564, 684, 600, 648, 660, 600, 456, 636, 576, 564, 264, 444, 624, 528, 672, 564, 636, 576, 660, 492, 780, 660, 528, 708, 612, 612, 600, 672, 624, 756, 756, 768, 852, 696, 564, 804, 756, 672, 516, 660, 600, 828, 768, 852, 684, 840, 804, 864, 792, 828, 636, 744, 852, 672, 660, 912, 696, 576, 696, 540, 864, 852, 672, 720, 708, 612, 636, 612, 456, 936, 792, 648, 684, 684, 564, 588, 420, 420, 408, 444, 408, 384, 312, 372, 240, 312, 324, 336, 288, 240, 240, 252, 324, 384, 228, 204, 228, 288, 264, 240, 276, 288, 216, 204, 384, 132, 276, 192, 84, 180, 180, 156, 264, 240, 228, 288, 276, 144]",44.4640917279521,11.3708229534843,5710,5707.0
4.53 4.24 2 1,"[96, 60, 120, 12, 36, 24, 60, 48, 96, 36, 48, 84, 60, 24, 24, 36, 12, 60, 24, 0, 0, 48, 48, 48, 36, 0, 0, 24, 12, 0, 12, 12, 24, 12, 36, 24, 24, 0, 0, 12, 0, 0, 12, 0, 48, 12, 12, 12, 0, 24, 12, 36, 36, 60, 36, 12, 60, 12, 12, 36, 48, 48, 36, 96, 72, 144, 120, 120, 156, 168, 156, 180, 156, 216, 156, 180, 276, 336, 324, 216, 384, 372, 264, 480, 576, 672, 516, 636, 780, 852, 588, 972, 804, 936, 984, 1044, 912, 792, 840, 780, 1032, 720, 1008, 684, 852, 612, 780, 984, 744, 660, 732, 648, 528, 672, 540, 528, 588, 612, 612, 504, 552, 612, 564, 600, 552, 516, 516, 696, 528, 684, 648, 588, 504, 588, 456, 564, 660, 564, 456, 360, 636, 684, 528, 648, 360, 480, 576, 528, 468, 504, 624, 612, 528, 636, 600, 564, 480, 312, 516, 432, 600, 456, 456, 480, 492, 492, 552, 432, 672, 600, 600, 504, 456, 504, 492, 336, 600, 516, 672, 396, 492, 600, 408, 732, 468, 564, 720, 324, 588, 540, 540, 588, 324, 552, 588, 840, 624, 540, 624, 684, 720, 768, 708, 588, 804, 708, 564, 636, 600, 576, 684, 756, 504, 744, 624, 564, 456, 516, 396, 468, 684, 624, 624, 672, 588, 612, 504, 696, 492, 456, 468, 528, 408, 468, 540, 720, 504, 504, 516, 408, 408, 420, 300, 408, 552, 360, 336, 312, 348, 312, 180, 408, 312, 348, 276, 204, 288, 132, 264, 252, 204, 384, 252, 180, 324, 288, 216, 168, 156, 264, 180, 228, 228, 276, 192, 132, 288, 168, 108, 120, 144, 180, 36, 132, 204, 324, 108, 180]",44.4643510762564,11.3708775450818,5710,5713.0
4.54 4.24 2 1,"[48, 36, 60, 0, 48, 12, 60, 84, 36, 24, 36, 48, 60, 0, 24, 12, 12, 36, 12, 12, 0, 12, 12, 12, 36, 24, 0, 24, 0, 24, 24, 12, 0, 0, 0, 12, 0, 12, 12, 0, 12, 0, 0, 24, 0, 12, 0, 0, 12, 0, 24, 24, 0, 0, 12, 24, 0, 12, 0, 36, 12, 12, 24, 24, 36, 36, 36, 24, 48, 12, 36, 96, 24, 48, 48, 60, 108, 108, 84, 60, 108, 168, 132, 240, 144, 156, 168, 180, 276, 288, 252, 276, 408, 360, 432, 492, 336, 360, 348, 300, 528, 384, 348, 372, 348, 384, 360, 384, 432, 312, 384, 324, 264, 324, 348, 276, 264, 312, 204, 204, 420, 216, 264, 312, 228, 240, 348, 324, 216, 312, 348, 276, 240, 420, 336, 300, 372, 456, 312, 300, 300, 348, 264, 300, 372, 468, 300, 516, 348, 348, 204, 372, 204, 324, 372, 384, 288, 312, 144, 240, 276, 348, 348, 336, 372, 240, 360, 372, 396, 288, 300, 348, 312, 288, 444, 276, 228, 372, 324, 252, 240, 360, 396, 264, 288, 348, 372, 276, 420, 336, 276, 432, 240, 276, 300, 396, 288, 456, 312, 372, 624, 456, 456, 396, 444, 372, 408, 420, 336, 288, 480, 492, 396, 468, 384, 468, 516, 384, 516, 468, 516, 492, 420, 420, 504, 408, 480, 444, 288, 324, 312, 360, 504, 444, 456, 264, 396, 336, 396, 420, 360, 384, 252, 360, 240, 336, 252, 300, 192, 204, 192, 252, 240, 180, 96, 132, 120, 156, 156, 72, 120, 108, 144, 144, 96, 144, 96, 36, 72, 96, 84, 48, 108, 48, 84, 144, 48, 72, 24, 84, 60, 12, 72, 84, 84, 96, 36, 48]",44.4667560724495,11.3710106877871,5737,5752.0
4.54 4.26 4 1,"[0, 0, 0, 12, 36, 24, 36, 0, 12, 0, 12, 24, 0, 24, 12, 0, 12, 12, 0, 12, 0, 0, 12, 0, 0, 0, 0, 0, 12, 0, 24, 0, 0, 12, 0, 0, 0, 0, 0, 0, 0, 0, 12, 0, 0, 24, 0, 0, 0, 0, 12, 12, 0, 12, 0, 0, 24, 0, 12, 0, 0, 0, 24, 0, 24, 24, 24, 36, 24, 48, 24, 12, 84, 24, 12, 36, 24, 0, 48, 36, 84, 24, 60, 48, 84, 48, 120, 144, 108, 192, 204, 180, 180, 240, 264, 168, 192, 192, 228, 180, 216, 264, 216, 324, 204, 180, 216, 360, 180, 156, 264, 228, 180, 204, 204, 168, 324, 192, 216, 216, 216, 180, 120, 168, 300, 168, 264, 192, 84, 204, 180, 252, 240, 216, 168, 132, 276, 192, 180, 180, 132, 192, 156, 240, 180, 108, 132, 144, 120, 216, 108, 180, 228, 216, 252, 168, 120, 264, 72, 240, 168, 204, 156, 156, 96, 108, 240, 84, 228, 144, 192, 168, 144, 108, 156, 120, 180, 156, 144, 216, 96, 156, 216, 192, 120, 168, 120, 180, 132, 252, 180, 216, 228, 204, 216, 216, 300, 300, 312, 360, 228, 324, 300, 228, 276, 204, 228, 396, 228, 192, 360, 180, 276, 168, 228, 156, 240, 204, 264, 120, 216, 288, 204, 216, 204, 132, 204, 180, 144, 180, 204, 240, 120, 108, 240, 96, 132, 156, 168, 168, 216, 168, 108, 180, 120, 108, 108, 132, 96, 108, 72, 60, 72, 84, 72, 24, 84, 36, 48, 12, 24, 48, 12, 48, 36, 12, 48, 36, 24, 108, 36, 24, 36, 48, 36, 48, 12, 24, 24, 36, 60, 48, 24, 48, 36, 48, 72, 48]",44.4658774282947,11.3761506817681,5692,5693.0
4.55 4.12 6 1,"[132, 204, 120, 108, 144, 96, 60, 60, 108, 24, 60, 36, 84, 132, 96, 36, 36, 72, 0, 60, 12, 24, 60, 12, 24, 108, 12, 72, 24, 36, 12, 12, 24, 12, 36, 0, 12, 12, 24, 24, 12, 12, 12, 0, 36, 12, 12, 0, 0, 12, 36, 12, 12, 12, 0, 24, 48, 24, 12, 24, 0, 36, 12, 60, 12, 12, 36, 84, 48, 36, 60, 48, 144, 84, 84, 96, 72, 168, 108, 96, 72, 204, 48, 204, 168, 264, 228, 312, 156, 408, 516, 432, 408, 372, 528, 468, 492, 516, 468, 600, 540, 372, 432, 360, 396, 492, 360, 492, 336, 408, 468, 300, 288, 312, 420, 396, 444, 420, 300, 324, 348, 360, 468, 300, 492, 372, 576, 336, 444, 480, 264, 516, 432, 360, 324, 396, 396, 408, 324, 564, 156, 396, 324, 408, 300, 420, 480, 324, 408, 372, 552, 408, 372, 552, 300, 480, 396, 456, 288, 372, 480, 336, 360, 396, 312, 408, 300, 348, 372, 300, 336, 456, 384, 300, 468, 420, 324, 288, 312, 324, 360, 300, 324, 480, 396, 360, 432, 312, 396, 336, 456, 348, 576, 360, 360, 564, 492, 360, 360, 552, 492, 432, 300, 384, 372, 444, 408, 516, 420, 432, 480, 576, 444, 480, 516, 408, 396, 288, 372, 480, 396, 300, 300, 504, 480, 432, 408, 360, 468, 360, 348, 420, 492, 360, 456, 396, 384, 492, 324, 420, 480, 252, 336, 276, 168, 288, 312, 396, 204, 240, 300, 252, 252, 324, 192, 216, 192, 120, 204, 192, 216, 180, 84, 156, 204, 180, 144, 168, 120, 96, 132, 156, 132, 192, 84, 84, 180, 144, 120, 204, 120, 168, 180, 168, 168, 84, 228, 108]",44.4784155362785,11.3879256822035,6805,16374.0
4.55 4.13 2 1,"[84, 72, 60, 60, 84, 72, 120, 84, 60, 120, 108, 24, 12, 48, 24, 48, 36, 36, 60, 24, 48, 12, 24, 12, 12, 48, 0, 0, 12, 12, 12, 24, 12, 0, 0, 0, 12, 0, 24, 0, 0, 0, 12, 0, 12, 24, 0, 24, 12, 12, 12, 0, 60, 12, 12, 12, 24, 36, 24, 60, 48, 36, 24, 60, 12, 84, 60, 84, 72, 132, 36, 120, 120, 108, 180, 120, 216, 60, 156, 132, 192, 180, 228, 216, 192, 264, 204, 324, 372, 408, 384, 408, 372, 408, 312, 540, 348, 528, 480, 432, 456, 348, 312, 336, 420, 396, 384, 312, 444, 396, 360, 360, 360, 456, 396, 300, 252, 348, 360, 396, 384, 324, 288, 396, 408, 336, 288, 384, 240, 348, 276, 408, 204, 360, 384, 396, 276, 384, 324, 372, 396, 324, 372, 252, 396, 348, 264, 384, 420, 168, 288, 360, 456, 240, 468, 252, 312, 288, 240, 288, 384, 276, 180, 192, 264, 276, 360, 300, 228, 324, 204, 276, 372, 240, 324, 444, 336, 276, 300, 384, 312, 288, 324, 324, 288, 336, 348, 348, 336, 444, 324, 324, 384, 312, 324, 396, 348, 264, 348, 288, 0, 96, 504, 384, 360, 384, 444, 468, 372, 396, 516, 384, 540, 396, 480, 540, 504, 408, 468, 348, 408, 396, 372, 432, 408, 336, 492, 384, 336, 192, 408, 456, 384, 312, 336, 372, 348, 240, 252, 336, 360, 192, 288, 396, 276, 204, 276, 252, 288, 204, 228, 192, 204, 240, 168, 168, 144, 84, 132, 156, 144, 168, 144, 144, 108, 120, 84, 156, 96, 300, 180, 168, 96, 120, 132, 96, 204, 168, 144, 264, 168, 60, 252, 144, 132, 132, 96, 204]",44.4788626326924,11.3868604896323,6805,6919.0
4.55 4.55 2 1,"[120, 96, 96, 84, 108, 132, 108, 84, 48, 108, 108, 24, 24, 60, 24, 48, 36, 48, 48, 36, 24, 0, 36, 12, 48, 36, 0, 0, 36, 24, 12, 24, 0, 12, 24, 0, 12, 0, 24, 12, 0, 0, 12, 0, 12, 24, 0, 24, 12, 12, 24, 0, 24, 0, 12, 12, 36, 48, 24, 60, 36, 36, 12, 60, 12, 60, 24, 72, 84, 120, 84, 96, 108, 108, 168, 204, 156, 132, 144, 144, 156, 216, 216, 216, 216, 240, 324, 348, 372, 408, 408, 420, 348, 504, 348, 552, 432, 492, 540, 528, 480, 372, 420, 276, 468, 408, 384, 468, 456, 432, 528, 372, 492, 432, 456, 372, 324, 360, 468, 456, 408, 300, 324, 456, 384, 324, 348, 456, 300, 408, 336, 456, 312, 552, 456, 480, 312, 576, 456, 360, 396, 360, 432, 300, 432, 384, 336, 468, 348, 264, 444, 360, 516, 420, 516, 360, 396, 324, 288, 408, 300, 396, 240, 204, 324, 312, 336, 408, 264, 312, 360, 324, 480, 408, 324, 492, 312, 432, 456, 324, 348, 336, 312, 408, 372, 444, 456, 300, 420, 468, 468, 408, 372, 360, 348, 504, 396, 456, 324, 576, 408, 384, 552, 552, 384, 456, 516, 540, 516, 468, 552, 660, 516, 552, 720, 528, 672, 576, 576, 492, 528, 588, 576, 516, 432, 420, 12, 0, 348, 468, 468, 504, 384, 444, 336, 456, 468, 288, 444, 408, 396, 276, 360, 408, 408, 264, 336, 300, 372, 252, 204, 252, 192, 336, 228, 204, 204, 156, 204, 168, 180, 156, 216, 204, 144, 180, 60, 204, 120, 396, 228, 168, 108, 132, 144, 120, 228, 216, 252, 216, 132, 84, 264, 144, 156, 84, 120, 264]",44.4787387292632,11.3871912685015,16374,6805.0
4.55 4.55 6 1,"[156, 156, 96, 108, 132, 108, 84, 72, 60, 48, 60, 36, 48, 60, 84, 36, 36, 60, 12, 48, 24, 36, 36, 12, 24, 96, 12, 36, 24, 36, 12, 36, 24, 24, 24, 0, 12, 12, 24, 12, 0, 12, 12, 0, 36, 12, 12, 0, 0, 12, 36, 12, 12, 12, 0, 12, 36, 24, 12, 36, 0, 36, 0, 24, 12, 12, 48, 48, 24, 24, 48, 24, 48, 60, 72, 36, 36, 96, 84, 72, 72, 168, 36, 168, 132, 156, 168, 240, 216, 228, 396, 252, 324, 312, 432, 324, 408, 420, 480, 540, 372, 288, 420, 348, 276, 420, 276, 384, 300, 348, 408, 192, 216, 252, 360, 312, 456, 348, 264, 264, 252, 336, 420, 396, 348, 396, 468, 276, 396, 420, 264, 408, 396, 276, 228, 300, 360, 216, 324, 456, 180, 276, 312, 300, 276, 360, 420, 276, 348, 312, 396, 336, 372, 408, 288, 384, 324, 384, 276, 372, 384, 276, 276, 348, 312, 360, 300, 360, 288, 216, 300, 408, 300, 240, 396, 336, 300, 312, 336, 264, 216, 264, 312, 384, 324, 372, 348, 312, 348, 228, 384, 324, 492, 360, 252, 432, 396, 276, 324, 444, 384, 360, 264, 420, 360, 360, 276, 444, 348, 396, 396, 468, 396, 432, 396, 348, 288, 300, 312, 480, 300, 288, 276, 336, 360, 360, 288, 336, 384, 264, 312, 348, 468, 372, 372, 384, 300, 432, 300, 444, 444, 192, 300, 252, 168, 252, 264, 264, 156, 192, 240, 288, 168, 264, 108, 240, 204, 108, 180, 132, 180, 144, 48, 96, 144, 180, 108, 96, 96, 72, 120, 120, 108, 192, 72, 108, 84, 144, 132, 144, 120, 168, 192, 120, 84, 84, 240, 72]",44.4786757890555,11.3871595080866,6805,16374.0
4.55 4.89 8 1,"[24, 0, 12, 12, 24, 48, 0, 24, 0, 12, 0, 12, 0, 12, 24, 0, 0, 12, 0, 0, 0, 12, 12, 12, 0, 0, 0, 12, 0, 0, 0, 0, 0, 0, 0, 0, 0, 0, 0, 0, 0, 0, 0, 0, 0, 0, 0, 0, 0, 0, 0, 0, 0, 0, 0, 0, 0, 12, 0, 12, 12, 0, 0, 0, 0, 0, 12, 0, 24, 0, 12, 24, 0, 0, 12, 12, 0, 12, 12, 0, 12, 60, 84, 24, 24, 72, 48, 48, 60, 12, 132, 96, 132, 120, 60, 84, 96, 132, 144, 84, 108, 108, 96, 132, 72, 132, 108, 168, 72, 108, 156, 96, 72, 168, 96, 132, 84, 96, 108, 96, 84, 72, 84, 144, 96, 144, 120, 60, 144, 108, 72, 72, 96, 60, 168, 96, 120, 120, 108, 132, 204, 72, 60, 156, 48, 84, 96, 120, 108, 108, 168, 168, 60, 180, 48, 144, 108, 72, 84, 84, 36, 132, 156, 84, 108, 108, 60, 96, 108, 36, 132, 132, 108, 144, 48, 84, 132, 108, 132, 96, 60, 96, 120, 84, 72, 120, 108, 24, 132, 120, 120, 156, 132, 96, 96, 144, 108, 192, 144, 192, 108, 132, 132, 156, 132, 168, 108, 96, 192, 204, 48, 144, 180, 96, 132, 180, 120, 204, 192, 132, 108, 252, 144, 120, 168, 168, 132, 144, 180, 192, 132, 132, 204, 96, 72, 168, 156, 120, 156, 120, 84, 156, 72, 36, 96, 96, 84, 72, 48, 156, 84, 96, 36, 84, 108, 60, 84, 72, 24, 48, 24, 24, 72, 108, 36, 48, 12, 48, 24, 36, 84, 24, 0, 84, 60, 12, 24, 72, 24, 72, 12, 12, 0, 0, 0, 0, 12, 12]",44.4787280471053,11.386909912182,6805,6735.0
4.58 4.22 6 1,"[192, 72, 108, 120, 132, 156, 84, 132, 84, 84, 72, 156, 96, 72, 48, 72, 72, 48, 120, 24, 12, 60, 96, 36, 12, 72, 24, 12, 24, 36, 96, 12, 36, 36, 0, 24, 0, 12, 36, 12, 0, 24, 24, 0, 0, 0, 0, 0, 12, 12, 24, 0, 12, 0, 12, 24, 24, 12, 36, 48, 24, 0, 0, 48, 36, 36, 36, 48, 72, 108, 60, 72, 96, 120, 84, 72, 96, 132, 132, 192, 204, 264, 252, 444, 468, 348, 660, 540, 384, 576, 624, 804, 540, 912, 876, 852, 804, 612, 828, 972, 900, 792, 612, 624, 600, 420, 600, 384, 588, 456, 480, 372, 324, 480, 576, 408, 468, 396, 504, 444, 432, 468, 408, 516, 432, 504, 456, 504, 468, 576, 468, 444, 384, 528, 528, 576, 372, 456, 384, 684, 636, 432, 576, 492, 588, 756, 636, 468, 600, 360, 504, 612, 420, 516, 552, 564, 444, 444, 384, 456, 600, 528, 708, 540, 576, 780, 564, 744, 588, 504, 600, 696, 564, 516, 612, 576, 552, 420, 576, 408, 360, 384, 576, 348, 588, 384, 588, 588, 624, 540, 756, 792, 540, 588, 564, 432, 696, 660, 576, 612, 564, 780, 636, 648, 600, 768, 588, 636, 444, 612, 648, 828, 708, 720, 600, 660, 852, 684, 876, 888, 456, 792, 840, 600, 612, 828, 828, 732, 612, 408, 900, 660, 792, 648, 816, 672, 528, 636, 456, 804, 852, 696, 504, 636, 468, 588, 300, 432, 276, 408, 444, 384, 264, 228, 228, 360, 276, 336, 288, 216, 252, 240, 360, 336, 312, 156, 252, 276, 216, 180, 264, 252, 204, 192, 336, 144, 204, 156, 120, 144, 132, 120, 240, 216, 216, 300, 288, 108]",44.4613015284967,11.3705005567989,5680,5694.0
4.58 4.23 2 1,"[84, 60, 108, 24, 24, 24, 48, 36, 72, 24, 24, 48, 36, 24, 0, 24, 12, 12, 24, 0, 0, 36, 24, 48, 36, 0, 12, 12, 12, 0, 12, 12, 24, 12, 36, 0, 24, 0, 0, 12, 0, 0, 12, 12, 36, 0, 12, 12, 0, 12, 12, 36, 36, 72, 24, 24, 60, 24, 12, 36, 36, 36, 24, 96, 36, 144, 60, 84, 216, 120, 156, 156, 144, 216, 156, 144, 228, 288, 228, 156, 336, 336, 288, 492, 492, 480, 528, 384, 612, 540, 504, 684, 600, 660, 768, 804, 708, 816, 528, 756, 672, 636, 816, 696, 612, 444, 564, 804, 708, 480, 456, 588, 408, 624, 432, 336, 492, 432, 576, 324, 348, 480, 420, 576, 288, 444, 432, 504, 444, 528, 564, 336, 456, 396, 432, 492, 552, 324, 408, 348, 576, 432, 528, 432, 372, 348, 444, 384, 360, 456, 504, 420, 480, 432, 516, 360, 408, 228, 468, 348, 468, 360, 420, 408, 384, 396, 480, 276, 564, 552, 612, 312, 324, 468, 420, 276, 552, 348, 588, 408, 348, 432, 480, 528, 372, 564, 564, 240, 468, 408, 432, 516, 360, 528, 504, 588, 552, 444, 492, 528, 780, 648, 444, 552, 612, 468, 360, 528, 516, 480, 504, 624, 576, 504, 432, 564, 420, 372, 420, 516, 456, 516, 384, 624, 480, 492, 432, 480, 396, 408, 264, 420, 456, 336, 528, 576, 312, 372, 444, 324, 372, 348, 252, 396, 384, 348, 324, 264, 300, 240, 216, 312, 324, 312, 300, 264, 192, 120, 252, 228, 252, 288, 168, 192, 252, 312, 156, 180, 144, 252, 204, 216, 180, 288, 132, 156, 216, 156, 144, 120, 120, 132, 60, 120, 168, 300, 96, 204]",44.4614843334845,11.3705667402466,16495,5680.0
4.59 4.21 2 1,"[36, 60, 84, 72, 12, 12, 60, 48, 48, 48, 0, 36, 84, 24, 0, 36, 24, 12, 0, 12, 12, 24, 12, 48, 0, 24, 0, 36, 12, 0, 12, 24, 12, 12, 24, 24, 12, 0, 0, 12, 0, 0, 12, 24, 24, 12, 24, 12, 24, 12, 12, 36, 24, 48, 24, 24, 24, 36, 12, 36, 24, 36, 24, 72, 72, 108, 48, 84, 168, 144, 96, 84, 168, 180, 156, 120, 180, 276, 252, 204, 276, 228, 396, 336, 468, 456, 492, 348, 504, 576, 540, 612, 540, 708, 672, 744, 660, 684, 528, 552, 516, 600, 612, 504, 528, 552, 684, 672, 540, 516, 468, 504, 504, 492, 384, 468, 516, 468, 336, 384, 264, 456, 384, 564, 372, 492, 468, 396, 504, 456, 528, 384, 312, 324, 432, 504, 444, 276, 276, 408, 420, 384, 456, 480, 216, 396, 396, 336, 408, 372, 336, 288, 408, 408, 408, 288, 312, 288, 396, 348, 540, 360, 468, 372, 372, 468, 324, 480, 252, 348, 480, 252, 324, 300, 348, 468, 456, 360, 456, 276, 384, 336, 588, 408, 324, 612, 420, 312, 384, 360, 336, 432, 468, 324, 444, 624, 312, 384, 540, 480, 600, 552, 540, 600, 480, 348, 504, 552, 456, 492, 516, 540, 492, 528, 528, 504, 408, 276, 480, 456, 540, 516, 396, 588, 384, 552, 420, 468, 360, 288, 312, 408, 492, 492, 420, 468, 288, 288, 420, 384, 348, 336, 204, 420, 336, 384, 336, 336, 336, 204, 228, 192, 264, 204, 204, 204, 156, 192, 252, 300, 156, 240, 84, 144, 276, 204, 168, 132, 252, 144, 156, 156, 228, 132, 228, 132, 96, 180, 144, 96, 84, 48, 120, 84, 204, 216, 108, 168]",44.4556275779058,11.3686581929968,5557,5555.0
4.59 4.72 6 1,"[180, 84, 108, 96, 132, 108, 108, 48, 60, 72, 48, 84, 108, 72, 24, 72, 48, 24, 36, 60, 24, 36, 48, 36, 48, 48, 36, 12, 24, 12, 60, 24, 24, 36, 0, 12, 24, 0, 48, 12, 0, 12, 24, 12, 0, 0, 0, 0, 24, 0, 12, 12, 24, 0, 0, 48, 24, 0, 12, 24, 24, 0, 12, 24, 84, 48, 48, 60, 84, 72, 60, 60, 84, 156, 108, 60, 60, 120, 84, 216, 252, 216, 300, 276, 480, 432, 576, 612, 468, 552, 612, 696, 516, 732, 564, 540, 576, 660, 588, 624, 696, 612, 624, 480, 504, 408, 420, 396, 348, 528, 420, 480, 348, 456, 552, 372, 348, 372, 432, 408, 384, 612, 420, 396, 504, 384, 516, 564, 324, 480, 528, 528, 372, 336, 252, 636, 300, 396, 384, 492, 660, 288, 372, 468, 348, 600, 504, 456, 564, 348, 408, 444, 480, 408, 420, 408, 552, 336, 408, 372, 420, 516, 372, 408, 384, 552, 492, 396, 468, 492, 504, 528, 552, 456, 480, 504, 504, 396, 516, 456, 300, 384, 408, 456, 480, 300, 300, 456, 624, 504, 456, 480, 516, 732, 564, 480, 456, 636, 360, 516, 528, 576, 552, 456, 600, 468, 660, 552, 456, 456, 624, 432, 732, 588, 720, 528, 516, 540, 732, 516, 636, 444, 624, 564, 660, 720, 648, 648, 456, 516, 816, 576, 660, 516, 612, 564, 504, 492, 528, 612, 516, 408, 372, 540, 384, 444, 324, 300, 384, 276, 336, 312, 240, 156, 240, 204, 360, 204, 312, 240, 192, 204, 288, 144, 180, 288, 300, 180, 192, 216, 228, 228, 156, 180, 276, 156, 156, 192, 84, 120, 132, 60, 276, 228, 180, 228, 276, 144]",44.4553990864077,11.3683844587383,5555,16485.0
4.65 0.127 2 1,"[12, 36, 24, 24, 12, 12, 48, 24, 60, 36, 12, 12, 12, 24, 12, 0, 0, 12, 12, 0, 0, 36, 0, 12, 24, 12, 0, 0, 0, 24, 12, 12, 0, 0, 12, 0, 12, 0, 0, 0, 0, 0, 0, 0, 12, 0, 12, 0, 0, 24, 0, 12, 0, 0, 12, 12, 0, 0, 0, 48, 0, 12, 12, 36, 0, 24, 12, 24, 36, 24, 12, 12, 24, 60, 48, 24, 12, 36, 60, 36, 60, 12, 60, 84, 96, 96, 120, 144, 180, 180, 240, 156, 228, 408, 228, 312, 264, 252, 228, 288, 288, 312, 216, 252, 264, 348, 228, 204, 168, 276, 120, 204, 228, 132, 180, 168, 276, 96, 132, 168, 168, 96, 252, 132, 24, 120, 144, 144, 204, 120, 132, 180, 240, 132, 144, 204, 216, 228, 120, 216, 168, 192, 96, 144, 204, 204, 204, 120, 156, 192, 228, 156, 168, 180, 240, 192, 240, 144, 168, 240, 204, 144, 120, 228, 204, 168, 192, 240, 192, 144, 240, 180, 132, 120, 216, 168, 240, 132, 84, 144, 132, 252, 144, 228, 228, 228, 216, 216, 84, 324, 252, 192, 228, 168, 348, 216, 300, 348, 168, 312, 180, 276, 324, 228, 252, 264, 264, 300, 264, 240, 288, 324, 252, 276, 264, 276, 288, 216, 312, 288, 264, 288, 216, 276, 252, 240, 264, 276, 252, 240, 240, 252, 264, 216, 120, 108, 132, 216, 108, 216, 144, 120, 192, 168, 132, 120, 132, 216, 120, 60, 120, 60, 108, 72, 108, 84, 60, 60, 84, 96, 36, 96, 132, 60, 24, 72, 12, 24, 60, 60, 12, 36, 36, 24, 84, 36, 48, 60, 12, 60, 36, 24, 60, 24, 12, 48, 60, 48]",44.4631339663486,11.3792477763308,5534,13519.0
4.65 0.127 8 1,"[24, 48, 72, 48, 72, 24, 24, 0, 0, 60, 24, 36, 24, 48, 36, 60, 0, 12, 12, 12, 36, 0, 12, 12, 24, 0, 0, 12, 12, 24, 0, 36, 0, 0, 12, 12, 0, 12, 0, 0, 12, 12, 0, 24, 0, 0, 0, 0, 0, 0, 0, 12, 12, 12, 0, 24, 12, 48, 24, 24, 24, 12, 72, 24, 24, 48, 72, 72, 24, 84, 24, 60, 60, 72, 60, 48, 60, 96, 96, 84, 132, 120, 120, 192, 120, 168, 180, 204, 240, 204, 288, 324, 360, 348, 516, 252, 228, 372, 228, 348, 276, 300, 276, 312, 168, 180, 252, 276, 276, 312, 216, 228, 264, 204, 276, 252, 240, 180, 264, 108, 216, 240, 252, 168, 264, 252, 252, 156, 180, 252, 192, 168, 192, 252, 156, 252, 216, 204, 252, 192, 192, 264, 144, 288, 168, 276, 216, 204, 240, 312, 336, 300, 216, 228, 192, 288, 216, 396, 216, 240, 264, 228, 336, 192, 324, 204, 288, 264, 324, 300, 264, 300, 228, 240, 300, 204, 168, 276, 240, 132, 156, 312, 240, 192, 264, 252, 216, 276, 300, 312, 336, 252, 264, 348, 288, 336, 240, 384, 312, 360, 324, 324, 396, 360, 312, 348, 312, 324, 204, 288, 300, 312, 396, 324, 264, 192, 288, 324, 420, 360, 204, 300, 204, 396, 264, 372, 432, 228, 348, 192, 312, 252, 336, 240, 324, 252, 288, 240, 252, 324, 192, 252, 288, 276, 204, 192, 252, 156, 120, 108, 48, 168, 120, 144, 144, 120, 108, 120, 120, 72, 84, 60, 72, 60, 96, 96, 120, 144, 36, 24, 48, 48, 108, 120, 96, 108, 72, 108, 36, 48, 48, 36, 48, 72, 96, 60, 96, 36]",44.4626975810346,11.3794718518562,5534,16964.0
4.65 4.49 2 1,"[-1, -1, -1, -1, -1, -1, -1, -1, -1, -1, -1, -1, -1, -1, -1, -1, -1, -1, -1, -1, -1, -1, -1, -1, -1, -1, -1, -1, -1, -1, -1, -1, -1, -1, -1, -1, -1, -1, -1, -1, -1, -1, -1, -1, -1, -1, -1, -1, -1, -1, -1, -1, -1, -1, -1, -1, -1, -1, -1, -1, -1, -1, -1, -1, -1, -1, -1, -1, -1, -1, -1, -1, -1, -1, -1, -1, -1, -1, -1, -1, -1, -1, -1, -1, -1, -1, -1, -1, -1, -1, -1, -1, -1, -1, -1, -1, -1, -1, -1, -1, -1, -1, -1, -1, -1, -1, -1, -1, -1, -1, -1, -1, -1, -1, -1, -1, -1, -1, -1, -1, -1, -1, -1, -1, -1, -1, -1, -1, -1, -1, -1, -1, -1, -1, -1, -1, -1, -1, -1, -1, -1, -1, -1, -1, -1, -1, -1, -1, -1, -1, -1, -1, -1, -1, -1, -1, -1, -1, -1, -1, -1, -1, -1, -1, -1, -1, -1, -1, -1, -1, -1, -1, -1, -1, -1, -1, -1, -1, -1, -1, -1, -1, -1, -1, -1, -1, -1, -1, -1, -1, -1, -1, -1, -1, -1, -1, -1, -1, -1, -1, -1, -1, -1, -1, -1, -1, -1, -1, -1, -1, -1, -1, -1, -1, -1, -1, -1, -1, -1, -1, -1, -1, -1, -1, -1, -1, -1, -1, -1, -1, -1, -1, -1, -1, -1, -1, -1, -1, -1, -1, -1, -1, -1, -1, -1, -1, -1, -1, -1, -1, -1, -1, -1, -1, -1, -1, -1, -1, -1, -1, -1, -1, -1, -1, -1, -1, -1, -1, -1, -1, -1, -1, -1, -1, -1, -1, -1, -1, -1, -1, -1, -1, -1, -1, -1, -1, -1, -1]",,,,
4.65 4.65 4 1,"[24, 12, 24, 12, 0, 0, 60, 24, 24, 48, 48, 0, 0, 12, 12, 24, 12, 12, 12, 0, 12, 36, 0, 0, 12, 0, 0, 0, 0, 12, 12, 12, 0, 0, 0, 12, 0, 0, 12, 12, 0, 0, 12, 0, 0, 0, 0, 0, 12, 12, 0, 0, 12, 0, 0, 12, 0, 12, 0, 12, 0, 12, 12, 24, 60, 12, 24, 24, 24, 36, 12, 24, 0, 0, 60, 48, 24, 60, 60, 48, 72, 96, 60, 120, 60, 108, 168, 180, 192, 216, 168, 240, 276, 324, 348, 144, 288, 348, 240, 336, 240, 288, 312, 468, 216, 324, 180, 288, 288, 216, 156, 204, 156, 180, 120, 156, 96, 252, 156, 228, 108, 168, 156, 168, 216, 132, 180, 144, 132, 180, 180, 192, 156, 48, 192, 204, 108, 216, 216, 228, 84, 180, 132, 156, 132, 204, 204, 156, 120, 156, 84, 156, 168, 216, 180, 168, 156, 204, 108, 144, 132, 144, 108, 180, 132, 120, 204, 156, 144, 132, 300, 132, 156, 132, 108, 120, 120, 108, 120, 144, 180, 132, 84, 180, 108, 144, 240, 180, 144, 204, 228, 156, 216, 180, 204, 180, 96, 84, 156, 360, 336, 276, 252, 228, 180, 156, 144, 264, 132, 144, 252, 240, 240, 240, 228, 228, 156, 96, 180, 96, 228, 96, 192, 108, 132, 144, 96, 240, 132, 120, 144, 216, 276, 120, 192, 168, 120, 156, 168, 120, 120, 120, 108, 120, 144, 168, 72, 108, 60, 72, 120, 84, 144, 96, 96, 96, 48, 84, 36, 36, 60, 72, 48, 108, 48, 72, 48, 48, 72, 12, 72, 24, 72, 12, 24, 48, 36, 0, 48, 72, 36, 24, 24, 36, 0, 24, 36, 24]",44.4629501572769,11.3797579860455,5534,6638.0
4.65 4.65 8 1,"[24, 24, 60, 72, 12, 24, 24, 0, 60, 36, 24, 24, 0, 60, 24, 12, 12, 48, 24, 0, 24, 36, 12, 0, 24, 0, 12, 12, 12, 48, 0, 12, 12, 0, 12, 0, 0, 12, 0, 12, 0, 0, 0, 0, 0, 0, 12, 0, 12, 0, 12, 0, 0, 0, 0, 12, 0, 12, 12, 24, 12, 36, 60, 12, 36, 36, 72, 24, 84, 96, 24, 60, 84, 72, 36, 72, 60, 24, 60, 120, 108, 144, 120, 156, 132, 120, 192, 48, 168, 120, 204, 228, 408, 432, 492, 420, 264, 444, 300, 300, 360, 240, 468, 264, 192, 168, 276, 168, 300, 288, 156, 228, 252, 348, 228, 132, 156, 204, 204, 204, 144, 192, 252, 192, 144, 300, 264, 192, 192, 240, 156, 240, 216, 252, 192, 168, 264, 228, 216, 192, 228, 288, 180, 240, 180, 288, 300, 168, 192, 228, 228, 144, 240, 144, 240, 288, 276, 336, 204, 168, 156, 192, 192, 168, 180, 228, 204, 468, 468, 180, 216, 276, 228, 228, 240, 144, 180, 180, 144, 132, 216, 252, 192, 252, 276, 156, 228, 216, 312, 348, 228, 312, 264, 276, 336, 324, 456, 276, 408, 336, 216, 324, 336, 300, 396, 300, 252, 264, 228, 168, 276, 348, 444, 264, 156, 192, 348, 312, 324, 384, 144, 216, 228, 288, 348, 336, 240, 300, 240, 204, 264, 204, 156, 168, 228, 228, 216, 228, 192, 240, 192, 180, 168, 240, 144, 180, 168, 120, 132, 96, 144, 120, 132, 132, 156, 156, 108, 60, 84, 48, 12, 48, 72, 96, 108, 96, 36, 132, 48, 48, 60, 96, 84, 48, 96, 120, 48, 108, 60, 48, 12, 48, 48, 72, 120, 60, 96, 24]",44.4644872181273,11.3819073551479,6638,5534.0
4.65 4.98 6 1,"[36, 0, 24, 108, 12, 0, 60, 12, 36, 36, 60, 12, 0, 0, 0, 12, 24, 12, 12, 0, 0, 24, 12, 0, 12, 12, 0, 0, 0, 0, 12, 12, 0, 0, 0, 12, 0, 0, 12, 12, 0, 0, 0, 0, 0, 0, 12, 24, 0, 12, 12, 0, 0, 0, 0, 12, 12, 12, 12, 12, 12, 24, 36, 24, 48, 12, 12, 36, 60, 36, 36, 24, 24, 48, 72, 60, 24, 48, 72, 84, 60, 120, 120, 144, 132, 132, 192, 276, 204, 216, 252, 180, 528, 444, 516, 300, 360, 468, 348, 372, 228, 372, 468, 516, 288, 312, 300, 240, 276, 204, 228, 216, 132, 228, 144, 168, 168, 216, 204, 264, 96, 180, 228, 156, 180, 228, 192, 204, 216, 156, 204, 228, 252, 36, 192, 180, 132, 180, 216, 228, 156, 216, 168, 144, 144, 204, 240, 204, 144, 192, 120, 144, 228, 180, 180, 180, 180, 288, 216, 144, 144, 156, 192, 192, 192, 96, 312, 240, 168, 144, 264, 204, 180, 180, 156, 132, 180, 84, 120, 96, 168, 144, 132, 216, 168, 180, 204, 240, 168, 216, 132, 228, 300, 180, 300, 204, 132, 120, 240, 408, 384, 240, 300, 264, 240, 216, 156, 288, 168, 132, 240, 252, 216, 240, 204, 228, 228, 108, 168, 144, 264, 84, 168, 156, 192, 132, 120, 168, 168, 132, 144, 156, 252, 132, 216, 72, 180, 204, 120, 132, 180, 144, 96, 120, 192, 192, 84, 84, 132, 120, 84, 156, 156, 84, 108, 72, 120, 84, 36, 60, 48, 72, 24, 120, 36, 72, 72, 60, 72, 36, 48, 60, 60, 24, 36, 72, 36, 36, 72, 48, 48, 12, 48, 84, 12, 24, 36, 12]",44.4646604315862,11.3822234288978,6638,6639.0
4.70 4.70 1 1,"[456, 324, 228, 252, 192, 216, 216, 192, 108, 144, 144, 156, 48, 192, 84, 156, 108, 156, 120, 132, 96, 108, 96, 36, 96, 60, 48, 72, 48, 36, 36, 12, 36, 24, 60, 0, 12, 12, 48, 12, 24, 12, 12, 12, 12, 12, 24, 0, 12, 0, 36, 36, 72, 36, 24, 12, 24, 72, 48, 24, 48, 36, 24, 60, 36, 48, 84, 120, 120, 120, 36, 96, 24, 96, 120, 156, 192, 180, 144, 240, 216, 348, 288, 216, 300, 348, 420, 600, 540, 348, 540, 528, 732, 600, 972, 912, 672, 552, 792, 588, 708, 696, 840, 720, 624, 528, 720, 912, 732, 708, 588, 576, 648, 432, 912, 636, 516, 732, 816, 588, 852, 684, 756, 804, 792, 720, 816, 804, 804, 780, 720, 720, 588, 660, 840, 864, 864, 1008, 672, 804, 816, 1008, 900, 948, 924, 828, 816, 828, 924, 1128, 828, 972, 1092, 1164, 936, 852, 816, 780, 768, 972, 792, 864, 996, 780, 996, 1032, 912, 972, 768, 720, 972, 876, 924, 732, 996, 816, 660, 900, 768, 804, 720, 588, 1044, 900, 984, 924, 936, 1080, 924, 984, 948, 888, 888, 876, 1008, 1224, 1176, 804, 996, 1332, 1152, 1116, 1140, 1020, 924, 996, 960, 1200, 1104, 1176, 1212, 1032, 948, 996, 1176, 1116, 1224, 1188, 936, 1080, 1044, 1368, 1248, 1236, 960, 1116, 1224, 1020, 1440, 1236, 1212, 1296, 1116, 1008, 912, 924, 1416, 1140, 1008, 1032, 1056, 1164, 1008, 864, 912, 636, 816, 912, 768, 804, 816, 600, 276, 624, 528, 432, 348, 516, 360, 588, 324, 360, 264, 288, 408, 228, 480, 240, 384, 240, 324, 276, 348, 192, 240, 300, 240, 396, 276, 324, 408, 396, 348, 216, 312, 204, 396, 216]",44.48841069687553,11.387885380055142,6884,6889.0
4.70 4.70 5 1,"[156, 168, 108, 216, 168, 216, 144, 180, 144, 120, 180, 60, 60, 84, 48, 60, 60, 72, 96, 60, 60, 60, 84, 60, 48, 60, 48, 48, 48, 12, 96, 48, 60, 48, 36, 60, 48, 48, 48, 12, 12, 12, 48, 36, 36, 36, 36, 60, 60, 84, 72, 96, 96, 96, 72, 132, 96, 96, 120, 192, 168, 156, 144, 252, 228, 240, 252, 240, 300, 180, 192, 300, 312, 336, 444, 372, 444, 528, 528, 624, 696, 924, 972, 972, 984, 1380, 1308, 1224, 1260, 1296, 1512, 1236, 1644, 1680, 1596, 1380, 1488, 1704, 1236, 1500, 1200, 900, 1548, 1452, 1344, 1140, 1572, 1200, 1488, 1008, 1296, 1092, 1164, 1200, 1164, 924, 1344, 1200, 816, 876, 840, 1116, 1056, 636, 936, 852, 924, 1080, 1176, 1152, 1056, 960, 1116, 1008, 972, 936, 1032, 900, 996, 540, 1092, 1056, 948, 768, 1044, 1080, 1200, 900, 852, 948, 948, 1176, 924, 948, 972, 1056, 900, 1080, 888, 864, 1056, 804, 1164, 936, 888, 588, 1080, 900, 1176, 1104, 984, 1080, 1044, 1224, 1080, 996, 1056, 1008, 1008, 1140, 948, 1104, 1056, 960, 924, 864, 1236, 720, 924, 912, 1032, 1164, 888, 1212, 1212, 1056, 972, 1500, 936, 960, 1512, 1320, 1284, 1176, 1080, 1332, 1404, 996, 1212, 1260, 1296, 1296, 756, 564, 864, 960, 1164, 1224, 1116, 1044, 1044, 864, 996, 828, 1368, 864, 972, 1188, 972, 1248, 1008, 732, 804, 1080, 840, 1260, 1020, 1140, 1080, 1068, 876, 660, 780, 720, 792, 720, 552, 936, 636, 636, 516, 540, 300, 564, 456, 444, 504, 432, 408, 420, 324, 276, 336, 300, 312, 300, 264, 396, 228, 408, 276, 276, 372, 264, 300, 300, 288, 264, 240, 252, 288, 252, 288, 204, 204, 168, 336, 204]",44.48660660855944,11.38674974074901,6884,6889.0
4.70 4.70 7 1,"[0, 0, 0, 0, 0, 0, 0, 0, 0, 0, 0, 0, 0, 0, 0, 0, 0, 0, 0, 0, 0, 0, 0, 0, 0, 0, 0, 0, 0, 0, 0, 0, 0, 0, 0, 0, 0, 0, 0, 0, 0, 0, 0, 0, 0, 0, 0, 0, 0, 0, 0, 0, 0, 0, 0, 0, 0, 0, 0, 0, 0, 0, 0, 0, 0, 0, 0, 0, 0, 0, 0, 0, 0, 0, 0, 0, 0, 0, 0, 0, 0, 0, 0, 0, 0, 0, 0, 0, 0, 0, 0, 0, 0, 0, 0, 0, 0, 0, 0, 0, 0, 0, 0, 0, 0, 0, 0, 0, 0, 0, 0, 0, 0, 0, 0, 0, 0, 0, 0, 0, 0, 0, 0, 0, 0, 0, 0, 0, 0, 0, 0, 0, 0, 0, 0, 0, 0, 0, 0, 0, 0, 0, 0, 0, 0, 0, 0, 0, 0, 0, 0, 0, 0, 0, 0, 0, 0, 0, 0, 0, 0, 0, 0, 0, 0, 0, 0, 0, 0, 0, 0, 0, 0, 0, 0, 0, 0, 0, 0, 0, 0, 0, 0, 0, 0, 0, 0, 0, 0, 0, 0, 0, 0, 0, 0, 0, 0, 0, 0, 0, 0, 0, 0, 0, 0, 0, 0, 0, 0, 0, 0, 0, 0, 0, 0, 0, 0, 0, 0, 0, 0, 0, 0, 0, 0, 0, 0, 0, 0, 0, 0, 0, 0, 0, 0, 0, 0, 0, 0, 0, 0, 0, 0, 0, 0, 0, 0, 0, 0, 0, 0, 0, 0, 0, 0, 0, 0, 0, 0, 0, 0, 0, 0, 0, 0, 0, 0, 0, 0, 0, 0, 0, 0, 0, 0, 0, 0, 0, 0, 0, 0, 0, 0, 0, 0, 0, 0, 0]",,,,
4.72 0.127 4 1,"[36, 36, 0, 24, 36, 36, 36, 36, 24, 24, 36, 12, 0, 24, 24, 36, 12, 12, 12, 12, 12, 0, 24, 24, 0, 0, 12, 0, 0, 36, 24, 12, 0, 0, 12, 24, 36, 0, 24, 0, 0, 36, 24, 36, 36, 0, 12, 0, 12, 12, 12, 24, 12, 36, 48, 84, 48, 48, 12, 72, 24, 72, 96, 60, 132, 108, 144, 156, 120, 84, 144, 72, 132, 168, 180, 132, 216, 264, 216, 324, 204, 264, 276, 228, 192, 300, 432, 264, 300, 360, 432, 312, 228, 312, 444, 288, 312, 468, 372, 300, 276, 384, 324, 432, 348, 480, 384, 372, 264, 468, 444, 216, 456, 276, 348, 396, -1, -1, -1, -1, -1, -1, -1, -1, -1, -1, -1, -1, -1, -1, -1, -1, -1, -1, -1, -1, -1, -1, -1, -1, -1, -1, -1, -1, -1, -1, -1, -1, -1, -1, -1, -1, -1, -1, -1, -1, -1, -1, -1, -1, -1, -1, -1, -1, -1, -1, -1, -1, -1, -1, -1, -1, -1, -1, -1, -1, -1, -1, -1, -1, -1, -1, -1, -1, -1, -1, -1, -1, -1, -1, -1, -1, -1, -1, -1, -1, -1, -1, -1, -1, -1, -1, -1, -1, -1, -1, -1, -1, -1, -1, -1, -1, -1, -1, -1, -1, -1, -1, -1, -1, -1, -1, -1, -1, -1, -1, -1, -1, -1, -1, -1, -1, -1, -1, -1, -1, -1, -1, -1, -1, -1, -1, -1, -1, -1, -1, -1, -1, -1, -1, -1, -1, -1, -1, -1, -1, -1, -1, -1, -1, -1, -1, -1, -1, -1, -1, -1, -1, -1, -1, -1, -1, -1, -1, -1, -1, -1, -1, -1, -1, -1, -1, -1, -1, -1, -1, -1, -1]",44.454076638502,11.3667694434955,17846,17845.0
4.72 0.127 8 1,"[0, 12, 0, 0, 12, 0, 12, 0, 12, 0, 0, 0, 0, 0, 0, 0, 12, 36, 0, 12, 0, 0, 0, 0, 0, 0, 0, 12, 12, 0, 0, 0, 0, 0, 0, 0, 0, 0, 0, 0, 0, 0, 0, 0, 0, 0, 0, 12, 0, 0, 0, 0, 0, 0, 0, 0, 0, 0, 0, 0, 0, 0, 0, 0, 0, 0, 0, 0, 0, 0, 0, 0, 0, 0, 0, 0, 0, 0, 0, 0, 12, 12, 12, 0, 0, 0, 0, 12, 12, 24, 12, 0, 0, 0, 24, 72, 36, 12, 0, 24, 24, 24, 12, 12, 36, 12, 24, 36, 12, 48, 0, 0, 0, 36, 0, 12, -1, -1, -1, -1, -1, -1, -1, -1, -1, -1, -1, -1, -1, -1, -1, -1, -1, -1, -1, -1, -1, -1, -1, -1, -1, -1, -1, -1, -1, -1, -1, -1, -1, -1, -1, -1, -1, -1, -1, -1, -1, -1, -1, -1, -1, -1, -1, -1, -1, -1, -1, -1, -1, -1, -1, -1, -1, -1, -1, -1, -1, -1, -1, -1, -1, -1, -1, -1, -1, -1, -1, -1, -1, -1, -1, -1, -1, -1, -1, -1, -1, -1, -1, -1, -1, -1, -1, -1, -1, -1, -1, -1, -1, -1, -1, -1, -1, -1, -1, -1, -1, -1, -1, -1, -1, -1, -1, -1, -1, -1, -1, -1, -1, -1, -1, -1, -1, -1, -1, -1, -1, -1, -1, -1, -1, -1, -1, -1, -1, -1, -1, -1, -1, -1, -1, -1, -1, -1, -1, -1, -1, -1, -1, -1, -1, -1, -1, -1, -1, -1, -1, -1, -1, -1, -1, -1, -1, -1, -1, -1, -1, -1, -1, -1, -1, -1, -1, -1, -1, -1, -1, -1]",44.4538121036031,11.3661446295513,5552,5543.0
4.72 4.20 6 1,"[240, 132, 192, 132, 204, 108, 180, 144, 96, 180, 180, 180, 132, 120, 84, 60, 156, 48, 96, 84, 84, 36, 84, 60, 60, 48, 72, 24, 60, 36, 96, 48, 48, 36, 24, 24, 72, 12, 24, 24, 0, 12, 36, 12, 12, 12, 12, 24, 12, 0, 24, 36, 48, 0, 24, 36, 72, 60, 36, 72, 36, 60, 60, 24, 156, 72, 120, 96, 132, 216, 60, 96, 144, 204, 192, 192, 252, 204, 300, 372, 312, 516, 444, 432, 744, 648, 936, 900, 924, 804, 1032, 1116, 804, 972, 888, 780, 648, 732, 888, 816, 816, 972, 852, 672, 612, 636, 612, 552, 612, 768, 588, 600, 576, 624, 540, 480, -1, -1, -1, -1, -1, -1, -1, -1, -1, -1, -1, -1, -1, -1, -1, -1, -1, -1, -1, -1, -1, -1, -1, -1, -1, -1, -1, -1, -1, -1, -1, -1, -1, -1, -1, -1, -1, -1, -1, -1, -1, -1, -1, -1, -1, -1, -1, -1, -1, -1, -1, -1, -1, -1, -1, -1, -1, -1, -1, -1, -1, -1, -1, -1, -1, -1, -1, -1, -1, -1, -1, -1, -1, -1, -1, -1, -1, -1, -1, -1, -1, -1, -1, -1, -1, -1, -1, -1, -1, -1, -1, -1, -1, -1, -1, -1, -1, -1, -1, -1, -1, -1, -1, -1, -1, -1, -1, -1, -1, -1, -1, -1, -1, -1, -1, -1, -1, -1, -1, -1, -1, -1, -1, -1, -1, -1, -1, -1, -1, -1, -1, -1, -1, -1, -1, -1, -1, -1, -1, -1, -1, -1, -1, -1, -1, -1, -1, -1, -1, -1, -1, -1, -1, -1, -1, -1, -1, -1, -1, -1, -1, -1, -1, -1, -1, -1, -1, -1, -1, -1, -1, -1]",44.4531257255383,11.3655086137095,5543,16503.0
4.72 4.59 2 1,"[48, 60, 96, 60, 36, 12, 48, 96, 48, 12, 0, 12, 48, 12, 0, 36, 0, 36, 0, 0, 0, 60, 12, 24, 0, 36, 0, 12, 24, 0, 0, 36, 12, 0, 24, 36, 0, 0, 0, 12, 0, 0, 12, 12, 24, 12, 24, 0, 0, 36, 12, 48, 24, 48, 24, 12, 24, 36, 12, 24, 12, 36, 24, 72, 60, 132, 36, 60, 156, 120, 84, 72, 192, 132, 156, 180, 132, 324, 252, 216, 300, 228, 372, 360, 372, 432, 576, 372, 540, 564, 588, 600, 600, 684, 708, 708, 660, 648, 576, 468, 480, 624, 600, 492, 600, 660, 564, 648, 576, 492, 408, 540, 456, 468, 408, 420, -1, -1, -1, -1, -1, -1, -1, -1, -1, -1, -1, -1, -1, -1, -1, -1, -1, -1, -1, -1, -1, -1, -1, -1, -1, -1, -1, -1, -1, -1, -1, -1, -1, -1, -1, -1, -1, -1, -1, -1, -1, -1, -1, -1, -1, -1, -1, -1, -1, -1, -1, -1, -1, -1, -1, -1, -1, -1, -1, -1, -1, -1, -1, -1, -1, -1, -1, -1, -1, -1, -1, -1, -1, -1, -1, -1, -1, -1, -1, -1, -1, -1, -1, -1, -1, -1, -1, -1, -1, -1, -1, -1, -1, -1, -1, -1, -1, -1, -1, -1, -1, -1, -1, -1, -1, -1, -1, -1, -1, -1, -1, -1, -1, -1, -1, -1, -1, -1, -1, -1, -1, -1, -1, -1, -1, -1, -1, -1, -1, -1, -1, -1, -1, -1, -1, -1, -1, -1, -1, -1, -1, -1, -1, -1, -1, -1, -1, -1, -1, -1, -1, -1, -1, -1, -1, -1, -1, -1, -1, -1, -1, -1, -1, -1, -1, -1, -1, -1, -1, -1, -1, -1]",44.4541359445807,11.3667750588706,5556,17845.0
4.72 4.72 2 1,"[48, 72, 72, 72, 12, 60, 72, 60, 48, 60, 12, 24, 48, 36, 24, 48, 12, 48, 12, 12, 12, 36, 36, 48, 0, 12, 0, 12, 0, 36, 24, 12, 12, 12, 24, 36, 24, 0, 12, 12, 0, 24, 36, 36, 60, 12, 36, 0, 24, 36, 24, 48, 36, 84, 60, 84, 72, 72, 24, 108, 36, 108, 120, 120, 168, 240, 156, 240, 276, 216, 216, 120, 276, 252, 300, 228, 348, 456, 360, 468, 408, 480, 564, 588, 564, 612, 900, 492, 672, 708, 768, 744, 672, 732, 768, 792, 708, 864, 756, 576, 636, 792, 804, 780, 708, 780, 756, 840, 696, 840, 732, 624, 780, 540, 576, 696, -1, -1, -1, -1, -1, -1, -1, -1, -1, -1, -1, -1, -1, -1, -1, -1, -1, -1, -1, -1, -1, -1, -1, -1, -1, -1, -1, -1, -1, -1, -1, -1, -1, -1, -1, -1, -1, -1, -1, -1, -1, -1, -1, -1, -1, -1, -1, -1, -1, -1, -1, -1, -1, -1, -1, -1, -1, -1, -1, -1, -1, -1, -1, -1, -1, -1, -1, -1, -1, -1, -1, -1, -1, -1, -1, -1, -1, -1, -1, -1, -1, -1, -1, -1, -1, -1, -1, -1, -1, -1, -1, -1, -1, -1, -1, -1, -1, -1, -1, -1, -1, -1, -1, -1, -1, -1, -1, -1, -1, -1, -1, -1, -1, -1, -1, -1, -1, -1, -1, -1, -1, -1, -1, -1, -1, -1, -1, -1, -1, -1, -1, -1, -1, -1, -1, -1, -1, -1, -1, -1, -1, -1, -1, -1, -1, -1, -1, -1, -1, -1, -1, -1, -1, -1, -1, -1, -1, -1, -1, -1, -1, -1, -1, -1, -1, -1, -1, -1, -1, -1, -1, -1]",44.4538910808342,11.366492405612,5543,5556.0
4.81 4.1 4 1,"[36, 24, 24, 96, 48, 24, 12, 72, 48, 24, 12, 36, 36, 84, 36, 0, 48, 48, 60, 12, 12, 24, 12, 12, 0, 60, 48, 24, 36, 12, 24, 24, 48, 48, 12, 0, 12, 0, 12, 0, 12, 24, 0, 0, 12, 48, 12, 36, 0, 60, 36, 0, 24, 48, 36, 12, 72, 36, 48, 36, 48, 60, 60, 24, 36, 132, 120, 144, 156, 96, 48, 96, 120, 48, 168, 84, 144, 216, 156, 192, 216, 336, 204, 312, 312, 312, 528, 456, 660, 552, 768, 720, 684, 792, 624, 840, 636, 792, 1020, 708, 888, 708, 720, 948, 792, 636, 684, 660, 456, 408, 600, 468, 312, 480, 504, 480, 348, 336, 456, 420, 384, 264, 396, 348, 300, 372, 432, 432, 456, 348, 420, 456, 300, 360, 384, 432, 408, 360, 228, 456, 312, 468, 264, 264, 468, 564, 384, 324, 240, 300, 420, 348, 576, 384, 300, 372, 300, 408, 324, 408, 288, 444, 384, 396, 300, 312, 408, 456, 204, 288, 504, 492, 420, 468, 408, 480, 492, 492, 432, 456, 432, 408, 360, 348, 408, 276, 300, 312, 552, 444, 360, 468, 576, 516, 396, 552, 480, 372, 396, 456, 504, 492, 552, 384, 540, 588, 552, 420, 348, 456, 456, 576, 408, 444, 432, 600, 468, 576, 540, 312, 456, 408, 420, 492, 336, 444, 348, 396, 360, 348, 336, 336, 288, 348, 384, 372, 324, 228, 240, 348, 204, 252, 288, 300, 312, 264, 264, 228, 144, 168, 168, 240, 168, 204, 108, 168, 156, 72, 180, 132, 132, 72, 156, 84, 168, 60, 84, 84, 48, 24, 96, 108, 84, 84, 84, 96, 84, 120, 84, 144, 60, 168, 84, 72, 96, 60, 36, 24]",,,,
4.81 4.1 4 2,"[72, 24, 60, 108, 12, 48, 24, 72, 60, 24, 0, 36, 48, 60, 36, 12, 36, 24, 36, 0, 12, 36, 0, 24, 12, 60, 48, 24, 36, 12, 12, 24, 60, 36, 0, 0, 24, 0, 12, 0, 0, 36, 0, 0, 12, 24, 36, 36, 0, 60, 24, 0, 24, 48, 60, 0, 60, 48, 60, 24, 48, 36, 60, 36, 60, 108, 60, 132, 96, 84, 96, 60, 84, 96, 96, 48, 144, 120, 192, 120, 180, 228, 240, 168, 288, 312, 300, 408, 624, 444, 612, 660, 624, 720, 648, 756, 624, 876, 792, 816, 768, 720, 744, 648, 744, 660, 684, 588, 336, 360, 516, 432, 312, 384, 444, 372, 264, 300, 312, 348, 360, 324, 348, 324, 276, 276, 372, 276, 408, 312, 324, 360, 252, 276, 360, 348, 444, 288, 276, 420, 348, 468, 216, 264, 432, 564, 384, 336, 216, 300, 312, 372, 420, 312, 336, 276, 336, 384, 312, 360, 408, 288, 336, 360, 252, 324, 360, 492, 156, 300, 528, 432, 348, 456, 348, 456, 432, 396, 312, 348, 408, 360, 324, 300, 360, 252, 252, 300, 360, 372, 372, 420, 480, 396, 324, 468, 516, 408, 300, 360, 480, 504, 576, 396, 480, 420, 456, 372, 444, 444, 432, 384, 480, 360, 624, 588, 396, 540, 432, 384, 480, 456, 396, 468, 360, 492, 360, 408, 276, 300, 360, 336, 348, 360, 396, 348, 288, 300, 264, 300, 240, 216, 240, 264, 300, 228, 336, 228, 132, 192, 156, 156, 216, 156, 72, 156, 144, 84, 156, 132, 96, 84, 120, 36, 144, 24, 108, 72, 72, 60, 72, 120, 60, 96, 96, 84, 48, 156, 60, 96, 84, 108, 72, 36, 96, 36, 36, 36]",44.490656303638,11.3990143146441,16544,16917.0
4.82 0.127 2 1,"[36, 60, 48, 36, 48, 24, 24, 12, 24, 24, 0, 0, 36, 36, 12, 12, 12, 12, 12, 0, 12, 24, 12, 0, 0, 0, 0, 12, 24, 0, 0, 12, 0, 0, 0, 0, 0, 0, 0, 0, 0, 12, 12, 12, 0, 0, 0, 0, 12, 24, 12, 0, 12, 0, 12, 0, 12, 12, 0, 12, 0, 12, 24, 0, 0, 0, 60, 24, 24, 60, 48, 36, 36, 48, 48, 120, 72, 48, 48, 60, 96, 72, 168, 84, 96, 156, 168, 216, 264, 240, 336, 336, 312, 372, 324, 372, 240, 264, 252, 408, 348, 204, 252, 312, 324, 444, 312, 360, 264, 300, 384, 228, 312, 420, 240, 204, 252, 300, 240, 348, 180, 300, 324, 252, 240, 228, 204, 312, 432, 264, 204, 336, 252, 288, 348, 276, 264, 252, 444, 288, 420, 372, 288, 264, 252, 264, 372, 240, 240, 384, 360, 276, 348, 324, 300, 360, 276, 204, 360, 360, 216, 360, 240, 312, 204, 348, 192, 216, 228, 228, 312, 300, 240, 312, 216, 372, 276, 252, 264, 216, 240, 192, 264, 228, 216, 276, 240, 336, 240, 228, 240, 288, 312, 384, 264, 324, 492, 432, 312, 288, 396, 348, 264, 408, 288, 468, 228, 360, 372, 468, 516, 432, 336, 324, 300, 444, 480, 408, 600, 624, 360, 504, 540, 384, 432, 288, 300, 384, 300, 312, 456, 324, 420, 240, 300, 228, 300, 288, 216, 180, 204, 300, 228, 168, 312, 168, 336, 180, 132, 96, 96, 132, 84, 168, 144, 72, 120, 96, 48, 72, 96, 108, 108, 120, 72, 24, 84, 84, 84, 60, 60, 60, 96, 36, 48, 84, 24, 84, 48, 60, 48, 48, 36, 84, 84, 60, 84, 84]",44.4810774401175,11.3926126296835,6690,16925.0
4.82 0.127 4 1,"[72, 108, 24, 48, 60, 12, 48, 108, 36, 12, 36, 36, 36, 72, 48, 12, 36, 84, 24, 12, 12, 12, 24, 24, 24, 36, 12, 12, 12, 0, 12, 12, 12, 12, 0, 12, 12, 12, 0, 0, 24, 24, 0, 12, 12, 12, 24, 0, 36, 48, 12, 24, 36, 36, 0, 24, 24, 60, 36, 24, 24, 24, 24, 60, 60, 60, 144, 60, 60, 36, 60, 72, 60, 60, 36, 84, 156, 144, 84, 144, 72, 120, 216, 144, 168, 264, 264, 336, 432, 288, 540, 636, 648, 648, 804, 696, 720, 804, 672, 792, 672, 732, 492, 780, 600, 552, 468, 516, 408, 528, 336, 408, 384, 468, 408, 408, 312, 384, 288, 420, 216, 480, 336, 252, 336, 360, 504, 324, 408, 432, 396, 384, 348, 300, 312, 312, 324, 264, 300, 252, 216, 480, 348, 336, 576, 372, 348, 348, 384, 240, 456, 336, 336, 264, 420, 276, 396, 480, 312, 384, 420, 396, 360, 468, 276, 240, 384, 444, 264, 492, 324, 372, 444, 360, 324, 324, 372, 264, 300, 384, 324, 360, 300, 324, 324, 456, 288, 396, 216, 444, 324, 456, 324, 420, 276, 468, 396, 492, 516, 300, 468, 480, 564, 588, 528, 384, 312, 432, 504, 480, 468, 348, 420, 420, 516, 504, 468, 492, 432, 408, 396, 528, 432, 324, 624, 432, 492, 456, 372, 336, 492, 360, 300, 360, 384, 468, 264, 492, 432, 444, 288, 348, 396, 264, 300, 312, 336, 360, 360, 228, 156, 228, 168, 156, 156, 192, 132, 180, 192, 108, 108, 120, 120, 84, 72, 60, 72, 180, 120, 144, 48, 108, 96, 132, 60, 60, 96, 60, 108, 96, 72, 48, 120, 72, 48, 0, 96, 72]",44.4810982589509,11.393064921222,6690,6936.0
4.82 4.12 8 2,"[132, 204, 72, 72, 108, 48, 72, 132, 48, 48, 60, 108, 72, 108, 60, 36, 72, 144, 48, 48, 24, 24, 36, 24, 24, 60, 24, 12, 12, 12, 24, 24, 24, 0, 24, 12, 36, 12, 0, 24, 24, 24, 0, 12, 24, 12, 24, 36, 24, 72, 12, 24, 60, 48, 24, 36, 36, 84, 72, 48, 48, 60, 72, 132, 108, 72, 156, 108, 96, 72, 120, 168, 108, 96, 108, 228, 240, 264, 204, 240, 204, 216, 480, 264, 252, 396, 504, 480, 696, 396, 768, 888, 972, 960, 1092, 888, 984, 1236, 924, 1044, 876, 984, 756, 996, 852, 840, 732, 792, 672, 744, 768, 660, 612, 852, 780, 588, 492, 660, 540, 696, 432, 828, 696, 552, 708, 708, 780, 732, 624, 756, 708, 792, 684, 624, 636, 780, 636, 624, 720, 636, 576, 708, 660, 624, 804, 828, 636, 600, 648, 708, 864, 756, 696, 588, 636, 636, 612, 744, 696, 732, 744, 744, 636, 792, 624, 708, 684, 816, 516, 720, 756, 648, 852, 624, 588, 624, 684, 588, 564, 720, 624, 636, 672, 696, 696, 756, 624, 648, 420, 756, 672, 720, 576, 732, 684, 744, 864, 864, 852, 768, 972, 900, 840, 1032, 948, 840, 888, 996, 900, 960, 1020, 780, 924, 888, 960, 1020, 996, 1032, 960, 876, 900, 948, 912, 780, 1068, 936, 804, 660, 648, 756, 900, 756, 648, 600, 684, 840, 660, 852, 792, 660, 516, 528, 708, 468, 600, 444, 480, 564, 516, 504, 336, 420, 288, 348, 228, 348, 240, 372, 312, 192, 180, 216, 228, 252, 156, 240, 132, 252, 192, 336, 132, 216, 192, 204, 156, 204, 192, 156, 204, 252, 180, 204, 204, 204, 168, 96, 180, 132]",44.4806768579066,11.3927058848234,6690,6781.0
4.84 0.127 6 1,"[216, 96, 192, 132, 120, 120, 144, 132, 84, 120, 204, 132, 120, 36, 96, 48, 84, 60, 60, 96, 84, 48, 72, 24, 60, 36, 48, 12, 36, 24, 60, 60, 48, 36, 12, 12, 48, 24, 24, 36, 24, 12, 0, 24, 12, 0, 12, 12, 0, 0, 24, 12, 60, 0, 24, 12, 60, 24, 36, 60, 24, 36, 48, 24, 120, 108, 132, 84, 120, 180, 72, 72, 108, 204, 120, 228, 204, 240, 276, 288, 288, 468, 444, 396, 648, 684, 744, 876, 828, 888, 1032, 924, 924, 804, 792, 852, 456, 672, 672, 492, 576, 672, 612, 768, 600, 672, 480, 564, 408, 552, 648, 540, 528, 504, 528, 540, 432, 408, 552, 516, 504, 648, 504, 708, 504, 564, 432, 420, 636, 432, 516, 504, 624, 360, 552, 480, 540, 516, 588, 420, 720, 492, 420, 612, 528, 504, 696, 564, 420, 696, 468, 552, 612, 408, 588, 672, 708, 504, 384, 432, 612, 468, 576, 576, 564, 600, 504, 636, 588, 432, 672, 840, 552, 648, 552, 636, 600, 480, 552, 636, 528, 468, 468, 480, 528, 504, 336, 600, 600, 636, 624, 408, 720, 600, 420, 720, 384, 504, 648, 624, 732, 576, 732, 612, 780, 708, 576, 684, 636, 768, 552, 696, 708, 756, 636, 780, 576, 588, 576, 756, 696, 564, 528, 840, 528, 924, 804, 648, 600, 660, 648, 876, 576, 672, 468, 528, 732, 636, 600, 552, 564, 780, 432, 624, 444, 456, 384, 432, 336, 276, 456, 444, 348, 360, 252, 204, 324, 276, 276, 300, 192, 240, 240, 192, 240, 252, 204, 276, 168, 216, 192, 252, 180, 216, 228, 312, 156, 204, 180, 192, 108, 204, 204, 240, 264, 192, 288, 180]",44.4482040481231,11.3592392311116,5517,5520.0
4.84 4.20 2 1,"[48, 72, 60, 72, 0, 60, 84, 24, 48, 36, 48, 12, 60, 84, 60, 12, 36, 36, 12, 12, 12, 24, 36, 0, 0, 12, 0, 12, 0, 48, 12, 0, 12, 12, 24, 24, 24, 12, 0, 12, 12, 36, 12, 60, 24, 24, 24, 0, 48, 12, 24, 48, 24, 60, 48, 84, 48, 60, 60, 72, 72, 132, 72, 144, 144, 240, 192, 120, 180, 204, 180, 156, 252, 228, 264, 180, 384, 300, 384, 432, 372, 360, 600, 540, 600, 576, 480, 684, 648, 684, 828, 564, 672, 636, 552, 612, 480, 564, 480, 540, 708, 540, 564, 432, 480, 576, 468, 708, 744, 492, 480, 648, 552, 480, 516, 648, 576, 468, 648, 456, 360, 636, 588, 684, 504, 576, 660, 492, 516, 756, 516, 468, 528, 408, 492, 504, 516, 396, 384, 588, 372, 624, 636, 432, 384, 612, 564, 348, 564, 432, 444, 348, 540, 612, 444, 372, 312, 408, 600, 612, 600, 468, 372, 468, 576, 528, 348, 564, 300, 348, 648, 504, 336, 588, 444, 612, 528, 636, 468, 396, 516, 456, 384, 480, 624, 492, 360, 468, 480, 504, 528, 540, 552, 504, 660, 456, 552, 456, 636, 792, 480, 684, 528, 768, 564, 384, 600, 648, 732, 720, 576, 588, 696, 552, 828, 480, 360, 372, 444, 648, 648, 384, 588, 492, 396, 516, 504, 468, 432, 396, 576, 420, 516, 444, 396, 576, 312, 420, 420, 408, 276, 336, 360, 528, 300, 324, 240, 264, 216, 312, 348, 312, 240, 300, 216, 288, 144, 348, 252, 132, 312, 216, 252, 168, 252, 252, 216, 156, 204, 156, 204, 204, 276, 204, 144, 120, 120, 132, 96, 132, 108, 72, 132, 96, 240, 144, 144, 120]",44.4487724260651,11.3600289008496,5517,5521.0
4.85 4.13 8 1,"[468, 228, 300, 264, 252, 276, 180, 216, 48, 180, 108, 192, 72, 180, 108, 108, 48, 168, 180, 96, 192, 96, 96, 60, 72, 60, 48, 84, 36, 12, 84, 12, 36, 24, 24, 24, 0, 12, 24, 24, 60, 12, 12, 12, 24, 24, 12, 24, 24, 0, 12, 60, 60, 72, 24, 0, 60, 108, 36, 12, 48, 12, 72, 60, 24, 24, 72, 156, 48, 252, 108, 84, 36, 84, 168, 156, 204, 168, 228, 324, 324, 456, 276, 216, 480, 336, 624, 600, 636, 600, 504, 516, 708, 828, 732, 684, 840, 660, 600, 852, 684, 888, 972, 840, 684, 828, 924, 636, 816, 816, 552, 804, 720, 648, 876, 684, 804, 744, 828, 732, 828, 780, 816, 840, 708, 696, 768, 816, 780, 660, 648, 792, 564, 780, 1044, 1044, 624, 600, 768, 744, 1092, 924, 852, 864, 768, 960, 744, 912, 864, 876, 960, 972, 996, 1092, 1116, 600, 936, 720, 984, 684, 792, 864, 852, 840, 684, 780, 1116, 1056, 804, 720, 960, 900, 840, 1020, 972, 636, 840, 852, 828, 828, 792, 768, 660, 792, 1104, 828, 852, 876, 912, 948, 1068, 660, 600, 1080, 1092, 888, 1212, 828, 960, 768, 1236, 1116, 1008, 972, 948, 1056, 948, 996, 1140, 912, 948, 1212, 948, 840, 828, 852, 1068, 1128, 840, 1164, 1032, 1080, 828, 1164, 1056, 972, 924, 1032, 1032, 1128, 1248, 1008, 1092, 1080, 912, 900, 864, 1176, 1080, 924, 984, 1020, 864, 948, 960, 672, 888, 876, 768, 696, 744, 420, 444, 384, 468, 456, 420, 468, 468, 444, 468, 372, 432, 276, 408, 372, 336, 396, 288, 360, 336, 372, 408, 336, 240, 348, 396, 336, 468, 396, 432, 264, 432, 288, 372, 276, 456, 396]",44.4808920975698,11.3825231074051,6898,6894.0
4.86 0.127 4 1,"[24, 60, 48, 24, 48, 60, 24, 12, 36, 36, 12, 12, 24, 0, 12, 24, 12, 12, 36, 60, 36, 24, 0, 36, 0, 12, 12, 0, 12, 12, 0, 0, 0, 0, 12, 0, 12, 24, 0, 0, 0, 12, 0, 0, 0, 0, 0, 0, 24, 0, 12, 0, 0, 0, 24, 24, 24, 0, 0, 0, 0, 0, 0, 12, 12, 12, 0, 12, 36, 12, 12, 12, 12, 24, 12, 36, 12, 60, 48, 24, 48, 72, 60, 36, 72, 132, 84, 120, 228, 168, 168, 288, 240, 264, 300, 324, 396, 240, 504, 372, 180, 204, 300, 360, 288, 252, 324, 240, 276, 252, 288, 216, 240, 264, 132, 216, 264, 144, 276, 156, 192, 144, 192, 144, 288, 300, 192, 168, 276, 240, 192, 252, 216, 288, 228, 192, 192, 180, 132, 144, 156, 276, 144, 120, 192, 180, 192, 240, 300, 228, 120, 192, 204, 156, 120, 168, 120, 168, 204, 180, 240, 324, 288, 216, 132, 252, 192, 144, 156, 204, 228, 240, 300, 312, 264, 216, 156, 120, 180, 204, 300, 156, 144, 156, 204, 168, 60, 132, 216, 252, 156, 168, 144, 216, 168, 120, 192, 252, 228, 180, 300, 360, 300, 276, 240, 324, 276, 168, 288, 180, 240, 180, 312, 144, 240, 228, 288, 204, 288, 96, 168, 276, 144, 276, 240, 216, 192, 276, 204, 216, 192, 204, 120, 240, 264, 228, 228, 264, 264, 156, 168, 132, 144, 192, 156, 120, 132, 168, 240, 144, 48, 108, 132, 84, 72, 132, 72, 84, 96, 72, 84, 120, 84, 48, 84, 36, 72, 48, 48, 96, 60, 60, 24, 48, 48, 72, 48, 72, 72, 132, 84, 96, 48, 72, 36, 84, 48, 120]",44.4891374009068,11.3715363311425,6568,6566.0
4.86 4.16 8 1,"[48, 36, 96, 156, 60, 60, 24, 60, 96, 36, 48, 36, 72, 72, 36, 48, 24, 24, 36, 48, 24, 48, 36, 36, 0, 36, 12, 60, 24, 12, 24, 0, 24, 36, 0, 0, 12, 24, 0, 12, 0, 12, 0, 24, 0, 0, 0, 0, 0, 24, 12, 12, 0, 12, 0, 36, 12, 0, 12, 12, 24, 12, 12, 60, 0, 24, 24, 48, 24, 24, 12, 72, 36, 60, 36, 72, 72, 60, 48, 72, 156, 60, 144, 144, 96, 240, 204, 216, 180, 192, 348, 300, 528, 408, 372, 564, 492, 552, 468, 480, 444, 348, 384, 384, 300, 516, 444, 516, 372, 432, 336, 444, 312, 372, 456, 360, 348, 384, 348, 336, 348, 408, 252, 264, 336, 240, 336, 372, 300, 324, 300, 396, 336, 324, 384, 600, 420, 264, 312, 276, 372, 408, 288, 396, 444, 336, 504, 288, 384, 336, 468, 384, 444, 336, 420, 336, 372, 420, 372, 468, 336, 276, 348, 444, 408, 456, 492, 564, 456, 384, 444, 396, 336, 372, 336, 252, 348, 384, 264, 432, 312, 216, 312, 336, 360, 252, 288, 276, 492, 228, 300, 492, 372, 408, 432, 372, 336, 444, 408, 444, 492, 540, 444, 456, 372, 528, 384, 348, 540, 408, 528, 516, 492, 588, 396, 516, 396, 516, 408, 528, 540, 672, 480, 468, 552, 504, 612, 528, 624, 588, 492, 492, 360, 408, 360, 492, 360, 528, 516, 480, 420, 372, 300, 180, 276, 456, 276, 288, 336, 156, 144, 144, 240, 240, 204, 168, 120, 144, 204, 168, 180, 240, 108, 180, 192, 108, 144, 144, 108, 144, 108, 96, 108, 156, 120, 132, 120, 204, 96, 168, 132, 144, 156, 120, 48, 144, 48, 156]",44.4879762053163,11.3707371174361,6441,6439.0
4.86 4.87 2 1,"[60, 12, 24, 24, 60, 0, 60, 36, 12, 36, 36, 24, 0, 12, 12, 0, 0, 12, 0, 24, 0, 12, 12, 0, 24, 12, 0, 12, 12, 0, 0, 12, 0, 12, 0, 0, 0, 0, 0, 0, 0, 0, 12, 0, 12, 12, 0, 24, 0, 12, 0, 0, 0, 12, 0, 12, 12, 24, 12, 12, 0, 36, 12, 12, 12, 12, 12, 36, 12, 24, 48, 48, 108, 60, 48, 60, 84, 108, 108, 72, 72, 132, 72, 180, 216, 120, 132, 300, 288, 288, 384, 408, 336, 396, 300, 444, 312, 420, 432, 420, 336, 408, 288, 396, 540, 456, 372, 420, 348, 528, 336, 348, 384, 384, 372, 396, 300, 372, 336, 360, 312, 396, 408, 240, 324, 300, 252, 252, 204, 288, 228, 228, 240, 348, 264, 180, 288, 228, 324, 240, 240, 252, 192, 312, 264, 204, 228, 192, 312, 312, 288, 264, 348, 372, 348, 288, 192, 156, 288, 216, 288, 180, 228, 312, 240, 192, 264, 168, 276, 132, 144, 216, 216, 240, 252, 192, 168, 276, 168, 168, 132, 180, 228, 168, 192, 264, 168, 204, 108, 264, 144, 156, 240, 180, 216, 132, 180, 240, 192, 204, 264, 204, 240, 96, 240, 204, 168, 216, 156, 120, 228, 264, 288, 228, 180, 216, 168, 264, 192, 192, 252, 300, 264, 276, 180, 228, 216, 144, 228, 192, 264, 252, 192, 204, 240, 288, 252, 156, 276, 180, 168, 216, 192, 84, 180, 132, 156, 108, 132, 132, 108, 84, 96, 108, 156, 84, 96, 84, 48, 36, 84, 48, 72, 60, 84, 60, 60, 72, 84, 120, 48, 72, 72, 48, 60, 60, 60, 36, 36, 24, 60, 48, 60, 60, 48, 12, 72, 48]",44.48919574976592,11.366852870170122,6564,6365.0
4.86 4.87 2 2,"[-1, -1, -1, -1, -1, -1, -1, -1, -1, -1, -1, -1, -1, -1, -1, -1, -1, -1, -1, -1, -1, -1, -1, -1, -1, -1, -1, -1, -1, -1, -1, -1, -1, -1, -1, -1, -1, -1, -1, -1, -1, -1, -1, -1, -1, -1, -1, -1, -1, -1, -1, -1, -1, -1, -1, -1, -1, -1, -1, -1, -1, -1, -1, -1, -1, -1, -1, -1, -1, -1, -1, -1, -1, -1, -1, -1, -1, -1, -1, -1, -1, -1, -1, -1, -1, -1, -1, -1, -1, -1, -1, -1, -1, -1, -1, -1, -1, -1, -1, -1, -1, -1, -1, -1, -1, -1, -1, -1, -1, -1, -1, -1, -1, -1, -1, -1, -1, -1, -1, -1, -1, -1, -1, -1, -1, -1, -1, -1, -1, -1, -1, -1, -1, -1, -1, -1, -1, -1, -1, -1, -1, -1, -1, -1, -1, -1, -1, -1, -1, -1, -1, -1, -1, -1, -1, -1, -1, -1, -1, -1, -1, -1, -1, -1, -1, -1, -1, -1, -1, -1, -1, -1, -1, -1, -1, -1, -1, -1, -1, -1, -1, -1, -1, -1, -1, -1, -1, -1, -1, -1, -1, -1, -1, -1, -1, -1, -1, -1, -1, -1, -1, -1, -1, -1, -1, -1, -1, -1, -1, -1, -1, -1, -1, -1, -1, -1, -1, -1, -1, -1, -1, -1, -1, -1, -1, -1, -1, -1, -1, -1, -1, -1, -1, -1, -1, -1, -1, -1, -1, -1, -1, -1, -1, -1, -1, -1, -1, -1, -1, -1, -1, -1, -1, -1, -1, -1, -1, -1, -1, -1, -1, -1, -1, -1, -1, -1, -1, -1, -1, -1, -1, -1, -1, -1, -1, -1, -1, -1, -1, -1, -1, -1, -1, -1, -1, -1, -1, -1]",,,,
4.87 4.17 8 1,"[108, 72, 60, 60, 36, 36, 48, 72, 0, 48, 36, 24, 36, 12, 0, 36, 12, 0, 0, 36, 0, 12, 48, 0, 12, 12, 12, 0, 0, 0, 12, 0, 0, 36, 0, 0, 0, 0, 0, 12, 24, 12, 0, 12, 0, 24, 0, 0, 0, 0, 0, 12, 0, 0, 12, 0, 0, 0, 0, 0, 0, 0, 0, 36, 0, 0, 12, 12, 24, 0, 0, 36, 72, 12, 0, 12, 24, 60, 60, 36, 60, 96, 48, 36, 108, 84, 120, 156, 132, 156, 168, 168, 240, 348, 180, 168, 300, 324, 216, 168, 204, 228, 192, 204, 276, 264, 204, 204, 216, 324, 168, 168, 192, 216, 240, 180, 12, 216, 168, 156, 204, 216, 192, 144, 132, 180, 192, 192, 168, 204, 144, 216, 132, 216, 228, 108, 288, 180, 144, 240, 120, 252, 180, 228, 264, 240, 276, 300, 192, 192, 144, 240, 264, 300, 228, 192, 120, 168, 312, 312, 204, 192, 192, 240, 216, 180, 204, 156, 252, 240, 264, 288, 228, 192, 156, 156, 276, 180, 168, 144, 324, 216, 240, 144, 192, 204, 240, 204, 132, 252, 144, 204, 216, 168, 216, 252, 180, 156, 228, 300, 252, 252, 300, 144, 288, 192, 276, 264, 276, 216, 300, 312, 252, 216, 300, 324, 216, 288, 144, 408, 324, 324, 300, 372, 336, 240, 312, 252, 264, 216, 360, 360, 252, 240, 252, 348, 180, 240, 312, 180, 240, 312, 180, 228, 156, 180, 96, 192, 156, 132, 48, 96, 84, 120, 144, 48, 144, 108, 84, 48, 60, 36, 108, 120, 36, 48, 60, 36, 84, 96, 36, 84, 48, 48, 60, 36, 84, 60, 108, 72, 132, 120, 108, 48, 48, 72, 36, 60]",,,,
4.87 4.17 8 2,"[84, 108, 36, 84, 36, 48, 60, 72, 0, 60, 24, 24, 36, 12, 12, 24, 12, 0, 12, 24, 12, 24, 48, 12, 12, 12, 12, 0, 0, 0, 12, 0, 0, 36, 0, 0, 0, 0, 0, 12, 24, 12, 0, 12, 0, 36, 0, 0, 0, 0, 0, 12, 0, 0, 12, 12, 0, 12, 0, 0, 0, 0, 0, 36, 0, 0, 24, 24, 24, 0, 36, 72, 72, 12, 36, 24, 36, 96, 60, 36, 96, 96, 96, 84, 108, 120, 144, 228, 180, 228, 264, 288, 312, 324, 228, 288, 420, 372, 348, 240, 240, 420, 288, 312, 324, 396, 336, 312, 276, 504, 300, 348, 312, 396, 384, 372, 300, 384, 276, 384, 324, 432, 360, 216, 240, 336, 276, 240, 264, 372, 240, 264, 264, 312, 216, 144, 348, 240, 288, 300, 168, 312, 192, 348, 276, 324, 420, 288, 252, 288, 240, 312, 408, 468, 288, 276, 216, 228, 336, 348, 276, 264, 228, 264, 276, 216, 228, 204, 348, 240, 312, 300, 216, 216, 204, 180, 384, 192, 168, 168, 420, 264, 228, 168, 216, 252, 288, 204, 156, 324, 120, 216, 240, 204, 300, 204, 252, 216, 264, 216, 264, 300, 312, 156, 288, 252, 300, 300, 228, 276, 288, 264, 300, 216, 300, 372, 300, 228, 276, 420, 396, 312, 348, 336, 360, 240, 384, 312, 276, 264, 420, 336, 288, 288, 288, 432, 180, 216, 336, 252, 276, 300, 216, 240, 204, 180, 168, 156, 180, 132, 120, 96, 96, 120, 180, 108, 132, 96, 96, 60, 96, 72, 120, 108, 36, 72, 84, 48, 96, 84, 48, 108, 60, 60, 48, 36, 84, 72, 132, 84, 96, 120, 96, 48, 60, 96, 24, 48]",44.489052109413294,11.366171516279632,6454,6365.0
4.87 4.88 4 1,"[264, 168, 228, 228, 336, 192, 264, 96, 96, 192, 192, 96, 144, 60, 72, 48, 60, 108, 36, 48, 132, 108, 108, 60, 60, 48, 48, 48, 60, 36, 36, 48, 60, 48, 24, 48, 12, 24, 0, 48, 24, 12, 24, 24, 36, 36, 12, 72, 24, 84, 0, 60, 0, 24, 36, 48, 96, 72, 72, 36, 72, 84, 36, 132, 84, 120, 120, 168, 228, 216, 180, 144, 204, 204, 204, 228, 264, 276, 468, 408, 384, 468, 528, 636, 648, 612, 840, 1008, 1092, 1212, 1488, 1644, 1860, 1872, 1572, 1548, 1704, 1752, 1848, 2076, 1764, 1596, 1500, 1620, 1584, 1908, 1284, 1380, 1752, 1620, 1200, 1308, 1176, 1380, 1704, 1404, 1572, 1212, 1176, 1008, 1044, 1068, 1404, 1044, 1212, 1044, 1152, 1044, 1116, 1272, 1020, 1164, 948, 1044, 1488, 888, 1140, 1296, 1200, 1260, 1080, 1032, 1056, 1152, 1020, 1296, 1284, 1164, 1200, 1308, 1200, 1128, 1128, 1152, 1152, 1152, 1152, 912, 1332, 1056, 1200, 1020, 1308, 1200, 1140, 1080, 1032, 1080, 1104, 888, 1056, 1128, 1212, 1104, 1080, 960, 948, 1140, 996, 972, 1152, 984, 996, 876, 912, 984, 1032, 912, 1152, 1032, 864, 792, 1092, 1152, 768, 852, 1032, 1092, 840, 1140, 1272, 900, 1296, 936, 828, 1068, 948, 1140, 1284, 1116, 1128, 1188, 1176, 1512, 900, 984, 1248, 1008, 1092, 1200, 1224, 1176, 1008, 1008, 1104, 732, 1044, 984, 912, 1032, 1032, 1236, 948, 924, 1020, 1224, 1020, 1188, 1260, 936, 996, 996, 756, 996, 720, 1104, 720, 720, 852, 684, 480, 360, 444, 444, 588, 408, 564, 276, 372, 456, 408, 276, 300, 288, 564, 312, 432, 372, 384, 360, 312, 348, 372, 228, 444, 324, 300, 276, 216, 336, 324, 324, 192, 372, 336, 300, 300, 300]",44.48954045339875,11.366198373070214,6562,6365.0
4.88 4.6 4 1,"[132, 84, 156, 156, 228, 132, 192, 84, 96, 120, 132, 96, 132, 48, 48, 12, 36, 60, 48, 60, 120, 24, 108, 48, 48, 48, 60, 36, 48, 24, 24, 36, 72, 24, 12, 48, 12, 12, 0, 24, 12, 0, 24, 0, 48, 24, 12, 48, 12, 72, 0, 48, 0, 12, 60, 24, 48, 60, 60, 36, 48, 48, 48, 96, 48, 96, 96, 72, 192, 180, 168, 72, 156, 192, 192, 168, 192, 240, 408, 312, 216, 336, 504, 516, 420, 528, 552, 780, 792, 972, 1068, 1008, 1296, 1344, 1428, 1080, 1020, 1188, 1068, 1512, 1320, 1272, 1188, 1104, 1128, 1296, 1116, 1128, 1092, 1080, 888, 972, 936, 984, 1152, 912, 996, 876, 756, 852, 828, 732, 984, 744, 840, 684, 912, 684, 876, 852, 888, 840, 732, 912, 972, 792, 792, 948, 816, 936, 864, 744, 840, 708, 696, 864, 900, 888, 792, 828, 936, 828, 804, 780, 756, 816, 768, 888, 864, 936, 1032, 768, 864, 876, 780, 948, 708, 756, 768, 816, 756, 924, 1044, 816, 684, 804, 720, 768, 792, 744, 924, 672, 540, 660, 768, 624, 636, 648, 888, 804, 540, 648, 852, 864, 612, 624, 864, 1032, 660, 792, 816, 792, 864, 792, 696, 720, 828, 732, 1020, 852, 732, 864, 912, 1008, 660, 672, 876, 624, 720, 1008, 816, 900, 624, 684, 804, 540, 660, 804, 672, 744, 636, 720, 648, 660, 672, 912, 684, 828, 792, 780, 732, 732, 528, 576, 744, 744, 540, 408, 636, 468, 408, 312, 276, 360, 384, 336, 312, 264, 204, 288, 312, 216, 204, 216, 360, 264, 324, 276, 288, 252, 264, 312, 324, 180, 300, 264, 228, 192, 156, 288, 300, 288, 120, 276, 228, 192, 228, 264]",,,,
4.88 4.6 4 2,"[228, 60, 228, 192, 300, 144, 264, 96, 108, 120, 132, 96, 144, 60, 60, 24, 72, 72, 48, 72, 144, 24, 108, 60, 72, 36, 36, 48, 48, 24, 24, 36, 84, 24, 12, 48, 12, 24, 0, 24, 36, 12, 24, 12, 48, 36, 24, 60, 24, 84, 0, 60, 0, 12, 48, 36, 72, 60, 72, 36, 48, 60, 48, 96, 108, 120, 108, 108, 216, 216, 168, 108, 180, 168, 204, 192, 276, 216, 420, 348, 288, 420, 552, 564, 492, 480, 624, 1020, 936, 1080, 1356, 1188, 1440, 1548, 1488, 1236, 1248, 1488, 1284, 1596, 1452, 1308, 1284, 1404, 1344, 1668, 1344, 1248, 1344, 1200, 1020, 1200, 1092, 1212, 1344, 1116, 1224, 996, 924, 936, 876, 804, 1152, 972, 972, 720, 936, 924, 864, 1068, 996, 972, 864, 984, 1308, 696, 1008, 1044, 888, 1056, 936, 852, 996, 684, 744, 1020, 984, 1080, 972, 936, 1008, 984, 936, 936, 888, 996, 948, 924, 1080, 984, 1140, 888, 1032, 1020, 984, 948, 828, 876, 936, 960, 984, 1080, 1200, 864, 864, 792, 912, 852, 852, 1044, 888, 636, 744, 792, 828, 720, 720, 732, 1152, 828, 600, 768, 888, 888, 744, 732, 912, 1128, 732, 1008, 912, 888, 1068, 804, 732, 888, 864, 984, 1152, 936, 912, 888, 948, 1140, 756, 624, 936, 672, 1008, 648, 864, 1188, 804, 864, 912, 660, 732, 768, 684, 900, 756, 984, 660, 864, 816, 1056, 876, 888, 936, 828, 912, 900, 636, 804, 768, 912, 468, 672, 708, 588, 384, 384, 372, 408, 540, 408, 468, 300, 240, 432, 348, 228, 228, 312, 492, 240, 432, 396, 312, 264, 348, 288, 420, 180, 420, 324, 288, 228, 192, 372, 324, 252, 192, 300, 336, 192, 312, 384]",44.49091425974863,11.366095334670003,6558,6562.0
4.88 4.86 6 1,"[-1, -1, -1, -1, -1, -1, -1, -1, -1, -1, -1, -1, -1, -1, -1, -1, -1, -1, -1, -1, -1, -1, -1, -1, -1, -1, -1, -1, -1, -1, -1, -1, -1, -1, -1, -1, -1, -1, -1, -1, -1, -1, -1, -1, -1, -1, -1, -1, -1, -1, -1, -1, -1, -1, -1, -1, -1, -1, -1, -1, -1, -1, -1, -1, -1, -1, -1, -1, -1, -1, -1, -1, -1, -1, -1, -1, -1, -1, -1, -1, -1, -1, -1, -1, -1, -1, -1, -1, -1, -1, -1, -1, -1, -1, -1, -1, -1, -1, -1, -1, -1, -1, -1, -1, -1, -1, -1, -1, -1, -1, -1, -1, -1, -1, -1, -1, -1, -1, -1, -1, -1, -1, -1, -1, -1, -1, -1, -1, -1, -1, -1, -1, -1, -1, -1, -1, -1, -1, -1, -1, -1, -1, -1, -1, -1, -1, -1, -1, -1, -1, -1, -1, -1, -1, -1, -1, -1, -1, -1, -1, -1, -1, -1, -1, -1, -1, -1, -1, -1, -1, -1, -1, -1, -1, -1, -1, -1, -1, -1, -1, -1, -1, -1, -1, -1, -1, -1, -1, -1, -1, -1, -1, -1, -1, -1, -1, -1, -1, -1, -1, -1, -1, -1, -1, -1, -1, -1, -1, -1, -1, -1, -1, -1, -1, -1, -1, -1, -1, -1, -1, -1, -1, -1, -1, -1, -1, -1, -1, -1, -1, -1, -1, -1, -1, -1, -1, -1, -1, -1, -1, -1, -1, -1, -1, -1, -1, -1, -1, -1, -1, -1, -1, -1, -1, -1, -1, -1, -1, -1, -1, -1, -1, -1, -1, -1, -1, -1, -1, -1, -1, -1, -1, -1, -1, -1, -1, -1, -1, -1, -1, -1, -1, -1, -1, -1, -1, -1, -1]",,,,
4.88 4.86 6 2,"[0, 48, 24, 24, 36, 60, 24, 0, 0, 24, 24, 12, 12, 12, 12, 12, 12, 0, 0, 12, 12, 0, 0, 0, 0, 0, 0, 0, 12, 12, 0, 0, 0, 0, 12, 0, 0, 0, 0, 0, 0, 0, 0, 0, 12, 12, 0, 12, 0, 0, 0, 0, 0, 0, 0, 0, 24, 0, 0, 0, 0, 0, 0, 0, 0, 0, 0, 0, 24, 24, 12, 12, 48, 48, 24, 24, 12, 72, 36, 24, 36, 12, 24, 12, 0, 48, 60, 48, 60, 84, 84, 120, 132, 96, 72, 108, 144, 48, 108, 192, 216, 168, 120, 96, 180, 96, 108, 96, 180, 180, 156, 84, 156, 156, 156, 168, 108, 132, 180, 72, 84, 84, 120, 84, 60, 132, 84, 144, 84, 108, 144, 84, 60, 96, 180, 132, 72, 180, 168, 120, 84, 108, 156, 228, 156, 168, 168, 180, 120, 132, 144, 144, 156, 48, 180, 156, 132, 168, 192, 60, 84, 156, 108, 72, 156, 84, 168, 72, 72, 168, 96, 144, 48, 60, 180, 60, 120, 96, 168, 96, 144, 156, 144, 120, 24, 156, 60, 48, 120, 96, 108, 96, 108, 36, 24, 108, 96, 60, 48, 108, 144, 96, 192, 48, 144, 84, 96, 84, 120, 84, 96, 120, 72, 156, 156, 144, 144, 156, 144, 144, 120, 132, 108, 240, 84, 156, 204, 132, 72, 144, 144, 84, 72, 132, 84, 96, 132, 144, 108, 132, 96, 96, 84, 84, 96, 84, 96, 60, 24, 72, 36, 12, 48, 24, 84, 60, 60, 60, 24, 0, 72, 12, 36, 24, 12, 36, 24, 12, 60, 24, 0, 24, 36, 24, 72, 48, 0, 48, 0, 36, 24, 48, 72, 48, 48, 60, 12, 0]",44.49063628895752,11.36642615151493,6563,6562.0
4.88 4.87 8 1,"[0, 0, 0, 0, 0, 0, 0, 0, 0, 0, 0, 0, 0, 0, 0, 0, 0, 0, 0, 0, 0, 0, 0, 0, 0, 0, 0, 0, 0, 0, 0, 0, 0, 0, 0, 0, 0, 0, 0, 0, 0, 0, 0, 0, 0, 0, 0, 0, 0, 0, 0, 0, 0, 0, 0, 0, 0, 0, 0, 0, 0, 0, 0, 0, 0, 0, 0, 0, 0, 0, 0, 0, 0, 0, 0, 0, 0, 0, 0, 0, 0, 0, 0, 0, 0, 0, 0, 0, 0, 0, 0, 0, 0, 0, 0, 0, 0, 0, 0, 0, 0, 0, 0, 0, 0, 0, 0, 0, 0, 0, 0, 0, 0, 0, 0, 0, 0, 0, 0, 0, 0, 0, 0, 0, 0, 0, 0, 0, 0, 0, 0, 0, 0, 0, 0, 0, 0, 0, 0, 0, 0, 0, 0, 0, 0, 0, 0, 0, 0, 0, 0, 0, 0, 0, 0, 0, 0, 0, 0, 0, 0, 0, 0, 0, 0, 0, 0, 0, 0, 0, 0, 0, 0, 0, 0, 0, 0, 0, 0, 0, 0, 0, 0, 0, 0, 0, 0, 0, 0, 0, 0, 0, 0, 0, 0, 0, 0, 0, 0, 0, 0, 0, 0, 0, 0, 0, 0, 0, 0, 0, 0, 0, 0, 0, 0, 0, 0, 0, 0, 0, 0, 0, 0, 0, 0, 0, 0, 0, 0, 0, 0, 0, 0, 0, 0, 0, 0, 0, 0, 0, 0, 0, 0, 0, 0, 0, 0, 0, 0, 0, 0, 0, 0, 0, 0, 0, 0, 0, 0, 0, 0, 0, 0, 0, 0, 0, 0, 0, 0, 0, 0, 0, 0, 0, 0, 0, 0, 0, 0, 0, 0, 0, 0, 0, 0, 0, 0, 0]",44.49063097571317,11.366058408006234,6562,6365.0
4.89 4.13 2 1,"[12, 12, 24, 12, 0, 0, 0, 0, 12, 0, 0, 12, 0, 0, 0, 0, 0, 0, 0, 0, 12, 12, 0, 0, 0, 0, 0, 0, 12, 12, 0, 0, 0, 0, 0, 0, 0, 0, 0, 0, 0, 12, 0, 0, 0, 12, 0, 0, 0, 0, 0, 0, 0, 0, 0, 0, 0, 0, 0, 12, 0, 0, 0, 0, 12, 36, 0, 0, 0, 0, 24, 0, 12, 0, 12, 0, 36, 0, 0, 0, 48, 36, 12, 36, 24, 12, 12, 36, 12, 84, 36, 24, 60, 84, 24, 96, 48, 48, 72, 24, 60, 24, 48, 72, 48, 72, 84, 36, 60, 12, 72, 48, 24, 96, 24, 36, 84, 36, 24, 72, 36, 48, 48, 96, 0, 60, 60, 36, 24, 72, 24, 12, 12, 12, 24, 24, 96, 48, 36, 48, 12, 48, 36, 60, 24, 36, 36, 60, 12, 36, 96, 48, 72, 60, 84, 0, 24, 24, 48, 36, 60, 84, 0, 36, 36, 24, 0, 12, 12, 12, 12, 24, 72, 60, 36, 36, 36, 12, 12, 48, 48, 24, 0, 48, 108, 48, 24, 24, 0, 72, 12, 144, 60, 36, 48, 60, 60, 72, 84, 60, 48, 36, 60, 72, 60, 24, 24, 60, 24, 24, 36, 48, 72, 24, 60, 36, 36, 72, 48, 48, 24, 24, 132, 48, 60, 84, 24, 72, 48, 36, 36, 24, 36, 48, 36, 36, 48, 0, 36, 36, 36, 12, 48, 24, 48, 36, 48, 0, 0, 24, 0, 12, 12, 24, 24, 36, 0, 24, 12, 72, 24, 0, 0, 12, 0, 0, 0, 24, 12, 0, 12, 12, 12, 0, 0, 12, 12, 0, 0, 0, 0, 24, 0, 24, 12, 12, 12, 12]",44.4777520815542,11.3852401806966,6735,16388.0
4.89 4.13 2 2,"[0, 0, 12, 24, 0, 0, 12, 12, 12, 0, 0, 0, 0, 0, 0, 0, 0, 0, 0, 0, 0, 0, 0, 0, 0, 0, 0, 0, 516, 756, 156, 0, 0, 636, 672, 108, 0, 12, 696, 708, 96, 12, 48, 684, 720, 36, 0, 96, 696, 708, 0, 0, 120, 648, 660, 12, 0, 156, 660, 612, 0, 0, 204, 672, 624, 72, 72, 240, 684, 588, 36, 36, 324, 696, 552, 96, 60, 276, 720, 504, 180, 108, 420, 684, 636, 216, 192, 480, 816, 660, 288, 336, 588, 888, 636, 420, 228, 624, 864, 528, 300, 264, 564, 792, 540, 420, 444, 696, 864, 408, 324, 396, 708, 780, 444, 240, 312, 696, 744, 420, 240, 216, 828, 828, 204, 264, 372, 768, 756, 264, 216, 336, 768, 816, 180, 384, 336, 708, 756, 192, 120, 360, 540, 60, 12, 0, 300, 852, 648, 240, 252, 504, 816, 732, 276, 204, 360, 804, 672, 252, 240, 528, 816, 564, 192, 204, 420, 792, 540, 72, 108, 552, 756, 480, 360, 240, 528, 744, 492, 156, 216, 660, 744, 468, 288, 288, 660, 864, 348, 264, 216, 696, 720, 372, 264, 216, 756, 888, 276, 216, 276, 816, 720, 336, 348, 432, 756, 756, 264, 252, 444, 708, 708, 192, 348, 516, 768, 696, 324, 288, 636, 864, 612, 276, 288, 564, 852, 492, 192, 48, 36, 60, 12, 48, 36, 648, 732, 288, 252, 204, 696, 708, 324, 168, 216, 792, 780, 228, 216, 288, 696, 696, 120, 132, 324, 696, 660, 144, 72, 384, 660, 576, 72, 36, 348, 708, 564, 60, 72, 408, 876, 504, 72, 48, 420, 60, 288, 72, 36, 468, 732, 312, 132, 60, 564, 756, 240, 48]",44.4798044650147,11.3836757956825,6906,6736.0
4.89 4.14 6 1,"[0, 24, 0, 0, 0, 0, 0, 0, 0, 12, 0, 12, 0, 0, 0, 0, 0, 12, 12, 0, 0, 12, 0, 12, 0, 12, 0, 0, 0, 0, 0, 0, 0, 0, 0, 0, 0, 0, 0, 0, 0, 0, 0, 0, 0, 0, 0, 12, 0, 0, 0, 0, 0, 0, 0, 0, 0, 0, 12, 0, 0, 0, 0, 0, 0, 12, 0, 0, 12, 0, 0, 0, 0, 24, 0, 0, 12, 24, 0, 0, 72, 12, 36, 12, 12, 24, 12, 36, 12, 0, 48, 0, 36, 12, 60, 48, 12, 60, 24, 48, 24, 0, 36, 24, 48, 24, 12, 24, 36, 24, 36, 36, 24, 72, 0, 60, 12, 36, 24, 24, 36, 24, 12, 12, 12, 48, 36, 60, 60, 0, 0, 48, 48, 48, 60, 24, 96, 24, 60, 48, 48, 36, 60, 12, 24, 0, 60, 48, 36, 24, 24, 24, 24, 36, 36, 48, 48, 48, 24, 24, 36, 36, 48, 48, 36, 72, 24, 12, 12, 24, 48, 12, 36, 12, 36, 24, 12, 48, 36, 24, 24, 60, 0, 60, 12, 60, 36, 36, 24, 72, 72, 72, 24, 0, 48, 36, 48, 24, 48, 12, 24, 36, 36, 36, 24, 72, 24, 24, 48, 48, 12, 48, 24, 12, 48, 24, 60, 24, 24, 12, 72, 84, 60, 48, 0, 24, 36, 72, 96, 96, 84, 36, 48, 84, 12, 24, 36, 48, 24, 12, 60, 24, 24, 12, 12, 48, 36, 36, 36, 0, 36, 24, 12, 12, 12, 24, 48, 12, 0, 0, 12, 24, 12, 0, 0, 24, 0, 12, 12, 12, 0, 0, 12, 24, 12, 12, 48, 24, 0, 12, 36, 0, 12, 0, 12, 0, 0, 24]",44.476314176524,11.3866991107286,6774,6775.0
4.89 4.55 4 1,"[0, 0, 0, 0, 0, 0, 0, 0, 0, 0, 0, 0, 0, 0, 0, 0, 0, 0, 0, 0, 0, 0, 0, 0, 0, 0, 0, 0, 0, 0, 0, 0, 0, 0, 0, 0, 0, 0, 0, 0, 0, 0, 0, 0, 0, 0, 0, 0, 0, 0, 0, 0, 0, 0, 0, 0, 0, 0, 0, 0, 0, 0, 0, 0, 0, 0, 0, 0, 0, 0, 0, 0, 0, 0, 0, 0, 0, 0, 0, 0, 0, 0, 0, 0, 0, 0, 0, 0, 0, 0, 0, 0, 0, 0, 0, 0, 0, 0, 0, 0, 0, 0, 0, 0, 0, 0, 0, 0, 0, 0, 0, 0, 0, 0, 0, 0, 0, 0, 0, 0, 0, 0, 0, 0, 0, 0, 0, 0, 0, 0, 0, 0, 0, 0, 0, 0, 0, 0, 0, 0, 0, 0, 0, 0, 0, 0, 0, 0, 0, 0, 0, 0, 0, 0, 0, 0, 0, 0, 0, 0, 0, 0, 0, 0, 0, 0, 0, 0, 0, 0, 0, 0, 0, 0, 0, 0, 0, 0, 0, 0, 0, 0, 0, 0, 0, 0, 0, 0, 0, 0, 0, 0, 0, 0, 0, 0, 0, 0, 0, 0, 0, 0, 0, 0, 0, 0, 0, 0, 0, 0, 0, 0, 0, 0, 0, 0, 0, 0, 0, 0, 0, 0, 0, 0, 0, 0, 0, 0, 0, 0, 0, 0, 0, 0, 0, 0, 0, 0, 0, 0, 0, 0, 0, 0, 0, 0, 0, 0, 0, 0, 0, 0, 0, 0, 0, 0, 0, 0, 0, 0, 0, 0, 0, 0, 0, 0, 0, 0, 0, 0, 0, 0, 0, 0, 0, 0, 0, 0, 0, 0, 0, 0, 0, 0, 0, 0, 0, 0]",44.4776913717682,11.385812641054,6735,6805.0
4.89 4.55 4 2,"[24, 24, 0, 12, 48, 24, 12, 12, 24, 36, 0, 12, 12, 0, 12, 12, 0, 12, 12, 0, 0, 0, 12, 0, 0, 0, 0, 0, 36, 0, 0, 0, 0, 12, 24, 0, 0, 0, 0, 0, 0, 0, 0, 0, 0, 12, 0, 0, 0, 0, 0, 0, 0, 24, 0, 12, 0, 0, 0, 0, 0, 0, 12, 0, 12, 12, 0, 12, 36, 12, 0, 24, 48, 12, 12, 24, 36, 36, 48, 24, 36, 60, 60, 60, 84, 96, 60, 72, 108, 72, 144, 108, 108, 108, 96, 132, 192, 132, 252, 84, 264, 132, 72, 168, 96, 180, 216, 180, 168, 96, 156, 60, 96, 180, 120, 168, 120, 156, 120, 72, 96, 108, 120, 156, 144, 120, 144, 84, 108, 168, 144, 132, 168, 156, 60, 108, 120, 132, 36, 120, 84, 72, 120, 156, 96, 120, 144, 108, 144, 108, 108, 132, 144, 96, 156, 108, 156, 72, 120, 132, 72, 48, 108, 108, 84, 72, 48, 120, 168, 132, 108, 96, 108, 192, 72, 192, 84, 96, 96, 132, 180, 96, 120, 108, 96, 72, 96, 120, 144, 72, 144, 144, 132, 84, 84, 132, 156, 72, 180, 168, 108, 120, 132, 96, 168, 120, 204, 180, 204, 120, 156, 132, 180, 60, 84, 84, 108, 156, 180, 96, 36, 48, 84, 168, 156, 144, 96, 84, 204, 132, 60, 168, 168, 132, 96, 240, 108, 108, 180, 120, 144, 144, 96, 72, 48, 96, 96, 48, 96, 204, 180, 144, 84, 72, 60, 84, 48, 48, 48, 24, 24, 36, 24, 36, 24, 48, 12, 36, 36, 12, 12, 12, 60, 24, 12, 12, 12, 72, 24, 48, 48, 36, 60, 0, 24, 48, 48, 24]",44.478605243338,11.3868956612591,6735,6805.0
4.89 4.89 2 1,"[0, 0, 0, 0, 0, 12, 0, 0, 0, 0, 0, 0, 0, 12, 0, 0, 0, 0, 12, 0, 0, 0, 0, 0, 0, 0, 0, 0, 0, 0, 0, 0, 0, 12, 0, 0, 0, 0, 0, 0, 0, 0, 0, 24, 0, 0, 0, 0, 12, 0, 0, 0, 0, 0, 0, 0, 0, 0, 12, 12, 0, 0, 0, 12, 0, 0, 0, 0, 0, 12, 12, 0, 24, 0, 12, 12, 0, 0, 0, 36, 12, 12, 12, 36, 12, 12, 36, 12, 12, 48, 12, 72, 36, 36, 36, 96, 48, 48, 72, 60, 24, 24, 48, 84, 48, 60, 96, 60, 60, 72, 36, 60, 36, 84, 48, 48, 72, 36, 12, 24, 0, 72, 48, 36, 36, 24, 48, 36, 36, 24, 48, 24, 36, 36, 0, 96, 48, 36, 24, 48, 24, 72, 36, 36, 24, 48, 60, 48, 48, 24, 12, 12, 36, 96, 72, 48, 60, 36, 36, 24, 12, 48, 36, 36, 48, 24, 24, 24, 48, 36, 72, 36, 36, 48, 36, 36, 12, 0, 96, 36, 36, 48, 24, 48, 60, 24, 48, 48, 0, 12, 72, 12, 48, 24, 60, 24, 12, 24, 48, 48, 72, 36, 24, 24, 72, 12, 24, 12, 48, 96, 72, 72, 60, 72, 36, 48, 24, 36, 60, 12, 24, 48, 60, 12, 12, 72, 24, 12, 48, 12, 12, 24, 36, 36, 48, 36, 60, 24, 36, 36, 60, 12, 12, 24, 36, 0, 24, 84, 36, 48, 24, 24, 48, 0, 48, 36, 12, 12, 0, 36, 24, 12, 12, 12, 0, 12, 0, 12, 12, 12, 24, 12, 0, 0, 12, 24, 24, 0, 12, 0, 24, 36, 0, 0, 24, 12, 0, 12]",44.4772975443881,11.3856681029664,6774,6735.0
4.89 4.89 6 1,"[12, 24, 0, 12, 12, 12, 0, 0, 0, 12, 0, 0, 12, 0, 0, 12, 0, 0, 12, 0, 0, 0, 0, 12, 0, 0, 0, 0, 0, 0, 0, 0, 0, 0, 0, 0, 12, 0, 0, 0, 0, 0, 0, 0, 0, 0, 0, 0, 0, 0, 0, 0, 0, 0, 0, 0, 0, 12, 12, 0, 0, 0, 0, 0, 0, 12, 0, 0, 12, 12, 12, 12, 24, 24, 12, 12, 12, 0, 0, 12, 24, 0, 48, 12, 0, 36, 12, 0, 24, 36, 72, 24, 36, 12, 60, 24, 48, 48, 60, 36, 60, 60, 36, 48, 24, 36, 24, 48, 12, 0, 36, 12, 12, 24, 48, 96, 36, 24, 36, 36, 24, 12, 24, 36, 12, 72, 24, 36, 48, 36, 12, 36, 36, 36, 12, 36, 48, 96, 60, 96, 84, 60, 48, 48, 12, 60, 72, 12, 24, 48, 84, 48, 48, 36, 36, 60, 36, 0, 48, 48, 12, 48, 36, 48, 0, 0, 12, 12, 48, 36, 72, 24, 0, 36, 48, 36, 24, 36, 48, 48, 36, 36, 36, 48, 72, 84, 36, 24, 60, 60, 60, 60, 24, 12, 36, 48, 60, 72, 84, 60, 12, 84, 36, 36, 36, 36, 36, 96, 24, 12, 84, 24, 48, 48, 12, 36, 0, 48, 36, 72, 48, 60, 60, 96, 12, 12, 60, 72, 48, 48, 48, 12, 36, 12, 12, 48, 84, 24, 96, 48, 24, 72, 48, 24, 0, 72, 12, 48, 12, 48, 24, 12, 36, 0, 12, 60, 36, 60, 0, 0, 24, 12, 0, 12, 12, 12, 0, 12, 12, 24, 12, 36, 0, 24, 12, 36, 24, 0, 24, 0, 0, 12, 0, 36, 12, 0, 12, 12]",44.4771766083559,11.3856177377172,6735,6774.0
4.89 4.90 8 1,"[36, 12, 24, 12, 24, 48, 0, 12, 0, 0, 12, 12, 0, 12, 24, 0, 12, 24, 36, 0, 12, 12, 36, 12, 0, 0, 0, 24, 0, 0, 12, 0, 0, 0, 12, 0, 0, 0, 0, 0, 0, 0, 0, 0, 0, 12, 0, 0, 0, 0, 0, 0, 0, 0, 0, 0, 0, 12, 0, 0, 0, 0, 0, 0, 0, 24, 12, 12, 0, 0, 0, 12, 12, 0, 0, 48, 12, 0, 12, 36, 12, 48, 48, 12, 12, 96, 60, 60, 48, 12, 132, 120, 132, 192, 252, 72, 120, 132, 156, 108, 108, 108, 144, 120, 132, 132, 120, 168, 120, 168, 108, 120, 120, 216, 96, 120, 72, 120, 132, 108, 84, 96, 72, 132, 108, 0, 96, 132, 156, 156, 108, 84, 180, 72, 168, 120, 72, 84, 132, 120, 180, 108, 24, 120, 60, 132, 108, 108, 168, 132, 60, 252, 96, 240, 96, 120, 108, 96, 108, 144, 36, 108, 144, 96, 132, 96, 36, 120, 108, 84, 192, 144, 60, 120, 48, 48, 144, 84, 180, 60, 96, 120, 72, 84, 120, 72, 84, 96, 36, 120, 168, 132, 108, 120, 120, 120, 120, 228, 168, 144, 180, 168, 132, 168, 180, 144, 120, 72, 216, 192, 72, 156, 132, 132, 72, 108, 156, 132, 132, 120, 144, 204, 96, 156, 216, 180, 144, 120, 192, 120, 48, 192, 168, 168, 72, 156, 132, 192, 84, 132, 108, 96, 96, 60, 120, 96, 84, 84, 72, 108, 36, 36, 48, 36, 48, 48, 96, 72, 48, 36, 48, 36, 48, 96, 48, 48, 12, 36, 48, 60, 60, 24, 12, 36, 36, 24, 48, 36, 36, 48, 36, 24, 24, 36, 12, 24, 12, 36]",44.476792574169,11.3834422915836,15654,6744.0
4.90 0.127 6 1,"[36, 0, 24, 12, 24, 0, 0, 24, 24, 0, 36, 0, 12, 12, 24, 24, 24, 0, 24, 0, 36, 36, 36, 0, 0, 0, 12, 12, 12, 0, 12, 0, 12, 0, 0, 0, 0, 0, 0, 0, 0, 0, 0, 0, 0, 0, 0, 0, 0, 12, 0, 0, 0, 12, 0, 0, 0, 12, 0, 0, 0, 0, 0, 0, 12, 36, 0, 0, 0, 0, 0, 0, 24, 12, 24, 0, 36, 0, 12, 48, 12, 36, 36, 12, 24, 48, 24, 60, 84, 60, 132, 84, 132, 48, 96, 204, 180, 216, 240, 96, 156, 60, 108, 180, 120, 84, 192, 204, 180, 180, 72, 84, 132, 144, 84, 60, 180, 72, 216, 192, 156, 72, 96, 132, 204, 180, 180, 108, 144, 168, 168, 96, 156, 24, 156, 132, 156, 96, 192, 156, 96, 108, 48, 120, 168, 108, 144, 168, 228, 204, 108, 144, 168, 156, 120, 96, 36, 96, 60, 108, 108, 120, 144, 72, 108, 72, 108, 120, 108, 156, 168, 96, 180, 144, 120, 48, 132, 156, 132, 132, 108, 144, 84, 144, 156, 72, 192, 96, 132, 120, 144, 168, 168, 84, 132, 132, 216, 156, 156, 96, 192, 144, 228, 132, 204, 132, 168, 156, 216, 144, 168, 192, 180, 120, 192, 156, 204, 228, 84, 180, 156, 204, 108, 156, 144, 192, 216, 168, 192, 216, 132, 84, 156, 144, 144, 120, 108, 72, 60, 168, 144, 120, 144, 132, 96, 180, 96, 108, 84, 108, 60, 36, 72, 60, 48, 36, 120, 60, 132, 60, 36, 48, 0, 96, 24, 48, 24, 84, 24, 24, 12, 24, 12, 36, 24, 36, 72, 48, 36, 12, 96, 60, 36, 12, 36, 12, 48, 72]",44.4764641194234,11.3833062246919,6744,6745.0
4.90 4.89 4 1,"[0, 12, 24, 0, 0, 0, 0, 0, 0, 0, 12, 24, 36, 0, 12, 12, 0, 0, 0, 0, 0, 0, 0, 0, 0, 0, 0, 0, 0, 0, 0, 0, 0, 12, 12, 0, 0, 0, 0, 0, 0, 0, 0, 0, 0, 12, 0, 0, 0, 0, 0, 0, 0, 0, 0, 0, 0, 0, 0, 0, 0, 0, 0, 0, 12, 0, 24, 0, 12, 0, 12, 12, 24, 0, 24, 0, 12, 12, 12, 12, 0, 12, 24, 0, 12, 60, 36, 0, 48, 36, 12, 24, 48, 36, 60, 72, 72, 72, 156, 24, 84, 48, 60, 24, 48, 60, 60, 24, 84, 24, 24, 0, 36, 48, 12, 108, 12, 96, 36, 36, 84, 60, 0, 84, 36, 36, 12, 36, 12, 36, 60, 24, 84, 36, 24, 36, 60, 48, 12, 48, 12, 36, 48, 60, 36, 60, 48, 48, 36, 24, 36, 36, 24, 60, 72, 48, 60, 48, 72, 48, 60, 12, 24, 36, 12, 24, 24, 48, 84, 48, 24, 12, 48, 36, 12, 60, 48, 24, 48, 60, 60, 24, 24, 12, 36, 36, 48, 24, 72, 36, 48, 108, 24, 72, 24, 24, 84, 48, 48, 60, 24, 24, 60, 48, 60, 12, 72, 36, 84, 48, 48, 60, 0, 24, 60, 24, 108, 72, 36, 36, 48, 36, 60, 84, 36, 12, 60, 60, 72, 72, 24, 0, 36, 36, 48, 36, 36, 12, 60, 36, 48, 60, 36, 72, 24, 24, 12, 24, 36, 12, 12, 24, 0, 48, 0, 0, 0, 36, 12, 36, 48, 0, 12, 24, 0, 0, 0, 48, 0, 0, 0, 12, 36, 12, 0, 12, 24, 0, 12, 0, 0, 0, 24, 12, 60, 12, 24, 12]",44.47737930042,11.3850637437303,15654,6735.0
4.90 4.91 2 1,"[0, 0, 0, 12, 0, 24, 36, 12, 0, 0, 24, 24, 12, 12, 24, 0, 12, 24, 12, 0, 0, 48, 12, 0, 12, 0, 0, 24, 0, 0, 0, 0, 0, 0, 0, 12, 0, 0, 12, 0, 0, 0, 0, 0, 0, 0, 0, 0, 0, 0, 0, 0, 0, 0, 0, 0, 0, 12, 0, 0, 0, 0, 0, 0, 12, 0, 12, 12, 12, 24, 0, 48, 24, 12, 12, 12, 24, 36, 36, 72, 60, 12, 84, 36, 36, 36, 72, 48, 48, 24, 108, 96, 156, 60, 144, 60, 96, 144, 96, 144, 168, 108, 96, 168, 72, 84, 120, 132, 96, 108, 156, 72, 132, 216, 132, 144, 108, 96, 180, 108, 156, 168, 96, 156, 108, 144, 108, 96, 108, 72, 216, 108, 216, 96, 132, 156, 72, 96, 120, 108, 132, 84, 60, 84, 84, 108, 84, 204, 132, 168, 144, 132, 96, 108, 60, 96, 108, 108, 132, 108, 108, 168, 132, 120, 108, 120, 108, 156, 156, 96, 204, 132, 156, 84, 72, 36, 96, 108, 204, 84, 96, 120, 72, 120, 96, 120, 36, 96, 72, 96, 132, 120, 84, 144, 108, 204, 156, 144, 192, 96, 192, 168, 132, 156, 216, 132, 120, 156, 240, 228, 144, 216, 120, 204, 132, 192, 120, 168, 204, 192, 216, 180, 132, 132, 144, 144, 168, 192, 144, 216, 72, 144, 108, 156, 84, 96, 144, 120, 168, 144, 132, 108, 204, 96, 120, 72, 72, 132, 84, 96, 60, 120, 60, 60, 60, 48, 60, 108, 72, 60, 72, 48, 36, 48, 36, 24, 24, 60, 72, 12, 84, 24, 24, 72, 72, 24, 12, 24, 24, 12, 48, 24, 24, 12, 36, 12, 24, 0]",44.4768605829008,11.3830699818228,6744,6770.0
4.91 4.13 4 1,"[168, 120, 84, 156, 132, 84, 108, 96, 108, 24, 96, 72, 60, 108, 24, 72, 48, 96, 60, 48, 36, 48, 36, 48, 36, 48, 12, 36, 0, 24, 36, 24, 12, 36, 12, 48, 24, 48, 24, 24, 0, 0, 48, 24, 12, 36, 60, 72, 72, 48, 12, 72, 60, 12, 60, 84, 60, 36, 96, 84, 72, 60, 84, 120, 144, 108, 144, 192, 120, 132, 108, 192, 204, 228, 192, 192, 168, 300, 276, 504, 336, 480, 480, 408, 444, 660, 636, 672, 624, 864, 732, 1008, 804, 924, 900, 720, 696, 948, 864, 864, 804, 684, 684, 732, 1056, 804, 792, 648, 696, 732, 828, 720, 768, 516, 684, 756, 684, 684, 816, 624, 576, 780, 600, 756, 444, 552, 660, 732, 612, 576, 636, 708, 684, 636, 564, 648, 540, 648, 564, 552, 624, 660, 360, 504, 528, 588, 468, 516, 456, 612, 468, 696, 552, 708, 540, 588, 600, 540, 516, 636, 720, 588, 612, 348, 564, 600, 636, 528, 732, 516, 684, 744, 696, 444, 624, 684, 504, 648, 636, 324, 684, 576, 696, 612, 516, 636, 660, 552, 504, 624, 564, 804, 432, 504, 708, 756, 720, 576, 588, 624, 996, 792, 828, 876, 708, 684, 852, 516, 792, 636, 876, 768, 732, 588, 624, 612, 624, 720, 720, 876, 576, 540, 696, 720, 504, 708, 528, 528, 600, 744, 576, 492, 540, 672, 684, 696, 708, 756, 768, 492, 492, 600, 456, 396, 600, 336, 372, 504, 456, 444, 396, 336, 276, 408, 372, 384, 264, 360, 300, 288, 120, 276, 204, 192, 228, 312, 240, 192, 120, 216, 180, 204, 240, 228, 252, 168, 204, 264, 216, 180, 156, 204, 144, 132, 180, 252, 324, 180]",44.4794153403035,11.3812343439759,15895,6894.0
4.91 4.36 8 1,"[192, 264, 180, 240, 108, 180, 228, 120, 60, 108, 120, 84, 36, 144, 96, 84, 72, 72, 156, 72, 84, 60, 96, 48, 24, 36, 0, 36, 48, 24, 36, 12, 48, 12, 0, 0, 0, 0, 36, 12, 12, 24, 12, 0, 12, 12, 60, 0, 12, 24, 24, 36, 12, 24, 12, 24, 0, 48, 36, 12, 36, 24, 24, 60, 48, 24, 48, 96, 48, 144, 96, 36, 24, 36, 108, 132, 132, 120, 132, 168, 204, 276, 168, 240, 204, 324, 204, 480, 468, 336, 528, 396, 564, 744, 660, 600, 708, 696, 432, 552, 672, 432, 672, 696, 768, 636, 636, 612, 600, 480, 468, 588, 588, 540, 480, 588, 432, 432, 660, 432, 588, 648, 504, 588, 672, 504, 444, 600, 552, 504, 528, 588, 480, 384, 648, 624, 612, 552, 648, 552, 528, 600, 564, 768, 624, 660, 636, 552, 660, 468, 660, 744, 480, 600, 792, 672, 672, 696, 768, 648, 852, 576, 516, 864, 516, 420, 612, 600, 756, 636, 576, 624, 552, 792, 624, 576, 624, 468, 432, 564, 672, 600, 552, 480, 756, 576, 600, 756, 504, 708, 720, 624, 600, 708, 732, 696, 744, 888, 768, 636, 528, 1020, 804, 660, 744, 804, 828, 708, 600, 840, 828, 672, 960, 516, 864, 648, 600, 804, 828, 660, 828, 888, 504, 900, 744, 864, 612, 792, 744, 684, 864, 972, 624, 864, 756, 600, 648, 684, 948, 780, 636, 576, 600, 732, 648, 696, 408, 444, 576, 576, 444, 492, 264, 348, 180, 420, 420, 228, 228, 228, 372, 228, 300, 228, 264, 288, 180, 276, 204, 276, 240, 216, 264, 216, 216, 180, 204, 192, 456, 228, 300, 252, 348, 252, 276, 228, 312, 252]",44.4785683027768,11.3804873332989,15894,15891.0
4.91 4.90 6 1,"[36, 12, 36, 36, 12, 12, 12, 12, 24, 0, 48, 36, 12, 12, 36, 60, 24, 0, 12, 12, 36, 24, 12, 12, 0, 12, 12, 24, 24, 0, 12, 0, 0, 12, 0, 12, 0, 0, 0, 0, 0, 0, 0, 0, 12, 12, 0, 12, 0, 12, 0, 0, 0, 12, 0, 0, 0, 0, 0, 0, 0, 0, 0, 12, 12, 12, 24, 0, 0, 0, 0, 12, 24, 24, 0, 0, 24, 24, 36, 48, 24, 72, 84, 60, 48, 84, 108, 12, 132, 168, 180, 120, 252, 168, 252, 228, 324, 288, 228, 228, 228, 192, 144, 348, 168, 216, 288, 252, 168, 156, 180, 168, 216, 264, 240, 276, 240, 168, 216, 180, 300, 168, 228, 156, 240, 180, 180, 168, 156, 216, 180, 156, 240, 144, 180, 132, 228, 144, 204, 240, 156, 180, 180, 204, 168, 180, 300, 216, 228, 276, 204, 132, 240, 180, 264, 216, 144, 204, 132, 144, 192, 156, 252, 120, 144, 168, 228, 168, 192, 180, 192, 168, 252, 192, 240, 144, 144, 276, 264, 204, 216, 144, 168, 252, 180, 120, 240, 240, 276, 168, 168, 180, 156, 156, 228, 204, 288, 264, 252, 168, 240, 228, 180, 180, 204, 168, 276, 204, 192, 276, 216, 144, 180, 276, 228, 168, 252, 216, 240, 192, 216, 192, 216, 216, 216, 240, 192, 240, 228, 300, 156, 180, 252, 156, 252, 156, 204, 156, 156, 168, 192, 204, 252, 192, 144, 168, 168, 156, 144, 192, 84, 96, 120, 84, 36, 96, 60, 84, 168, 36, 96, 84, 72, 96, 36, 108, 72, 156, 60, 60, 48, 96, 48, 36, 24, 24, 84, 72, 72, 60, 84, 48, 48, 36, 84, 48, 96, 72]",44.4768446377012,11.3829922132726,6770,6744.0
4.92 0.127 2 1,"[0, 24, 0, 24, 12, 0, 24, 24, 24, 36, 36, 12, 0, 12, 0, 24, 12, 12, 12, 0, 12, 0, 24, 12, 12, 12, 12, 0, 0, 0, 0, 0, 0, 0, 0, 0, 0, 0, 0, 0, 0, 0, 0, 12, 12, 0, 0, 12, 0, 24, 0, 0, 0, 0, 0, 12, 0, 24, 12, 12, 0, 0, 0, 12, 12, 0, 24, 24, 12, 36, 0, 12, 0, 36, 60, 24, 48, 60, 48, 48, 48, 60, 96, 84, 180, 168, 180, 156, 252, 228, 168, 180, 96, 132, 204, 132, 264, 132, 288, 300, 228, 144, 84, 240, 204, 168, 144, 168, 84, 96, 180, 228, 180, 144, 84, 168, 156, 144, 60, 120, 168, 120, 84, 60, 144, 84, 96, 228, 72, 96, 120, 132, 132, 108, 108, 120, 204, 132, 180, 96, 48, 156, 156, 228, 216, 108, 156, 60, 240, 144, 168, 144, 216, 120, 60, 240, 60, 240, 96, 132, 120, 168, 48, 96, 120, 132, 96, 180, 24, 156, 204, 132, 156, 228, 108, 60, 144, 96, 168, 216, 132, 168, 108, 72, 156, 120, 156, 192, 144, 48, 156, 132, 108, 180, 84, 264, 132, 144, 132, 120, 252, 132, 120, 204, 240, 180, 120, 96, 228, 84, 120, 132, 180, 180, 132, 204, 144, 228, 156, 144, 204, 180, 120, 264, 156, 192, 192, 180, 144, 144, 180, 120, 204, 144, 168, 156, 84, 144, 168, 204, 96, 168, 144, 156, 180, 84, 108, 120, 144, 96, 72, 84, 108, 72, 96, 96, 84, 72, 48, 24, 60, 48, 36, 72, 96, 0, 48, 60, 60, 36, 108, 48, 132, 48, 72, 48, 84, 72, 48, 24, 36, 36, 24, 48, 48, 0, 0, 24]",,,,
4.92 4.15 4 2,"[96, 36, 24, 96, 48, 36, 24, 36, 48, 0, 24, 24, 36, 24, 48, 12, 12, 24, 48, 24, 48, 12, 36, 36, 0, 36, 12, 0, 24, 12, 12, 0, 24, 0, 0, 0, 12, 12, 12, 12, 36, 0, 0, 12, 0, 0, 0, 0, 0, 12, 24, 0, 24, 12, 24, 0, 24, 0, 0, 24, 24, 24, 36, 24, 36, 24, 24, 12, 72, 48, 60, 0, 60, 24, 48, 72, 132, 84, 108, 96, 168, 84, 108, 48, 156, 60, 168, 120, 240, 240, 264, 324, 492, 600, 540, 468, 384, 660, 360, 360, 420, 456, 384, 468, 396, 456, 336, 240, 288, 264, 264, 264, 420, 204, 384, 288, 288, 276, 252, 348, 252, 252, 408, 216, 312, 192, 276, 204, 276, 252, 252, 288, 264, 216, 252, 264, 336, 252, 252, 300, 204, 252, 216, 384, 264, 132, 300, 336, 264, 300, 252, 348, 204, 336, 396, 360, 192, 276, 348, 324, 384, 192, 312, 204, 300, 252, 288, 192, 252, 396, 216, 288, 300, 288, 264, 228, 216, 348, 192, 180, 264, 168, 276, 288, 228, 204, 168, 216, 468, 264, 276, 252, 252, 288, 240, 204, 396, 312, 300, 384, 396, 492, 432, 372, 348, 288, 408, 276, 264, 420, 336, 300, 276, 288, 312, 420, 324, 240, 372, 408, 312, 240, 348, 372, 348, 288, 384, 264, 372, 324, 324, 276, 216, 264, 396, 312, 216, 240, 360, 336, 360, 288, 276, 276, 288, 288, 144, 240, 240, 204, 264, 252, 84, 168, 120, 96, 156, 84, 96, 84, 96, 132, 84, 96, 96, 108, 60, 36, 120, 132, 60, 96, 96, 72, 120, 96, 84, 96, 120, 132, 84, 72, 48, 48, 12, 60, 84, 36]",44.4832628889278,11.3719564463774,6386,6377.0
4.92 4.93 2 1,"[0, 24, 0, 24, 12, 0, 24, 24, 24, 36, 24, 12, 0, 12, 0, 24, 12, 12, 12, 0, 12, 0, 24, 0, 12, 12, 12, 0, 0, 0, 0, 0, 0, 0, 0, 0, 0, 0, 0, 0, 0, 0, 0, 12, 24, 0, 0, 0, 0, 24, 0, 0, 0, 0, 0, 12, 0, 12, 12, 12, 0, 0, 0, 12, 12, 0, 24, 24, 12, 36, 0, 12, 0, 36, 60, 36, 36, 60, 36, 36, 48, 48, 72, 84, 168, 192, 180, 192, 264, 228, 336, 324, 276, 384, 408, 480, 468, 324, 480, 492, 252, 456, 408, 324, 540, 324, 156, 396, 180, 384, 264, 240, 264, 360, 240, 288, 156, 168, 156, 240, 156, 192, 156, 72, 252, 156, 156, 204, 132, 132, 132, 180, 144, 180, 144, 120, 204, 132, 228, 216, 156, 156, 156, 240, 180, 108, 156, 144, 240, 132, 204, 120, 228, 132, 156, 228, 108, 216, 144, 192, 96, 168, 192, 144, 204, 264, 168, 180, 120, 168, 228, 192, 168, 228, 96, 108, 168, 192, 180, 216, 132, 168, 120, 108, 156, 156, 168, 240, 144, 48, 168, 144, 120, 180, 108, 288, 144, 228, 156, 144, 300, 216, 108, 192, 252, 168, 120, 96, 240, 108, 132, 132, 180, 180, 132, 240, 180, 228, 192, 144, 252, 180, 144, 276, 168, 180, 192, 192, 168, 168, 192, 120, 216, 180, 192, 168, 108, 132, 192, 204, 120, 192, 144, 180, 192, 96, 120, 144, 132, 96, 72, 72, 96, 72, 96, 108, 84, 84, 48, 24, 72, 60, 48, 60, 108, 12, 60, 72, 60, 48, 108, 48, 120, 48, 72, 72, 84, 72, 48, 48, 48, 36, 24, 48, 48, 0, 0, 36]",44.4832519955576,11.371582027537,6377,6405.0
4.93 4.16 4 1,"[0, 0, 0, 0, 0, 0, 0, 0, 0, 0, 0, 0, 0, 0, 0, 0, 0, 0, 0, 0, 0, 0, 0, 0, 0, 0, 0, 0, 0, 0, 0, 0, 0, 0, 0, 0, 0, 0, 0, 0, 0, 0, 0, 0, 0, 0, 0, 0, 0, 0, 0, 0, 0, 0, 0, 0, 0, 0, 0, 0, 0, 0, 0, 0, 0, 0, 0, 0, 0, 0, 0, 0, 0, 0, 0, 0, 0, 0, 0, 0, 0, 0, 0, 0, 0, 0, 0, 0, 0, 0, 0, 0, 0, 0, 0, 0, 0, 0, 0, 0, 0, 0, 0, 0, 0, 0, 0, 0, 0, 0, 0, 0, 0, 0, 0, 0, 0, 0, 0, 0, 0, 0, 0, 0, 0, 0, 0, 0, 0, 0, 0, 0, 0, 0, 0, 0, 0, 0, 0, 0, 0, 0, 0, 0, 0, 0, 0, 0, 0, 0, 0, 0, 0, 0, 0, 0, 0, 0, 0, 0, 0, 0, 0, 0, 0, 0, 0, 0, 0, 0, 0, 0, 0, 0, 0, 0, 0, 0, 0, 0, 0, 0, 0, 0, 0, 0, 0, 0, 0, 0, 0, 0, 0, 0, 0, 0, 0, 0, 0, 0, 0, 0, 0, 0, 0, 0, 0, 0, 0, 0, 0, 0, 0, 0, 0, 0, 0, 0, 0, 0, 0, 0, 0, 0, 0, 0, 0, 0, 0, 0, 0, 0, 0, 0, 0, 0, 0, 0, 0, 0, 0, 0, 0, 0, 0, 0, 0, 0, 0, 0, 0, 0, 0, 0, 0, 0, 0, 0, 0, 0, 0, 0, 0, 0, 0, 0, 0, 0, 0, 0, 0, 0, 0, 0, 0, 0, 0, 0, 0, 0, 0, 0, 0, 0, 0, 0, 0, 0]",44.4847008295398,11.3685452056693,6437,6436.0
4.93 4.39 8 2,"[48, 48, 24, 120, 60, 36, 24, 24, 60, 60, 36, 36, 156, 48, 24, 36, 12, 36, 36, 12, 48, 24, 48, 36, 0, 36, 12, 12, 24, 12, 24, 0, 24, 12, 0, 0, 0, 12, 0, 12, 0, 0, 12, 12, 0, 0, 0, 0, 12, 12, 12, 0, 0, 0, 0, 0, 0, 0, 0, 12, 0, 12, 24, 0, 24, 0, 24, 24, 12, 12, 0, 24, 12, 36, 24, 60, 48, 60, 0, 36, 36, 60, 48, 72, 108, 252, 144, 108, 120, 144, 180, 240, 324, 396, 264, 492, 372, 468, 372, 372, 408, 240, 240, 264, 216, 240, 192, 168, 312, 216, 240, 360, 228, 192, 204, 204, 156, 240, 180, 288, 144, 192, 144, 240, 204, 252, 168, 276, 156, 180, 180, 252, 264, 264, 144, 180, 216, 228, 216, 132, 228, 300, 276, 276, 276, 300, 348, 288, 252, 216, 312, 276, 360, 300, 276, 396, 192, 240, 360, 408, 300, 324, 192, 264, 252, 300, 504, 300, 312, 372, 252, 300, 264, 264, 204, 192, 192, 276, 216, 312, 276, 168, 240, 216, 204, 216, 156, 180, 276, 300, 204, 252, 240, 216, 288, 288, 300, 324, 192, 264, 372, 300, 264, 372, 360, 192, 300, 240, 312, 432, 420, 348, 360, 348, 300, 312, 384, 312, 360, 264, 312, 444, 396, 408, 252, 360, 276, 348, 300, 336, 360, 432, 348, 312, 288, 300, 396, 228, 420, 348, 288, 324, 336, 276, 240, 240, 300, 276, 180, 252, 108, 84, 132, 144, 120, 108, 108, 132, 156, 132, 132, 204, 120, 120, 156, 60, 84, 84, 120, 48, 108, 72, 60, 144, 108, 60, 84, 156, 72, 84, 72, 156, 36, 132, 24, 24, 60, 36]",44.4842744795473,11.368146989867,6437,6450.0
4.93 4.92 6 1,"[0, 0, 0, 0, 0, 0, 0, 0, 0, 0, 0, 0, 0, 0, 0, 0, 0, 0, 0, 0, 0, 0, 0, 0, 0, 0, 0, 0, 0, 0, 0, 0, 0, 0, 0, 0, 0, 0, 0, 0, 0, 0, 0, 0, 0, 0, 0, 0, 0, 0, 0, 0, 0, 0, 0, 0, 0, 0, 0, 0, 0, 0, 0, 0, 0, 0, 0, 0, 0, 0, 0, 0, 0, 0, 0, 0, 0, 0, 0, 0, 0, 0, 0, 0, 0, 0, 0, 0, 0, 0, 0, 0, 0, 0, 0, 0, 0, 0, 0, 0, 0, 0, 0, 0, 0, 0, 0, 0, 0, 0, 0, 0, 0, 0, 0, 0, 0, 0, 0, 0, 0, 0, 0, 0, 0, 0, 0, 0, 0, 0, 0, 0, 0, 0, 0, 0, 0, 0, 0, 0, 0, 0, 0, 0, 0, 0, 0, 0, 0, 0, 0, 0, 0, 0, 0, 0, 0, 0, 0, 0, 0, 0, 0, 0, 0, 0, 0, 0, 0, 0, 0, 0, 0, 0, 0, 0, 0, 0, 0, 0, 0, 0, 0, 0, 0, 0, 0, 0, 0, 0, 0, 0, 0, 0, 0, 0, 0, 0, 0, 0, 0, 0, 0, 0, 0, 0, 0, 0, 0, 0, 0, 0, 0, 0, 0, 0, 0, 0, 0, 0, 0, 0, 0, 0, 0, 0, 0, 0, 0, 0, 0, 0, 0, 0, 0, 0, 0, 0, 0, 0, 0, 0, 0, 0, 0, 0, 0, 0, 0, 0, 0, 0, 0, 0, 0, 0, 0, 0, 0, 0, 0, 0, 0, 0, 0, 0, 0, 0, 0, 0, 0, 0, 0, 0, 0, 0, 0, 0, 0, 0, 0, 0, 0, 0, 0, 0, 0, 0]",44.4843292671686,11.3685493809408,6437,6405.0
4.93 4.94 2 1,"[60, 36, 48, 24, 48, 36, 12, 60, 36, 12, 0, 24, 36, 12, 0, 12, 60, 12, 12, 12, 0, 24, 24, 0, 12, 24, 12, 36, 0, 0, 0, 0, 0, 12, 0, 12, 0, 0, 0, 0, 12, 12, 12, 12, 24, 0, 0, 12, 0, 24, 0, 0, 0, 0, 0, 24, 24, 12, 0, 24, 12, 0, 0, 48, 12, 24, 12, 12, 12, 48, 24, 24, 0, 48, 60, 60, 60, 60, 72, 60, 144, 84, 108, 144, 144, 240, 264, 300, 324, 264, 480, 564, 540, 468, 564, 576, 588, 528, 624, 528, 600, 528, 600, 528, 648, 576, 444, 468, 324, 552, 324, 432, 324, 300, 384, 276, 264, 192, 300, 300, 156, 216, 288, 144, 288, 216, 264, 324, 192, 276, 156, 348, 252, 264, 312, 288, 348, 240, 228, 264, 288, 252, 228, 300, 204, 204, 288, 228, 360, 228, 240, 300, 276, 240, 228, 336, 264, 264, 384, 312, 372, 204, 204, 252, 252, 336, 192, 312, 252, 228, 324, 252, 240, 252, 168, 264, 288, 264, 192, 228, 360, 240, 192, 240, 228, 156, 264, 252, 276, 168, 204, 276, 192, 204, 264, 252, 288, 360, 360, 180, 300, 300, 288, 360, 324, 300, 384, 300, 312, 204, 288, 348, 228, 408, 276, 264, 300, 216, 360, 264, 372, 192, 228, 312, 324, 300, 396, 288, 276, 264, 228, 252, 228, 276, 312, 324, 372, 264, 288, 228, 300, 288, 240, 228, 264, 276, 156, 144, 252, 276, 96, 84, 132, 192, 132, 96, 108, 156, 132, 96, 108, 144, 48, 96, 144, 60, 84, 144, 96, 84, 144, 132, 144, 48, 120, 72, 96, 120, 48, 84, 84, 84, 48, 96, 60, 48, 36, 120]",44.4845847860172,11.3680495585809,6437,6446.0
4.94 4.17 4 1,"[48, 48, 84, 84, 84, 72, 36, 36, 36, 60, 36, 24, 36, 36, 60, 24, 12, 0, 48, 12, 36, 24, 0, 12, 0, 12, 48, 0, 0, 36, 12, 0, 12, 0, 0, 12, 0, 12, 0, 0, 0, 0, 0, 0, 0, 12, 0, 12, 12, 12, 0, 0, 0, 12, 12, 12, 12, 12, 0, 12, 0, 0, 0, 0, 12, 12, 36, 12, 48, 48, 48, 24, 12, 36, 24, 60, 72, 108, 60, 132, 60, 108, 228, 216, 216, 240, 264, 528, 396, 408, 432, 528, 564, 588, 540, 552, 636, 576, 672, 564, 612, 408, 408, 504, 540, 468, 516, 588, 504, 480, 408, 360, 384, 540, 456, 384, 396, 396, 252, 252, 264, 360, 348, 252, 348, 288, 312, 396, 360, 276, 228, 348, 288, 276, 456, 300, 288, 300, 264, 408, 324, 336, 312, 324, 288, 324, 480, 444, 480, 264, 324, 312, 372, 264, 300, 192, 336, 420, 516, 324, 408, 300, 372, 288, 288, 276, 324, 300, 336, 276, 396, 480, 396, 300, 288, 276, 252, 288, 336, 312, 312, 300, 288, 336, 384, 144, 312, 396, 336, 252, 240, 384, 348, 432, 336, 264, 444, 252, 264, 444, 420, 456, 396, 384, 336, 396, 444, 564, 444, 420, 264, 528, 396, 504, 348, 444, 408, 348, 384, 432, 348, 468, 336, 396, 408, 348, 264, 312, 312, 240, 396, 240, 312, 264, 372, 240, 336, 444, 420, 276, 252, 444, 192, 408, 300, 276, 216, 240, 252, 240, 84, 204, 72, 180, 84, 132, 144, 96, 120, 156, 132, 96, 72, 120, 156, 96, 72, 120, 60, 36, 132, 96, 120, 96, 120, 72, 120, 60, 96, 72, 108, 72, 72, 132, 132, 132, 96, 84]",44.4856625065948,11.3657667490997,6369,6435.0
4.94 4.40 8 1,"[60, 120, 108, 60, 48, 108, 48, 84, 24, 48, 0, 12, 24, 36, 0, 24, 24, 0, 24, 24, 24, 36, 0, 12, 0, 0, 12, 0, 0, 12, 12, 0, 0, 12, 12, 0, 0, 0, 12, 24, 24, 24, 0, 0, 0, 48, 12, 0, 0, 0, 0, 0, 0, 0, 0, 0, 0, 12, 0, 12, 0, 0, 12, 24, 0, 0, 12, 0, 60, 12, 12, 12, 84, 0, 12, 24, 24, 84, 48, 132, 108, 72, 96, 60, 72, 144, 96, 168, 144, 228, 216, 228, 348, 396, 372, 204, 396, 384, 288, 324, 384, 324, 300, 348, 468, 432, 372, 444, 312, 492, 348, 408, 336, 324, 300, 384, 252, 300, 300, 180, 276, 276, 228, 180, 204, 300, 360, 264, 144, 228, 288, 408, 288, 276, 288, 264, 432, 396, 300, 336, 324, 288, 216, 372, 396, 360, 396, 360, 240, 264, 312, 252, 300, 372, 168, 312, 156, 276, 396, 432, 408, 396, 276, 348, 324, 348, 348, 276, 240, 276, 204, 396, 456, 360, 204, 216, 312, 228, 324, 324, 336, 276, 396, 324, 216, 204, 204, 252, 312, 348, 252, 192, 300, 264, 300, 312, 228, 372, 324, 276, 276, 312, 336, 264, 300, 216, 336, 252, 384, 312, 444, 360, 288, 300, 288, 420, 336, 312, 420, 420, 432, 324, 312, 372, 420, 324, 336, 300, 384, 300, 396, 384, 324, 420, 324, 276, 396, 288, 300, 240, 252, 324, 288, 228, 192, 204, 120, 120, 204, 168, 120, 60, 132, 96, 144, 96, 132, 60, 96, 120, 84, 84, 96, 156, 84, 60, 72, 72, 132, 132, 120, 156, 48, 96, 72, 108, 24, 192, 72, 72, 108, 108, 120, 96, 156, 96, 72, 96]",44.4854154149198,11.365501007835,6369,6448.0
4.94 4.93 6 1,"[108, 72, 108, 120, 60, 108, 84, 60, 24, 24, 60, 24, 72, 24, 36, 12, 24, 0, 24, 0, 0, 0, 12, 12, 0, 0, 24, 0, 12, 12, 0, 12, 0, 0, 12, 0, 0, 0, 0, 24, 0, 0, 12, 24, 0, 0, 0, 0, 0, 24, 12, 0, 0, 0, 12, 0, 0, 24, 0, 0, 12, 0, 12, 12, 0, 24, 12, 12, 48, 12, 24, 36, 12, 12, 24, 24, 12, 0, 24, 48, 72, 36, 96, 72, 108, 48, 132, 72, 156, 288, 192, 192, 324, 300, 456, 420, 360, 276, 324, 408, 300, 240, 240, 372, 360, 468, 324, 228, 264, 348, 288, 348, 384, 276, 300, 312, 336, 216, 228, 132, 228, 276, 264, 168, 324, 192, 276, 204, 300, 276, 192, 228, 252, 360, 96, 252, 276, 252, 252, 204, 240, 240, 300, 336, 240, 264, 276, 324, 312, 444, 240, 372, 372, 468, 348, 264, 264, 360, 384, 432, 372, 240, 300, 348, 216, 216, 324, 252, 372, 300, 432, 300, 408, 324, 348, 240, 300, 312, 240, 360, 276, 300, 204, 336, 300, 276, 264, 324, 252, 276, 240, 348, 264, 360, 252, 264, 276, 516, 360, 312, 420, 540, 468, 432, 348, 264, 264, 300, 420, 480, 336, 336, 324, 300, 372, 444, 336, 408, 300, 420, 360, 396, 396, 396, 252, 492, 288, 444, 396, 348, 408, 456, 420, 444, 324, 384, 336, 372, 228, 288, 312, 240, 336, 180, 228, 228, 252, 132, 144, 264, 84, 132, 96, 108, 96, 96, 108, 96, 96, 72, 72, 36, 108, 120, 132, 144, 96, 60, 168, 108, 48, 48, 60, 72, 108, 36, 48, 84, 84, 108, 120, 120, 96, 48, 72, 72, 120, 132]",44.4853178630729,11.3658890908672,6369,6446.0
4.94 4.95 2 1,"[96, 60, 60, 60, 72, 48, 60, 84, 48, 24, 72, 12, 60, 24, 24, 24, 36, 12, 12, 24, 0, 24, 36, 0, 24, 24, 12, 12, 0, 0, 0, 0, 0, 0, 12, 0, 0, 12, 0, 0, 12, 12, 12, 24, 0, 12, 0, 0, 0, 12, 12, 0, 0, 0, 0, 12, 36, 12, 24, 12, 12, 0, 12, 48, 24, 36, 0, 0, 48, 60, 12, 72, 0, 60, 168, 84, 108, 120, 120, 84, 132, 84, 132, 108, 168, 276, 312, 336, 384, 264, 444, 516, 576, 516, 624, 576, 516, 624, 540, 612, 744, 600, 768, 600, 552, 696, 660, 528, 468, 576, 588, 408, 408, 396, 456, 384, 384, 240, 372, 312, 300, 348, 408, 216, 300, 204, 252, 396, 288, 360, 204, 324, 264, 372, 324, 336, 468, 228, 276, 348, 360, 384, 300, 360, 408, 240, 312, 360, 336, 336, 288, 396, 324, 348, 432, 372, 336, 324, 408, 360, 336, 360, 264, 336, 276, 372, 312, 300, 420, 240, 324, 300, 252, 348, 300, 336, 420, 360, 300, 228, 396, 348, 276, 240, 240, 240, 372, 348, 432, 216, 264, 384, 228, 264, 348, 432, 384, 420, 384, 372, 408, 432, 432, 384, 396, 312, 444, 312, 312, 312, 300, 360, 384, 456, 396, 372, 360, 324, 420, 384, 492, 348, 276, 396, 432, 492, 432, 384, 504, 456, 252, 528, 336, 264, 504, 384, 336, 336, 324, 348, 240, 360, 300, 348, 276, 324, 300, 180, 216, 420, 180, 168, 156, 312, 156, 144, 144, 192, 156, 132, 132, 216, 168, 156, 156, 84, 132, 168, 180, 144, 192, 156, 192, 120, 192, 108, 120, 204, 72, 180, 108, 48, 72, 132, 108, 60, 120, 132]",44.4856118251356,11.3653249692417,6369,6367.0
4.95 4.18 4 1,"[24, 24, 48, 36, 36, 24, 0, 60, 24, 12, 12, 36, 24, 12, 24, 12, 24, 12, 0, 0, 12, 0, 0, 0, 24, 12, 0, 0, 12, 12, 12, 0, 0, 0, 0, 0, 0, 0, 0, 0, 12, 0, 0, 0, 0, 0, 0, 0, 0, 0, 0, 0, 0, 0, 0, 12, 12, 0, 0, 0, 0, 12, 12, 48, 36, 24, 0, 0, 12, 24, 24, 24, 36, 24, 72, 48, 12, 72, 60, 60, 132, 84, 24, 48, 72, 108, 120, 84, 132, 192, 240, 216, 240, 228, 228, 348, 156, 264, 228, 264, 252, 264, 276, 252, 288, 204, 216, 264, 324, 300, 252, 240, 228, 228, 252, 264, 276, 228, 144, 312, 276, 324, 216, 180, 144, 192, 144, 192, 180, 192, 264, 192, 180, 156, 216, 204, 252, 216, 264, 252, 192, 276, 264, 228, 276, 240, 276, 204, 192, 276, 168, 168, 168, 168, 240, 240, 132, 168, 144, 228, 108, 204, 252, 216, 180, 240, 120, 156, 144, 132, 132, 192, 144, 204, 204, 240, 216, 240, 120, 192, 108, 144, 252, 132, 192, 216, 180, 216, 192, 144, 180, 252, 180, 324, 204, 120, 168, 204, 204, 276, 204, 240, 252, 156, 336, 228, 228, 276, 204, 132, 264, 228, 264, 180, 276, 240, 228, 228, 192, 240, 192, 180, 168, 60, 156, 204, 168, 204, 216, 228, 168, 252, 168, 120, 192, 96, 156, 252, 144, 144, 132, 168, 84, 204, 108, 120, 108, 84, 132, 108, 72, 48, 36, 168, 72, 96, 48, 36, 120, 48, 120, 120, 132, 72, 60, 60, 84, 72, 36, 36, 72, 132, 48, 48, 36, 36, 48, 60, 60, 48, 96, 48, 12, 60, 36, 36, 72, 108]",44.4872279237758,11.3618591024157,6363,6374.0
4.95 4.43 2 1,"[156, 120, 84, 132, 72, 84, 96, 72, 72, 36, 108, 36, 72, 24, 36, 36, 12, 48, 12, 24, 36, 24, 72, 12, 36, 24, 12, 12, 0, 0, 0, 12, 12, 0, 12, 0, 12, 12, 0, 0, 12, 12, 24, 36, 24, 12, 12, 12, 12, 12, 12, 0, 12, 0, 0, 0, 24, 12, 24, 36, 24, 24, 24, 48, 60, 96, 60, 24, 84, 72, 84, 156, 108, 144, 168, 216, 192, 204, 216, 288, 252, 228, 300, 192, 372, 528, 624, 516, 552, 588, 756, 864, 1104, 1140, 936, 984, 900, 1044, 1032, 972, 1104, 1104, 1236, 1104, 1104, 1212, 1140, 984, 828, 756, 1116, 876, 876, 876, 696, 732, 624, 660, 708, 600, 660, 480, 660, 660, 864, 612, 636, 624, 516, 576, 516, 576, 552, 660, 456, 624, 744, 588, 600, 492, 564, 648, 516, 660, 612, 600, 648, 552, 528, 516, 576, 720, 792, 720, 552, 792, 684, 624, 588, 612, 540, 408, 612, 540, 444, 600, 516, 516, 660, 504, 684, 516, 624, 684, 540, 468, 624, 588, 636, 540, 648, 588, 540, 504, 516, 468, 588, 624, 732, 540, 528, 576, 456, 600, 576, 672, 660, 624, 600, 564, 804, 528, 660, 660, 600, 552, 684, 588, 552, 588, 564, 660, 672, 660, 576, 552, 648, 624, 708, 636, 660, 648, 720, 756, 732, 744, 804, 588, 732, 732, 468, 600, 600, 432, 780, 672, 636, 480, 564, 528, 624, 516, 552, 516, 468, 504, 480, 444, 384, 480, 372, 384, 276, 444, 276, 324, 240, 276, 180, 252, 204, 288, 324, 252, 240, 168, 240, 324, 240, 180, 228, 252, 264, 204, 192, 168, 180, 228, 132, 216, 192, 180, 108, 168, 204, 96, 180, 228]",44.4872267306038,11.3613621979951,6363,6370.0
4.95 4.94 6 1,"[144, 132, 84, 204, 72, 108, 84, 96, 60, 24, 48, 60, 72, 36, 36, 36, 12, 0, 12, 0, 84, 12, 12, 12, 12, 0, 24, 0, 0, 24, 0, 24, 0, 12, 0, 0, 12, 0, 12, 12, 0, 24, 0, 12, 12, 36, 0, 0, 0, 24, 12, 0, 0, 0, 12, 0, 12, 12, 0, 12, 12, 24, 36, 12, 48, 96, 60, 36, 96, 24, 132, 84, 144, 84, 60, 120, 108, 132, 156, 132, 180, 204, 264, 120, 264, 228, 396, 252, 408, 468, 432, 624, 708, 756, 672, 732, 732, 612, 708, 780, 540, 588, 564, 756, 876, 732, 600, 636, 660, 732, 756, 612, 780, 420, 648, 480, 492, 432, 468, 372, 360, 480, 444, 408, 552, 600, 648, 432, 372, 492, 468, 468, 540, 516, 408, 528, 516, 480, 504, 456, 612, 420, 504, 480, 492, 612, 576, 564, 432, 516, 480, 552, 600, 684, 456, 456, 396, 636, 600, 516, 444, 396, 564, 492, 372, 648, 516, 528, 552, 384, 576, 588, 576, 612, 528, 492, 540, 420, 444, 528, 480, 492, 468, 480, 528, 468, 576, 600, 492, 420, 492, 516, 564, 588, 504, 408, 624, 600, 444, 492, 696, 528, 564, 492, 420, 492, 504, 600, 732, 516, 540, 576, 636, 528, 612, 576, 696, 516, 564, 600, 456, 576, 660, 660, 432, 576, 588, 480, 492, 696, 636, 612, 456, 480, 588, 672, 516, 372, 348, 492, 360, 420, 324, 336, 384, 336, 444, 288, 372, 348, 228, 276, 132, 312, 204, 144, 144, 72, 144, 108, 156, 132, 156, 228, 216, 96, 228, 132, 216, 132, 168, 144, 72, 204, 96, 48, 120, 144, 156, 228, 228, 132, 96, 120, 60, 84, 180, 132]",44.4868432793297,11.3621500984113,6363,16331.0
4.96 4.92 4 1,"[60, 24, 48, 48, 96, 60, 36, 48, 48, 24, 12, 60, 24, 36, 48, 12, 12, 72, 12, 12, 60, 36, 36, 24, 0, 24, 24, 12, 0, 24, 0, 0, 0, 0, 0, 12, 12, 0, 12, 12, 12, 0, 0, 24, 12, 0, 0, 0, 12, 12, 12, 0, 12, 24, 0, 0, 12, 12, 24, 12, 0, 12, 24, 0, 24, 0, 24, 12, 12, 12, 24, 0, 60, 12, 36, 48, 72, 48, 60, 60, 84, 84, 96, 72, 276, 240, 180, 180, 276, 288, 312, 372, 552, 576, 636, 432, 348, 672, 396, 480, 432, 588, 600, 540, 456, 552, 372, 312, 324, 336, 288, 348, 420, 228, 396, 312, 372, 240, 216, 312, 324, 192, 348, 192, 252, 192, 264, 312, 312, 288, 300, 324, 264, 216, 228, 324, 288, 276, 312, 180, 192, 204, 216, 264, 252, 204, 252, 312, 240, 300, 288, 276, 228, 240, 372, 288, 348, 444, 336, 300, 288, 240, 372, 204, 276, 240, 204, 264, 288, 432, 264, 300, 360, 312, 228, 192, 216, 348, 252, 276, 228, 168, 264, 300, 288, 252, 108, 264, 336, 240, 276, 336, 252, 276, 240, 252, 360, 324, 300, 396, 432, 492, 312, 372, 408, 360, 384, 312, 372, 288, 348, 312, 300, 252, 384, 456, 324, 336, 372, 312, 264, 216, 324, 336, 360, 312, 336, 312, 312, 384, 216, 300, 204, 276, 240, 300, 276, 264, 384, 336, 276, 228, 216, 288, 324, 336, 264, 252, 240, 180, 240, 192, 108, 156, 132, 168, 180, 120, 144, 84, 144, 168, 108, 144, 132, 108, 84, 60, 48, 180, 120, 84, 120, 120, 132, 84, 96, 108, 156, 120, 96, 72, 96, 84, 36, 36, 96, 60]",44.4829011144397,11.371762568121,6404,6377.0
4.98 0.127 4 1,"[60, 36, 36, 60, 12, 60, 36, 36, 36, 24, 36, 12, 12, 0, 0, 0, 12, 12, 24, 0, 0, 0, 12, 0, 12, 0, 0, 0, 0, 12, 0, 0, 0, 12, 0, 0, 0, 24, 0, 0, 0, 12, 0, 0, 12, 12, 0, 0, 0, 0, 12, 0, 0, 12, 12, 12, 12, 0, 12, 12, 12, 0, 24, 48, 36, 36, 24, 24, 0, 0, 24, 36, 48, 48, 60, 12, 84, 84, 60, 36, 36, 60, 96, 72, 36, 132, 60, 120, 108, 96, 144, 228, 204, 264, 456, 324, 324, 372, 252, 228, 324, 144, 180, 324, 228, 240, 228, 288, 276, 204, 276, 252, 192, 204, 228, 216, 240, 144, 168, 156, 180, 252, 276, 240, 156, 228, 132, 120, 300, 192, 144, 144, 204, 216, 228, 252, 276, 192, 276, 276, 288, 192, 240, 180, 192, 228, 288, 168, 228, 324, 240, 216, 228, 348, 336, 192, 144, 228, 300, 252, 240, 228, 300, 240, 288, 156, 204, 216, 396, 216, 276, 288, 252, 108, 252, 180, 240, 228, 252, 216, 192, 264, 192, 120, 240, 240, 204, 204, 168, 300, 300, 264, 312, 216, 324, 240, 216, 288, 276, 384, 276, 336, 372, 312, 264, 372, 420, 288, 360, 468, 372, 312, 288, 360, 528, 504, 336, 300, 360, 276, 324, 408, 348, 468, 312, 372, 384, 228, 312, 360, 396, 240, 360, 276, 252, 240, 288, 312, 144, 192, 240, 204, 156, 228, 84, 156, 180, 108, 216, 48, 84, 96, 84, 96, 72, 72, 48, 132, 108, 156, 84, 84, 48, 72, 84, 72, 48, 120, 48, 132, 84, 36, 36, 72, 36, 36, 72, 48, 60, 60, 48, 36, 108, 60, 48, 24, 60, 48]",44.4693478190501,11.3850649221279,6672,6650.0
4.98 0.127 6 1,"[60, 12, 36, 108, 36, 60, 84, 24, 60, 84, 60, 72, 12, 12, 12, 48, 48, 36, 0, 12, 12, 36, 36, 24, 12, 12, 12, 0, 0, 0, 0, 24, 0, 0, 0, 12, 0, 24, 12, 12, 0, 12, 0, 0, 12, 12, 12, 24, 0, 36, 12, 0, 24, 24, 0, 36, 36, 0, 12, 48, 36, 24, 48, 24, 132, 24, 72, 120, 84, 108, 72, 36, 72, 156, 156, 96, 120, 168, 204, 204, 312, 324, 240, 240, 372, 480, 408, 588, 624, 576, 708, 984, 924, 1032, 1092, 996, 864, 888, 972, 1020, 684, 792, 624, 888, 792, 660, 720, 588, 828, 492, 588, 660, 504, 372, 420, 432, 660, 552, 528, 468, 480, 528, 540, 432, 396, 564, 540, 444, 360, 444, 528, 480, 516, 348, 432, 372, 492, 504, 492, 480, 408, 492, 348, 576, 300, 480, 468, 408, 624, 372, 300, 384, 396, 384, 456, 444, 444, 492, 492, 336, 420, 360, 264, 456, 492, 456, 612, 720, 756, 540, 468, 516, 408, 252, 504, 444, 456, 576, 384, 288, 480, 408, 528, 432, 300, 420, 348, 468, 408, 396, 300, 540, 564, 456, 672, 624, 492, 492, 468, 468, 648, 660, 636, 660, 468, 516, 540, 720, 552, 348, 528, 588, 504, 480, 468, 564, 540, 396, 528, 420, 516, 456, 336, 384, 648, 324, 492, 504, 384, 516, 372, 360, 372, 384, 552, 288, 504, 456, 432, 432, 288, 408, 420, 204, 372, 336, 288, 264, 312, 168, 216, 228, 216, 120, 312, 204, 168, 156, 204, 180, 180, 84, 108, 228, 144, 96, 156, 72, 204, 84, 132, 108, 156, 168, 60, 132, 108, 60, 108, 156, 108, 132, 96, 144, 144, 48, 144, 72]",44.4693967343944,11.385480982166,6672,6716.0
4.98 0.127 8 1,"[0, 12, 0, 12, 0, 12, 0, 0, 0, 0, 0, 12, 0, 0, 0, 12, 0, 0, 0, 0, 0, 0, 0, 0, 0, 0, 0, 0, 0, 0, 0, 0, 0, 0, 0, 0, 0, 0, 0, 0, 0, 0, 0, 0, 0, 0, 0, 0, 0, 0, 0, 0, 0, 0, 0, 0, 0, 0, 0, 0, 0, 0, 0, 0, 0, 0, 0, 0, 0, 0, 12, 0, 0, 0, 0, 0, 0, 12, 0, 0, 0, 0, 12, 12, 24, 0, 12, 36, 12, 24, 36, 36, 36, 72, 72, 60, 48, 60, 36, 12, 0, 12, 36, 0, 48, 60, 12, 24, 12, 60, 36, 12, 36, 48, 24, 12, 12, 24, 36, 36, 24, 24, 36, 72, 36, 12, 48, 12, 36, 24, 72, 24, 12, 12, 24, 24, 24, 24, 24, 48, 0, 24, 24, 24, 36, 36, 60, 24, 24, 12, 24, 36, 48, 72, 36, 48, 24, 24, 96, 24, 72, 60, 0, 24, 48, 36, 24, 120, 96, 36, 48, 36, 36, 24, 12, 12, 36, 0, 36, 24, 12, 12, 48, 36, 24, 60, 24, 48, 12, 24, 60, 24, 12, 48, 36, 72, 48, 84, 24, 24, 192, 132, 72, 96, 96, 72, 60, 24, 48, 60, 60, 72, 36, 96, 72, 48, 96, 36, 36, 60, 48, 36, 132, 72, 60, 36, 84, 48, 24, 0, 24, 24, 0, 36, 36, 36, 12, 24, 12, 48, 12, 24, 36, 36, 24, 36, 12, 36, 24, 12, 24, 24, 12, 12, 0, 0, 0, 12, 24, 0, 0, 0, 0, 12, 12, 12, 12, 0, 0, 12, 0, 0, 12, 12, 12, 24, 12, 0, 12, 0, 0, 0, 0, 0, 24, 0, 0, 0]",44.469065830958,11.3856143249703,6672,6671.0
4.98 4.98 3 1,"[36, 48, 84, 24, 12, 24, 24, 0, 48, 36, 24, 24, 0, 36, 48, 36, 12, 0, 24, 0, 12, 24, 0, 0, 24, 0, 12, 24, 0, 36, 0, 0, 12, 0, 12, 0, 0, 12, 0, 0, 0, 0, 0, 12, 0, 0, 0, 0, 12, 0, 12, 0, 0, 0, 0, 0, 0, 24, 12, 12, 12, 0, 24, 36, 12, 12, 48, 24, 36, 36, 12, 48, 24, 48, 24, 36, 48, 36, 60, 108, 60, 24, 72, 120, 72, 60, 120, 132, 84, 156, 156, 216, 192, 408, 396, 276, 168, 180, 168, 264, 204, 156, 228, 132, 156, 180, 192, 192, 240, 216, 96, 168, 132, 120, 228, 132, 84, 144, 168, 180, 156, 156, 132, 132, 180, 216, 180, 108, 168, 204, 144, 204, 180, 168, 216, 120, 216, 156, 168, 180, 216, 132, 108, 264, 204, 168, 192, 168, 168, 216, 156, 168, 156, 144, 300, 180, 156, 228, 144, 132, 180, 228, 156, 156, 204, 276, 228, 192, 384, 156, 228, 228, 204, 156, 144, 72, 144, 216, 156, 168, 156, 156, 216, 156, 180, 120, 168, 96, 204, 204, 288, 204, 144, 252, 204, 264, 432, 180, 192, 144, 192, 228, 252, 264, 288, 276, 216, 276, 204, 168, 264, 300, 264, 300, 252, 144, 360, 264, 264, 408, 264, 216, 288, 288, 240, 288, 240, 276, 240, 192, 228, 192, 132, 216, 264, 192, 156, 168, 216, 192, 168, 144, 192, 204, 132, 108, 108, 132, 60, 60, 96, 120, 132, 84, 120, 84, 60, 60, 96, 24, 24, 36, 60, 72, 72, 72, 24, 72, 60, 84, 36, 48, 84, 24, 132, 60, 96, 72, 48, 48, 24, 24, 12, 72, 36, 84, 36, 36]",44.4689700816957,11.3852604232066,6672,6639.0
4.98 4.98 5 1,"[24, 0, 24, 84, 12, 0, 48, 24, 36, 36, 60, 0, 0, 0, 0, 24, 36, 12, 12, 0, 0, 24, 0, 24, 0, 12, 12, 12, 0, 0, 0, 24, 0, 0, 0, 24, 0, 0, 12, 12, 0, 0, 0, 0, 0, 0, 12, 12, 0, 12, 12, 0, 0, 0, 12, 12, 12, 0, 24, 12, 0, 12, 24, 36, 48, 12, 12, 36, 84, 24, 60, 24, 48, 48, 72, 72, 36, 48, 60, 84, 84, 144, 96, 120, 144, 180, 120, 348, 240, 216, 192, 264, 516, 528, 540, 360, 360, 348, 492, 396, 300, 348, 384, 600, 312, 300, 372, 288, 264, 276, 216, 264, 144, 180, 156, 192, 168, 228, 192, 300, 144, 180, 228, 192, 180, 240, 156, 228, 240, 192, 192, 228, 288, 48, 192, 156, 204, 156, 192, 216, 192, 168, 192, 192, 156, 132, 228, 192, 156, 204, 108, 156, 168, 204, 204, 96, 264, 312, 216, 132, 180, 144, 240, 252, 216, 144, 204, 240, 228, 216, 228, 228, 204, 108, 264, 144, 204, 72, 120, 132, 156, 192, 120, 192, 204, 204, 168, 276, 192, 192, 192, 168, 408, 204, 300, 204, 156, 120, 240, 336, 372, 336, 252, 288, 240, 240, 168, 288, 204, 132, 276, 240, 252, 228, 240, 228, 192, 156, 156, 180, 228, 60, 156, 156, 228, 156, 144, 168, 180, 144, 96, 180, 276, 132, 240, 60, 192, 204, 180, 132, 204, 132, 132, 132, 168, 168, 108, 132, 132, 96, 84, 192, 132, 96, 120, 96, 120, 72, 60, 72, 48, 84, 12, 120, 48, 48, 72, 60, 84, 60, 48, 72, 84, 12, 24, 84, 24, 36, 60, 60, 60, 0, 36, 72, 36, 12, 36, 24]",44.4680551790822,11.3850945262641,6638,6639.0
